# power spectrum of hij
# redshift z=48.519783
# k              Pk             sigma(k)       sigma(Pk)      count
  1.963495e-02   2.059413e-19   0.000000e+00   7.055297e-20   6
  2.776802e-02   1.175619e-19   0.000000e+00   1.195293e-20   12
  3.400874e-02   1.396292e-19   3.725290e-10   4.288832e-20   8
  3.926991e-02   4.146447e-20   0.000000e+00   1.080196e-21   6
  4.390509e-02   6.343910e-20   7.024475e-10   1.036506e-20   24
  4.809562e-02   4.085411e-20   7.024475e-10   7.061636e-21   24
  5.553604e-02   2.671100e-20   0.000000e+00   5.199996e-21   12
  5.890486e-02   2.208614e-20   7.947286e-10   2.516866e-21   30
  6.209118e-02   1.551226e-20   0.000000e+00   1.661513e-21   24
  6.512178e-02   9.891115e-21   1.216675e-09   1.158045e-21   24
  6.801748e-02   1.175391e-20   7.450581e-10   2.012671e-21   8
  7.079483e-02   1.417675e-20   9.934107e-10   1.475518e-21   24
  7.346727e-02   9.949695e-21   0.000000e+00   7.296928e-22   48
  7.853982e-02   7.106031e-21   0.000000e+00   1.192050e-21   6
  8.095699e-02   6.434944e-21   9.934107e-10   5.834494e-22   48
  8.330406e-02   9.241391e-21   9.365966e-10   8.731343e-22   36
  8.558678e-02   7.603697e-21   9.934107e-10   6.919929e-22   24
  8.781018e-02   4.349050e-21   1.404895e-09   5.126574e-22   24
  8.997866e-02   4.970625e-21   0.000000e+00   5.204249e-22   48
  9.209610e-02   2.396897e-21   1.404895e-09   1.623987e-22   24
  9.619124e-02   3.607293e-21   1.404895e-09   5.279144e-22   24
  9.817477e-02   2.833544e-21   0.000000e+00   3.252381e-22   30
  1.001190e-01   3.073739e-21   0.000000e+00   2.837120e-22   72
  1.020262e-01   2.952668e-21   1.490116e-09   4.609624e-22   32
  1.057375e-01   2.660149e-21   0.000000e+00   2.173362e-22   72
  1.075451e-01   2.264512e-21   0.000000e+00   2.045441e-22   48
  1.110721e-01   2.147854e-21   0.000000e+00   3.984933e-22   12
  1.127942e-01   1.407087e-21   0.000000e+00   1.171992e-22   48
  1.144905e-01   1.097991e-21   0.000000e+00   1.160426e-22   48
  1.161620e-01   1.365135e-21   1.404895e-09   1.270279e-22   48
  1.178097e-01   1.758833e-21   1.589457e-09   4.290384e-22   30
  1.194348e-01   1.432732e-21   0.000000e+00   2.766866e-22   24
  1.210380e-01   1.361830e-21   2.961779e-09   1.074735e-22   72
  1.241824e-01   1.115384e-21   0.000000e+00   1.400371e-22   24
  1.257251e-01   9.996681e-22   0.000000e+00   7.696480e-23   96
  1.272490e-01   7.873912e-22   0.000000e+00   6.421179e-23   48
  1.287550e-01   9.446887e-22   2.433349e-09   1.314209e-22   24
  1.302436e-01   6.867445e-22   2.433349e-09   1.204274e-22   24
  1.317153e-01   7.796736e-22   0.000000e+00   5.632029e-23   72
  1.331707e-01   6.002913e-22   0.000000e+00   4.674928e-23   48
  1.360350e-01   6.985533e-22   1.490116e-09   1.663619e-22   8
  1.374447e-01   5.464544e-22   1.766064e-09   5.077633e-23   54
  1.388401e-01   5.839888e-22   0.000000e+00   5.280180e-23   84
  1.402216e-01   6.509701e-22   0.000000e+00   7.607633e-23   48
  1.415897e-01   7.600733e-22   1.986821e-09   9.285182e-23   24
  1.429446e-01   5.296874e-22   2.649095e-09   3.652215e-23   72
  1.442869e-01   5.350754e-22   0.000000e+00   3.642950e-23   96
  1.469345e-01   4.041696e-22   0.000000e+00   4.194520e-23   48
  1.482407e-01   3.814648e-22   0.000000e+00   3.000359e-23   48
  1.495354e-01   5.249916e-22   0.000000e+00   6.271682e-23   24
  1.508189e-01   3.617307e-22   0.000000e+00   2.791073e-23   72
  1.533539e-01   3.287295e-22   0.000000e+00   2.625106e-23   72
  1.546058e-01   3.995512e-22   0.000000e+00   2.478977e-23   96
  1.570796e-01   2.746234e-22   0.000000e+00   7.667689e-23   6
  1.583021e-01   3.806539e-22   0.000000e+00   2.778332e-23   96
  1.595151e-01   3.388916e-22   1.986821e-09   2.449411e-23   96
  1.607190e-01   2.308654e-22   0.000000e+00   2.858099e-23   24
  1.619140e-01   3.817596e-22   1.986821e-09   2.814014e-23   48
  1.631002e-01   3.282317e-22   0.000000e+00   2.254211e-23   96
  1.642778e-01   2.337263e-22   0.000000e+00   2.018492e-23   48
  1.666081e-01   2.767731e-22   1.873193e-09   3.036955e-23   36
  1.677611e-01   2.165685e-22   3.441276e-09   2.771698e-23   48
  1.689063e-01   2.050189e-22   3.893359e-09   1.377348e-23   120
  1.700437e-01   2.256070e-22   0.000000e+00   2.392865e-23   56
  1.711736e-01   2.695828e-22   1.986821e-09   3.058211e-23   24
  1.722960e-01   2.163251e-22   0.000000e+00   1.394150e-23   96
  1.734112e-01   3.169157e-22   0.000000e+00   3.478682e-23   48
  1.756204e-01   1.984530e-22   2.809790e-09   2.556026e-23   24
  1.767146e-01   1.640789e-22   0.000000e+00   1.340646e-23   102
  1.778021e-01   1.763808e-22   1.986821e-09   1.455953e-23   48
  1.788829e-01   1.711883e-22   0.000000e+00   1.612063e-23   72
  1.799573e-01   1.571021e-22   0.000000e+00   1.487530e-23   48
  1.810253e-01   1.545226e-22   0.000000e+00   1.902907e-23   48
  1.820871e-01   1.365232e-22   4.495664e-09   1.026024e-23   120
  1.841922e-01   1.324876e-22   2.809790e-09   1.462534e-23   24
  1.852358e-01   1.271920e-22   2.649095e-09   7.388707e-24   144
  1.862735e-01   1.283108e-22   3.178914e-09   8.492812e-24   120
  1.873055e-01   9.778584e-23   2.809790e-09   8.767341e-24   48
  1.893526e-01   1.523921e-22   2.809790e-09   1.689471e-23   48
  1.903679e-01   1.094644e-22   2.809790e-09   7.013384e-24   96
  1.930487e-01   1.159416e-22   4.711199e-04   9.769177e-24   72
  1.943761e-01   1.172410e-22   2.497591e-09   6.076144e-24   108
  1.953653e-01   1.061574e-22   0.000000e+00   7.658425e-24   72
  1.963495e-01   1.618697e-22   0.000000e+00   1.982649e-23   30
  1.973288e-01   9.532415e-23   0.000000e+00   5.890859e-24   168
  1.983033e-01   9.800148e-23   0.000000e+00   1.006385e-23   48
  2.002380e-01   8.580632e-23   0.000000e+00   7.657009e-24   72
  2.011984e-01   8.532824e-23   0.000000e+00   6.227107e-24   96
  2.021542e-01   7.043158e-23   5.298191e-09   5.807139e-24   72
  2.031055e-01   9.150925e-23   0.000000e+00   7.446827e-24   72
  2.047049e-01   9.687796e-23   4.350048e-04   7.926706e-24   104
  2.059331e-01   7.944246e-23   3.746387e-09   4.282020e-24   144
  2.087224e-01   6.223527e-23   6.282881e-09   4.053116e-24   96
  2.096439e-01   7.205678e-23   0.000000e+00   6.212667e-24   96
  2.111095e-01   6.184749e-23   4.475232e-04   3.438913e-24   120
  2.123845e-01   6.845835e-23   0.000000e+00   3.702846e-24   120
  2.132902e-01   7.134484e-23   0.000000e+00   5.873243e-24   72
  2.150901e-01   7.507106e-23   0.000000e+00   8.375894e-24   48
  2.159845e-01   5.623195e-23   4.890638e-09   5.039974e-24   78
  2.171286e-01   6.412901e-23   4.007142e-04   3.143930e-24   168
  2.195255e-01   6.293624e-23   4.588368e-09   3.712160e-24   144
  2.204018e-01   5.135435e-23   3.746387e-09   2.947597e-24   144
  2.229436e-01   5.009399e-23   2.307791e-04   3.093247e-24   156
  2.238729e-01   6.279802e-23   4.866699e-09   6.023693e-24   48
  2.247323e-01   4.357777e-23   3.178914e-09   2.868440e-24   120
  2.255884e-01   3.872352e-23   0.000000e+00   3.979057e-24   48
  2.271022e-01   4.844515e-23   3.532495e-04   2.074814e-24   216
  2.289809e-01   4.012152e-23   0.000000e+00   3.916211e-24   48
  2.298212e-01   3.809968e-23   2.809790e-09   3.132216e-24   96
  2.310160e-01   5.153892e-23   4.128272e-04   3.060575e-24   168
  2.323239e-01   3.909960e-23   2.809790e-09   3.868707e-24   48
  2.331522e-01   4.184437e-23   0.000000e+00   2.965584e-24   96
  2.339775e-01   3.990232e-23   0.000000e+00   3.271430e-24   48
  2.356194e-01   3.723495e-23   3.178914e-09   3.397671e-24   30
  2.364362e-01   3.399776e-23   0.000000e+00   2.100329e-24   96
  2.374123e-01   3.461120e-23   3.244455e-04   1.699066e-24   240
  2.386674e-01   4.662980e-23   3.500299e-04   4.250377e-24   32
  2.396752e-01   3.326997e-23   0.000000e+00   1.629206e-24   168
  2.404781e-01   3.461626e-23   0.000000e+00   1.844146e-24   120
  2.420760e-01   3.667046e-23   5.923557e-09   2.918037e-24   72
  2.428710e-01   3.259309e-23   2.649095e-09   1.844135e-24   144
  2.436634e-01   3.651002e-23   0.000000e+00   2.477242e-24   96
  2.444532e-01   2.903698e-23   0.000000e+00   2.125258e-24   96
  2.460253e-01   3.621691e-23   0.000000e+00   2.876294e-24   72
  2.468075e-01   2.669671e-23   3.973643e-09   2.055149e-24   96
  2.483647e-01   3.421589e-23   0.000000e+00   4.262074e-24   24
  2.491396e-01   2.759948e-23   0.000000e+00   1.411466e-24   192
  2.500522e-01   2.370946e-23   2.970416e-04   1.245634e-24   132
  2.514501e-01   2.552053e-23   0.000000e+00   1.936794e-24   96
  2.522156e-01   2.444995e-23   0.000000e+00   2.038969e-24   96
  2.529787e-01   2.212965e-23   3.178914e-09   1.277724e-24   120
  2.544981e-01   2.885436e-23   0.000000e+00   2.425908e-24   48
  2.557435e-01   2.431847e-23   3.599905e-04   1.070946e-24   222
  2.567603e-01   2.816430e-23   0.000000e+00   1.824014e-24   120
  2.575100e-01   1.783405e-23   4.866699e-09   2.358428e-24   24
  2.586015e-01   2.028550e-23   3.715625e-04   7.777765e-25   312
  2.609797e-01   2.422315e-23   3.483547e-04   1.768821e-24   72
  2.619630e-01   1.856045e-23   4.866699e-09   1.456302e-24   96
  2.629726e-01   1.982170e-23   3.547511e-04   9.980935e-25   192
  2.641613e-01   2.225057e-23   4.495664e-09   1.414870e-24   120
  2.648900e-01   2.024333e-23   0.000000e+00   1.276201e-24   144
  2.663415e-01   1.838392e-23   0.000000e+00   1.431569e-24   48
  2.673732e-01   1.753193e-23   3.567146e-04   6.978949e-25   336
  2.685040e-01   2.004675e-23   0.000000e+00   2.201955e-24   48
  2.699360e-01   1.810227e-23   0.000000e+00   9.293487e-25   192
  2.706492e-01   1.684466e-23   0.000000e+00   1.478035e-24   48
  2.726764e-01   1.625410e-23   2.476067e-04   1.185569e-24   56
  2.736844e-01   1.825672e-23   3.180112e-04   6.905676e-25   336
  2.748894e-01   1.520868e-23   3.532127e-09   1.810689e-24   54
  2.759390e-01   1.534208e-23   3.492904e-04   6.797130e-25   240
  2.781181e-01   1.470675e-23   3.344484e-04   5.809307e-25   228
  2.790651e-01   1.554159e-23   3.746387e-09   1.196566e-24   72
  2.799844e-01   1.520487e-23   3.244231e-04   8.416136e-25   144
  2.811298e-01   1.010935e-23   0.000000e+00   6.383246e-25   96
  2.818146e-01   1.414972e-23   4.495664e-09   6.754786e-25   240
  2.831793e-01   1.677318e-23   3.973643e-09   2.345486e-24   24
  2.840530e-01   1.321224e-23   3.064151e-04   5.660350e-25   336
  2.852142e-01   1.153777e-23   0.000000e+00   9.052378e-25   72
  2.862741e-01   1.475226e-23   3.332831e-04   8.930757e-25   168
  2.872346e-01   1.401497e-23   0.000000e+00   1.598204e-24   72
  2.885737e-01   1.488428e-23   0.000000e+00   1.027484e-24   96
  2.896108e-01   1.089326e-23   3.307829e-04   5.452022e-25   216
  2.905708e-01   1.076132e-23   0.000000e+00   7.247823e-25   96
  2.918946e-01   1.137589e-23   3.973643e-09   5.434612e-25   192
  2.925542e-01   1.138060e-23   3.746387e-09   7.235558e-25   144
  2.938691e-01   9.909917e-24   0.000000e+00   8.343012e-25   48
  2.947794e-01   1.001297e-23   3.189136e-04   4.429904e-25   246
  2.960164e-01   9.910749e-24   2.940434e-04   5.207305e-25   168
  2.971308e-01   9.631468e-24   7.786718e-09   6.785993e-25   120
  2.977788e-01   9.907464e-24   0.000000e+00   4.868393e-25   240
  2.990707e-01   1.088949e-23   0.000000e+00   1.422331e-24   24
  3.001001e-01   1.003118e-23   3.147475e-04   3.666405e-25   360
  3.013820e-01   8.774722e-24   3.134082e-04   6.083902e-25   120
  3.022763e-01   1.008310e-23   0.000000e+00   5.071812e-25   144
  3.029133e-01   1.011467e-23   0.000000e+00   8.015522e-25   96
  3.048165e-01   8.097146e-24   0.000000e+00   5.135152e-25   144
  3.054482e-01   1.017273e-23   0.000000e+00   6.481475e-25   132
  3.063360e-01   8.096072e-24   3.093292e-04   3.479404e-25   176
  3.076248e-01   8.723259e-24   3.123602e-04   3.707274e-25   312
  3.092116e-01   8.520898e-24   0.000000e+00   5.820646e-25   96
  3.098343e-01   6.878996e-24   0.000000e+00   4.071485e-25   144
  3.107899e-01   8.217522e-24   3.092271e-04   3.445909e-25   312
  3.123131e-01   7.000903e-24   0.000000e+00   6.935443e-25   48
  3.129297e-01   7.296042e-24   3.973643e-09   4.425901e-25   192
  3.141593e-01   7.510650e-24   0.000000e+00   1.427522e-24   6
  3.149762e-01   6.658938e-24   2.884066e-04   2.788120e-25   288
  3.162994e-01   7.188210e-24   3.047203e-04   3.689400e-25   192
  3.172124e-01   7.327831e-24   9.345130e-09   3.744120e-25   216
  3.178195e-01   6.650851e-24   0.000000e+00   5.644866e-25   72
  3.193321e-01   7.110642e-24   3.018264e-04   3.444620e-25   192
  3.203366e-01   6.243079e-24   2.241224e-04   2.702327e-25   288
  3.214381e-01   7.558845e-24   0.000000e+00   6.874777e-25   24
  3.222890e-01   6.585700e-24   2.952626e-04   2.205914e-25   456
  3.238280e-01   6.194086e-24   0.000000e+00   7.375414e-25   48
  3.247789e-01   5.694887e-24   2.908218e-04   2.299829e-25   240
  3.258718e-01   5.769545e-24   2.939082e-04   3.364453e-25   216
  3.267908e-01   6.284669e-24   0.000000e+00   5.291307e-25   72
  3.273801e-01   5.952065e-24   1.015467e-08   3.772720e-25   168
  3.290441e-01   5.149393e-24   2.184577e-04   2.203746e-25   288
  3.299773e-01   4.762626e-24   2.890570e-04   2.438451e-25   168
  3.314762e-01   5.417340e-24   0.000000e+00   3.006241e-25   192
  3.320572e-01   4.984221e-24   3.746387e-09   3.124161e-25   144
  3.332162e-01   5.510551e-24   3.746387e-09   6.529230e-25   36
  3.341991e-01   5.050642e-24   2.639705e-04   2.004875e-25   342
  3.351389e-01   5.074647e-24   2.710657e-04   2.981986e-25   144
  3.363470e-01   4.744735e-24   2.842800e-04   1.663045e-25   384
  3.378125e-01   5.369009e-24   7.786718e-09   3.455526e-25   120
  3.385379e-01   4.750820e-24   2.534951e-04   2.153811e-25   264
  3.395201e-01   4.892904e-24   1.256576e-08   3.169915e-25   192
  3.404451e-01   4.164925e-24   2.731894e-04   2.687933e-25   152
  3.412191e-01   4.746937e-24   7.492773e-09   2.866679e-25   144
  3.428472e-01   4.739883e-24   1.768108e-04   2.288424e-25   216
  3.436008e-01   4.483686e-24   2.362665e-04   1.718525e-25   312
  3.449274e-01   4.720697e-24   2.738281e-04   1.873516e-25   240
  3.457090e-01   3.509587e-24   3.973643e-09   2.978003e-25   96
  3.471927e-01   3.655666e-24   2.617995e-04   2.063862e-25   144
  3.481071e-01   4.053448e-24   2.573258e-04   1.317957e-25   456
  3.495904e-01   3.931170e-24   0.000000e+00   2.635775e-25   120
  3.501414e-01   3.667427e-24   0.000000e+00   2.065114e-25   144
  3.512407e-01   3.031376e-24   5.619580e-09   4.150465e-25   24
  3.519456e-01   3.684167e-24   2.473498e-04   1.448140e-25   336
  3.531645e-01   3.842232e-24   2.727931e-04   2.050827e-25   198
  3.543067e-01   3.715555e-24   2.652756e-04   1.423390e-25   432
  3.556041e-01   3.698629e-24   7.947286e-09   4.573480e-25   48
  3.562810e-01   3.716152e-24   2.341925e-04   1.313511e-25   384
  3.574963e-01   2.796703e-24   2.696052e-04   1.594993e-25   144
  3.585975e-01   3.783990e-24   2.676825e-04   1.967438e-25   264
  3.599147e-01   3.060369e-24   0.000000e+00   2.444952e-25   48
  3.607984e-01   3.031542e-24   2.545223e-04   1.267316e-25   276
  3.616510e-01   3.345878e-24   2.307176e-04   1.676862e-25   192
  3.627906e-01   3.150379e-24   2.592759e-04   1.058797e-25   552
  3.641741e-01   2.755568e-24   6.357829e-09   1.692023e-25   120
  3.649965e-01   2.471651e-24   2.624511e-04   1.092444e-25   216
  3.657587e-01   2.701457e-24   6.357829e-09   1.988870e-25   120
  3.671201e-01   3.074517e-24   2.584500e-04   1.143575e-25   408
  3.683844e-01   2.704670e-24   5.619580e-09   2.400507e-25   24
  3.691684e-01   2.923061e-24   2.610810e-04   1.195391e-25   384
  3.702633e-01   2.812560e-24   2.550855e-04   1.243170e-25   240
  3.712141e-01   2.905568e-24   2.569535e-04   1.775380e-25   168
  3.725471e-01   2.519070e-24   0.000000e+00   1.845764e-25   120
  3.734064e-01   2.751120e-24   2.678605e-04   1.257107e-25   350
  3.748037e-01   2.858901e-24   4.409502e-04   1.003375e-25   384
  3.756388e-01   2.652344e-24   0.000000e+00   1.512394e-25   144
  3.771752e-01   2.517014e-24   5.298191e-09   1.042385e-25   288
  3.779773e-01   2.376414e-24   2.524053e-04   9.275601e-26   336
  3.790686e-01   2.481141e-24   2.297941e-04   1.343601e-25   168
  3.797219e-01   2.377223e-24   1.506181e-08   9.130620e-26   336
  3.810732e-01   2.666393e-24   2.385126e-04   1.138327e-25   288
  3.818848e-01   2.351332e-24   2.247398e-04   9.681575e-26   264
  3.832590e-01   2.153665e-24   0.000000e+00   9.610736e-26   240
  3.837616e-01   2.318685e-24   0.000000e+00   1.670125e-25   96
  3.855656e-01   2.225219e-24   3.056310e-04   8.037476e-26   360
  3.864075e-01   2.570590e-24   2.253025e-04   1.666758e-25   168
  3.874713e-01   2.021267e-24   2.456032e-04   7.227846e-26   456
  3.887523e-01   2.221703e-24   7.064254e-09   1.202246e-25   108
  3.894728e-01   1.872854e-24   2.464311e-04   8.720542e-26   264
  3.903716e-01   2.065551e-24   2.198567e-04   7.905381e-26   264
  3.916025e-01   2.135224e-24   2.074668e-04   8.344012e-26   312
  3.931351e-01   1.894447e-24   1.541705e-04   8.914425e-26   270
  3.937775e-01   1.710852e-24   1.957388e-04   8.458169e-26   240
  3.949323e-01   1.924980e-24   2.421536e-04   7.330947e-26   384
  3.956334e-01   1.919285e-24   7.947286e-09   1.157879e-25   192
  3.969952e-01   2.153047e-24   1.942960e-04   9.847156e-26   240
  3.977852e-01   1.876257e-24   2.397927e-04   8.062854e-26   336
  3.992708e-01   1.885672e-24   2.413972e-04   5.655132e-26   480
  4.004761e-01   2.196622e-24   5.298191e-09   1.879039e-25   72
  4.011493e-01   1.695630e-24   2.353842e-04   9.482303e-26   240
  4.020650e-01   1.823107e-24   2.212289e-04   7.184698e-26   312
  4.031147e-01   1.699647e-24   2.390954e-04   7.909114e-26   240
  4.047009e-01   1.655204e-24   1.816506e-04   6.150665e-26   408
  4.053288e-01   1.740737e-24   1.663482e-04   6.799850e-26   336
  4.065560e-01   1.928583e-24   2.112212e-04   9.494865e-26   264
  4.071591e-01   1.419060e-24   0.000000e+00   7.460471e-26   144
  4.088370e-01   1.460854e-24   2.927651e-04   4.912745e-26   464
  4.097211e-01   1.520813e-24   2.328083e-04   6.864153e-26   168
  4.105939e-01   1.404825e-24   2.120376e-04   6.182394e-26   336
  4.121713e-01   1.662739e-24   2.227870e-04   6.192915e-26   414
  4.130606e-01   1.627828e-24   2.319080e-04   8.363237e-26   216
  4.141998e-01   1.575297e-24   5.619580e-09   1.065571e-25   96
  4.146649e-01   1.392867e-24   1.376510e-08   5.487202e-26   384
  4.162944e-01   1.425533e-24   2.314600e-04   4.701394e-26   492
  4.171676e-01   1.670087e-24   2.263480e-04   8.173489e-26   240
  4.181546e-01   1.362636e-24   2.298225e-04   5.248480e-26   312
  4.195176e-01   1.278618e-24   2.297469e-04   7.433134e-26   192
  4.203810e-01   1.295200e-24   2.226525e-04   4.393034e-26   504
  4.215265e-01   1.276230e-24   1.473998e-04   4.556897e-26   408
  4.224284e-01   1.229316e-24   4.515774e-04   6.331334e-26   168
  4.235571e-01   1.339536e-24   2.145032e-04   5.901483e-26   288
  4.245041e-01   1.168394e-24   2.238525e-04   4.857789e-26   288
  4.254743e-01   1.121443e-24   2.251410e-04   4.331883e-26   432
  4.268815e-01   1.248808e-24   2.129084e-04   6.322133e-26   216
  4.276334e-01   1.164031e-24   2.124592e-04   4.347408e-26   360
  4.289721e-01   1.184800e-24   2.073582e-04   4.703164e-26   312
  4.301803e-01   1.513796e-24   0.000000e+00   1.524361e-25   48
  4.308767e-01   1.153352e-24   2.223178e-04   4.027723e-26   432
  4.321240e-01   1.075225e-24   3.708284e-04   3.967972e-26   414
  4.328606e-01   1.280957e-24   8.470833e-09   5.836299e-26   312
  4.342347e-01   1.135511e-24   3.253813e-04   3.666662e-26   528
  4.351620e-01   1.159905e-24   1.707976e-04   5.639308e-26   264
  4.362761e-01   1.096376e-24   2.025191e-04   3.689096e-26   480
  4.377318e-01   1.093872e-24   0.000000e+00   4.288630e-26   288
  4.383604e-01   1.204933e-24   2.176005e-04   6.794695e-26   168
  4.395105e-01   1.036242e-24   3.444610e-04   4.081950e-26   504
  4.408036e-01   1.170856e-24   5.298191e-09   7.192696e-26   144
  4.416171e-01   1.076919e-24   2.212265e-04   3.753536e-26   464
  4.428396e-01   1.086034e-24   3.246624e-04   4.174092e-26   432
  4.434197e-01   1.096471e-24   5.619580e-09   5.498302e-26   192
  4.449189e-01   9.233033e-25   2.406833e-04   3.587029e-26   396
  4.458042e-01   8.463434e-25   2.162000e-04   3.947778e-26   288
  4.466990e-01   9.572838e-25   2.135686e-04   4.458726e-26   336
  4.481283e-01   8.811584e-25   1.352359e-04   3.694663e-26   432
  4.490354e-01   9.351872e-25   3.505126e-04   3.722367e-26   360
  4.500539e-01   9.423322e-25   2.073334e-04   3.376154e-26   384
  4.515004e-01   8.827345e-25   1.830116e-04   4.800139e-26   198
  4.521974e-01   8.987784e-25   2.080246e-04   2.780855e-26   552
  4.534970e-01   8.650493e-25   2.912202e-04   3.223717e-26   432
  4.545821e-01   9.593746e-25   1.112388e-08   6.331454e-26   168
  4.554927e-01   8.104891e-25   3.610065e-04   2.856256e-26   480
  4.566974e-01   8.088050e-25   0.000000e+00   5.010516e-26   120
  4.572396e-01   9.158071e-25   2.948545e-04   4.958428e-26   336
  4.585628e-01   8.235403e-25   2.080152e-04   2.522866e-26   672
  4.598711e-01   9.567007e-25   3.025866e-04   3.051961e-26   528
  4.604805e-01   7.247042e-25   9.082613e-09   4.359337e-26   168
  4.618883e-01   8.348394e-25   3.375333e-04   2.855310e-26   456
  4.627474e-01   9.209201e-25   2.061344e-04   5.320323e-26   168
  4.636392e-01   8.644409e-25   2.057643e-04   3.212724e-26   504
  4.651216e-01   6.884300e-25   2.647872e-04   3.156362e-26   336
  4.660180e-01   7.742969e-25   1.908802e-04   3.015495e-26   312
  4.670124e-01   7.754299e-25   1.865029e-04   2.869117e-26   504
  4.683210e-01   7.164800e-25   1.294009e-04   2.806684e-26   432
  4.689362e-01   8.518884e-25   1.999672e-04   3.663468e-26   312
  4.702151e-01   7.539217e-25   2.049761e-04   3.042775e-26   384
  4.715504e-01   7.392281e-25   1.741510e-04   3.939820e-26   126
  4.723748e-01   7.397255e-25   3.057676e-04   2.681936e-26   492
  4.734278e-01   6.927088e-25   1.958445e-04   2.264279e-26   528
  4.747438e-01   6.503330e-25   1.989360e-04   2.179668e-26   480
  4.755596e-01   7.515700e-25   2.748289e-04   2.814628e-26   432
  4.767402e-01   6.744278e-25   2.161166e-04   2.766689e-26   440
  4.781114e-01   7.769970e-25   1.074739e-04   3.641151e-26   312
  4.786259e-01   6.078014e-25   1.610586e-04   2.205302e-26   480
  4.796813e-01   6.347492e-25   3.153497e-04   2.647534e-26   408
  4.812233e-01   7.488789e-25   1.888588e-04   3.114294e-26   360
  4.818747e-01   6.325432e-25   1.822418e-04   2.767740e-26   408
  4.830820e-01   5.969626e-25   1.854542e-04   2.036059e-26   456
  4.844414e-01   6.330950e-25   1.772485e-04   2.849233e-26   264
  4.851959e-01   6.882018e-25   1.923591e-04   3.005610e-26   384
  4.862943e-01   6.706429e-25   3.238501e-04   2.094477e-26   672
  4.875640e-01   6.786807e-25   1.937042e-04   3.632883e-26   240
  4.882967e-01   5.792164e-25   1.965613e-04   2.793648e-26   264
  4.893308e-01   5.440087e-25   2.424259e-04   1.568333e-26   624
  4.908739e-01   4.867978e-25   0.000000e+00   3.129761e-26   150
  4.914232e-01   5.947051e-25   2.716574e-04   2.077517e-26   600
  4.925819e-01   6.288450e-25   1.874909e-04   1.962977e-26   672
  4.938939e-01   5.494812e-25   1.763484e-04   2.377082e-26   336
  4.946248e-01   5.283426e-25   1.918157e-04   2.097679e-26   408
  4.957926e-01   6.533159e-25   1.913639e-04   2.777743e-26   408
  4.970915e-01   6.533121e-25   9.676385e-05   2.760720e-26   360
  4.978921e-01   5.896344e-25   3.552857e-04   2.176377e-26   456
  4.988592e-01   4.971660e-25   1.932065e-04   1.924698e-26   384
  5.000902e-01   4.612785e-25   1.783541e-04   2.039163e-26   348
  5.007554e-01   5.266495e-25   2.198754e-04   1.947227e-26   576
  5.020050e-01   5.347071e-25   1.810385e-04   1.809371e-26   504
  5.032833e-01   5.521497e-25   2.553443e-04   2.421989e-26   432
  5.043991e-01   5.368224e-25   3.473946e-04   1.784085e-26   576
  5.051948e-01   5.117918e-25   0.000000e+00   2.517259e-26   264
  5.064571e-01   5.420592e-25   2.764393e-04   1.609513e-26   768
  5.075549e-01   4.381283e-25   3.721752e-04   1.781920e-26   240
  5.084277e-01   4.662640e-25   3.282233e-04   3.745069e-26   192
  5.096990e-01   5.219294e-25   2.416124e-04   1.845139e-26   504
  5.106418e-01   5.171399e-25   3.255818e-04   1.623481e-26   590
  5.115460e-01   4.956460e-25   3.647966e-04   2.170482e-26   384
  5.126798e-01   4.387178e-25   3.048625e-04   1.745001e-26   504
  5.140486e-01   4.568829e-25   2.933830e-04   1.473496e-26   648
  5.153764e-01   3.988715e-25   7.967896e-05   1.359819e-26   504
  5.159117e-01   4.551343e-25   1.817627e-04   1.930621e-26   312
  5.168569e-01   4.946523e-25   2.618753e-04   1.857190e-26   576
  5.181545e-01   5.164748e-25   1.822405e-04   2.552231e-26   240
  5.189109e-01   4.616081e-25   1.841453e-04   1.698811e-26   552
  5.199816e-01   4.389215e-25   1.729082e-04   1.437581e-26   600
  5.215067e-01   4.600558e-25   2.111937e-04   1.632374e-26   600
  5.224237e-01   4.498020e-25   3.382099e-04   2.139343e-26   312
  5.233368e-01   4.836053e-25   2.945474e-04   2.144542e-26   480
  5.244775e-01   4.355689e-25   1.837693e-04   1.622011e-26   576
  5.254818e-01   4.097266e-25   2.959085e-04   1.758737e-26   408
  5.263729e-01   2.738846e-25   3.451909e-04   1.726174e-26   216
  5.275243e-01   4.558402e-25   2.643774e-04   1.665632e-26   516
  5.287578e-01   4.217032e-25   2.522429e-04   1.247263e-26   744
  5.300304e-01   4.380181e-25   1.684760e-04   1.728142e-26   462
  5.307494e-01   3.627168e-25   1.712315e-04   1.694572e-26   432
  5.318647e-01   3.949881e-25   1.588547e-04   1.389426e-26   648
  5.331761e-01   3.665896e-25   2.324340e-04   1.404445e-26   528
  5.342295e-01   4.376117e-25   2.799086e-04   1.583421e-26   600
  5.352820e-01   4.551504e-25   3.528915e-04   2.413207e-26   240
  5.363014e-01   3.581952e-25   2.703115e-04   1.160519e-26   720
  5.374863e-01   3.899684e-25   2.138653e-04   1.352396e-26   720
  5.387997e-01   2.269430e-25   0.000000e+00   1.282571e-26   144
  5.394909e-01   4.189839e-25   2.757364e-04   1.386822e-26   720
  5.404742e-01   3.997883e-25   1.653370e-04   1.911286e-26   384
  5.417051e-01   3.711378e-25   1.832848e-04   1.250230e-26   672
  5.428730e-01   3.942029e-25   3.209115e-04   2.277185e-26   336
  5.434308e-01   3.163021e-25   0.000000e+00   1.926488e-26   288
  5.447967e-01   3.171801e-25   2.539800e-04   1.064240e-26   776
  5.460612e-01   3.551524e-25   2.173184e-04   1.169078e-26   720
  5.471231e-01   3.285715e-25   1.750659e-04   1.505740e-26   432
  5.479725e-01   3.994127e-25   2.495786e-04   1.534587e-26   504
  5.489174e-01   4.109472e-25   1.748652e-04   1.810902e-26   528
  5.502396e-01   3.063088e-25   2.382437e-04   1.368865e-26   438
  5.513273e-01   3.299762e-25   2.772938e-04   1.244256e-26   624
  5.521470e-01   3.147543e-25   3.396475e-04   1.651224e-26   312
  5.532738e-01   3.830637e-25   1.829935e-04   1.150769e-26   696
  5.544390e-01   3.194339e-25   1.655760e-04   1.179105e-26   552
  5.556509e-01   3.349896e-25   1.281006e-04   1.504649e-26   516
  5.564006e-01   3.307099e-25   2.558713e-04   1.328309e-26   528
  5.573133e-01   2.819180e-25   1.664001e-04   1.079078e-26   528
  5.586097e-01   3.011282e-25   2.194479e-04   9.361457e-27   864
  5.594897e-01   3.121002e-25   3.005985e-04   1.432464e-26   408
  5.603706e-01   4.480034e-25   2.978186e-04   3.283743e-26   192
  5.616191e-01   2.825390e-25   2.464592e-04   1.032443e-26   720
  5.626731e-01   3.127313e-25   2.272475e-04   1.200863e-26   696
  5.639255e-01   2.929563e-25   2.454294e-04   9.653090e-27   720
  5.650713e-01   3.534309e-25   3.326501e-04   1.553109e-26   432
  5.657395e-01   2.716469e-25   1.958109e-04   1.533580e-26   264
  5.669418e-01   2.985317e-25   2.704061e-04   1.102128e-26   672
  5.680171e-01   2.771832e-25   2.768544e-04   9.864116e-27   600
  5.692933e-01   2.067954e-25   1.620980e-04   1.001070e-26   270
  5.699366e-01   2.472350e-25   2.440026e-04   1.224652e-26   528
  5.709591e-01   2.848720e-25   1.670843e-04   8.678469e-27   840
  5.723613e-01   2.960452e-25   3.194952e-04   9.047123e-27   888
  5.736568e-01   2.607917e-25   2.380474e-04   8.719128e-27   744
  5.747517e-01   2.861968e-25   1.223216e-04   1.116259e-26   456
  5.752963e-01   3.451615e-25   1.671601e-04   1.390886e-26   360
  5.762282e-01   2.167661e-25   1.448348e-04   9.753049e-27   384
  5.776580e-01   2.676972e-25   2.323137e-04   8.911739e-27   816
  5.787308e-01   2.510037e-25   3.370546e-04   8.462109e-27   824
  5.800348e-01   2.446821e-25   1.566791e-04   1.345836e-26   360
  5.807331e-01   2.547246e-25   2.311994e-04   8.682124e-27   624
  5.816941e-01   3.096779e-25   1.562320e-04   1.595705e-26   360
  5.829744e-01   2.433974e-25   2.125215e-04   8.222718e-27   876
  5.841306e-01   2.578003e-25   2.524119e-04   1.007697e-26   696
  5.852967e-01   2.383730e-25   1.629911e-04   1.234197e-26   336
  5.859080e-01   2.690212e-25   1.628079e-04   1.268051e-26   504
  5.869176e-01   2.308504e-25   1.642187e-04   9.623283e-27   672
  5.884155e-01   2.384669e-25   3.269213e-04   7.986331e-27   720
  5.894543e-01   2.371833e-25   2.469541e-04   8.763350e-27   774
  5.906010e-01   1.984523e-25   1.413501e-04   1.070329e-26   384
  5.912015e-01   2.635200e-25   2.720183e-04   1.119271e-26   528
  5.921335e-01   2.493355e-25   2.592486e-04   9.100977e-27   744
  5.936327e-01   2.697457e-25   2.138251e-04   9.206788e-27   768
  5.946281e-01   1.936383e-25   2.400348e-04   7.476354e-27   552
  5.958700e-01   2.306097e-25   2.616108e-04   9.276375e-27   696
  5.967938e-01   2.351309e-25   3.179026e-04   9.953489e-27   408
  5.975272e-01   2.353155e-25   1.373364e-04   9.497430e-27   504
  5.986899e-01   2.277727e-25   2.467198e-04   7.582648e-27   888
  5.998339e-01   2.227954e-25   2.564132e-04   8.971136e-27   648
  6.010230e-01   2.122690e-25   2.542153e-04   9.211599e-27   648
  6.021418e-01   1.989190e-25   2.741064e-04   7.383209e-27   792
  6.033268e-01   1.959692e-25   4.010364e-04   8.545350e-27   600
  6.042000e-01   1.699499e-25   2.717856e-04   8.449575e-27   456
  6.051191e-01   1.948292e-25   1.324567e-04   7.093651e-27   648
  6.062996e-01   1.808198e-25   2.583099e-04   5.696306e-27   936
  6.075741e-01   2.605295e-25   1.586356e-04   1.197417e-26   384
  6.086836e-01   1.936004e-25   0.000000e+00   1.519252e-26   198
  6.095398e-01   1.834947e-25   4.024720e-04   4.961260e-27   1224
  6.104634e-01   2.245060e-25   2.931235e-04   1.070083e-26   420
  6.115558e-01   1.865967e-25   2.836822e-04   6.048873e-27   792
  6.126238e-01   1.811361e-25   2.345810e-04   7.416041e-27   680
  6.138428e-01   1.647313e-25   2.154033e-04   6.312769e-27   600
  6.148235e-01   1.687922e-25   3.123938e-04   5.992921e-27   840
  6.161330e-01   1.915752e-25   1.474979e-04   9.540105e-27   432
  6.166334e-01   1.844334e-25   1.382250e-04   7.416320e-27   720
  6.177213e-01   1.833344e-25   2.768404e-04   6.236687e-27   960
  6.190745e-01   1.703685e-25   2.467829e-04   7.803199e-27   528
  6.200634e-01   1.733256e-25   2.522592e-04   9.190882e-27   624
  6.212404e-01   1.740888e-25   1.982740e-04   6.021413e-27   816
  6.224086e-01   1.548670e-25   3.260658e-04   6.320956e-27   696
  6.236996e-01   1.474302e-25   1.798266e-08   9.228665e-27   240
  6.241851e-01   1.764999e-25   1.922888e-04   7.842537e-27   672
  6.252686e-01   1.576922e-25   3.436476e-04   6.233988e-27   864
  6.264840e-01   1.254308e-25   2.636938e-04   4.211342e-27   816
  6.275795e-01   1.417605e-25   1.509292e-04   6.419578e-27   648
  6.287594e-01   1.690098e-25   1.542771e-04   6.035606e-27   843
  6.297611e-01   1.419539e-25   2.775825e-04   5.355383e-27   780
  6.309548e-01   1.224187e-25   1.489456e-04   9.832422e-27   216
  6.316911e-01   1.428738e-25   3.591661e-04   4.606826e-27   1056
  6.328235e-01   1.406446e-25   2.938382e-04   1.045991e-26   228
  6.338720e-01   1.578127e-25   3.658358e-04   5.707977e-27   924
  6.349484e-01   1.502381e-25   1.357046e-04   5.611970e-27   696
  6.360882e-01   1.194420e-25   2.415153e-04   4.450124e-27   996
  6.372543e-01   1.087630e-25   1.425858e-04   4.587677e-27   576
  6.384675e-01   1.268106e-25   2.200718e-04   6.961887e-27   552
  6.393519e-01   1.529203e-25   2.627580e-04   6.802612e-27   516
  6.402494e-01   1.293181e-25   3.821047e-04   5.233738e-27   744
  6.412749e-01   9.819560e-26   1.874451e-04   4.164543e-27   576
  6.421669e-01   1.078046e-25   1.929285e-04   4.063430e-27   792
  6.434346e-01   1.285082e-25   2.205530e-04   4.475898e-27   792
  6.443636e-01   1.146643e-25   2.378641e-04   4.808135e-27   720
  6.456200e-01   1.108974e-25   2.711104e-04   4.057411e-27   656
  6.467974e-01   1.123053e-25   2.960385e-04   4.204841e-27   816
  6.480043e-01   1.034977e-25   1.596190e-04   5.510210e-27   492
  6.486903e-01   1.273879e-25   2.296231e-04   5.378609e-27   552
  6.499778e-01   9.416579e-26   3.992867e-04   4.598833e-27   780
  6.508139e-01   1.040426e-25   2.452771e-04   4.795007e-27   528
  6.517148e-01   8.592379e-26   2.863130e-04   3.060075e-27   600
  6.530425e-01   1.209422e-25   2.379487e-04   3.991549e-27   900
  6.539577e-01   1.023340e-25   1.317325e-04   4.747133e-27   696
  6.552168e-01   9.260662e-26   3.330907e-04   3.867518e-27   696
  6.564349e-01   8.052189e-26   1.351317e-04   2.858189e-27   552
  6.574592e-01   8.265598e-26   1.571457e-04   3.509310e-27   708
  6.585322e-01   9.105093e-26   2.594565e-04   3.420674e-27   876
  6.596487e-01   1.085968e-25   1.377663e-04   1.149465e-26   216
  6.603980e-01   9.319051e-26   3.768094e-04   3.100645e-27   1032
  6.615201e-01   7.574793e-26   4.195357e-04   3.659673e-27   600
  6.626848e-01   6.839279e-26   2.001869e-04   3.273148e-27   600
  6.635732e-01   8.761624e-26   3.535112e-04   3.752424e-27   528
  6.646233e-01   8.599039e-26   1.940622e-04   3.594810e-27   732
  6.657296e-01   8.702944e-26   1.432973e-04   4.996119e-27   336
  6.670031e-01   7.762832e-26   2.042271e-04   3.216221e-27   912
  6.679548e-01   6.088644e-26   2.049821e-04   2.187445e-27   624
  6.689946e-01   8.344638e-26   1.727341e-04   3.276611e-27   768
  6.702082e-01   7.820946e-26   3.116463e-04   2.813927e-27   792
  6.713995e-01   7.328422e-26   1.545014e-04   3.596155e-27   660
  6.722471e-01   7.434473e-26   2.276826e-04   3.918018e-27   504
  6.731238e-01   6.247213e-26   3.719898e-04   2.633793e-27   480
  6.744376e-01   5.513227e-26   3.440421e-04   2.021312e-27   912
  6.754664e-01   7.178392e-26   3.831443e-04   3.835162e-27   432
  6.764380e-01   7.092839e-26   2.275021e-04   3.889541e-27   564
  6.773006e-01   6.514320e-26   2.177508e-04   2.419581e-27   600
  6.785149e-01   7.439598e-26   3.035240e-04   2.750932e-27   876
  6.794272e-01   6.542708e-26   1.364735e-04   4.388878e-27   264
  6.806846e-01   6.016276e-26   2.648123e-04   3.100312e-27   560
  6.816953e-01   5.712335e-26   1.799457e-04   1.956449e-27   840
  6.829222e-01   5.153950e-26   2.774244e-04   1.855059e-27   1008
  6.840568e-01   4.709905e-26   1.241010e-04   2.026595e-27   456
  6.850930e-01   6.508369e-26   1.607553e-04   3.033859e-27   576
  6.860509e-01   5.946141e-26   2.470177e-04   2.681754e-27   612
  6.873140e-01   6.015785e-26   2.206269e-04   2.468567e-27   780
  6.883444e-01   5.926164e-26   2.528284e-04   2.308524e-27   648
  6.893992e-01   5.992694e-26   1.178213e-04   4.245539e-27   312
  6.900734e-01   4.411373e-26   2.993645e-04   1.817548e-27   528
  6.912414e-01   4.463840e-26   3.909551e-04   1.562557e-27   720
  6.923583e-01   5.591185e-26   3.921794e-04   3.092372e-27   576
  6.937124e-01   4.932125e-26   3.383053e-04   2.550704e-27   444
  6.945549e-01   5.367829e-26   3.317685e-04   1.742683e-27   996
  6.955874e-01   4.377786e-26   2.771265e-04   2.611866e-27   432
  6.965633e-01   5.224359e-26   3.033990e-04   2.332743e-27   504
  6.974062e-01   3.631653e-26   1.367883e-04   1.843925e-27   504
  6.986065e-01   5.491191e-26   2.692009e-04   1.913159e-27   876
  6.996926e-01   4.497625e-26   3.098246e-04   2.169808e-27   504
  7.008236e-01   4.175389e-26   1.975899e-04   1.821339e-27   696
  7.017583e-01   4.773039e-26   1.689187e-04   2.060945e-27   492
  7.030300e-01   3.672524e-26   2.418152e-04   1.784218e-27   432
  7.039719e-01   4.841903e-26   2.264335e-04   1.814164e-27   768
  7.050885e-01   3.920189e-26   2.820533e-04   1.600989e-27   648
  7.061547e-01   3.418044e-26   1.840095e-04   1.848015e-27   456
  7.073798e-01   4.039900e-26   2.530430e-04   1.806274e-27   552
  7.082306e-01   3.629384e-26   1.734358e-04   1.578770e-27   648
  7.094016e-01   3.598218e-26   2.826907e-04   1.097436e-27   840
  7.105454e-01   3.824294e-26   1.348092e-04   1.863014e-27   432
  7.116906e-01   3.885991e-26   1.651183e-04   1.978524e-27   600
  7.124870e-01   4.447412e-26   1.759227e-04   2.150460e-27   432
  7.138248e-01   4.102440e-26   1.751482e-04   1.704490e-27   560
  7.147308e-01   3.158125e-26   2.772412e-04   1.152246e-27   840
  7.158652e-01   3.804675e-26   1.642140e-04   1.809114e-27   504
  7.167662e-01   3.040034e-26   3.351509e-04   1.106442e-27   696
  7.180362e-01   4.087972e-26   1.830475e-04   2.181921e-27   384
  7.190254e-01   2.858314e-26   2.681431e-04   1.130040e-27   576
  7.202219e-01   3.000809e-26   1.654845e-04   1.581948e-27   360
  7.211864e-01   3.323002e-26   2.464465e-04   1.279383e-27   828
  7.222268e-01   2.934574e-26   2.195064e-04   1.545045e-27   372
  7.231800e-01   2.933830e-26   3.352284e-04   1.030075e-27   576
  7.244428e-01   3.459464e-26   1.403933e-04   1.468930e-27   636
  7.253425e-01   2.983428e-26   2.706420e-04   1.253105e-27   648
  7.265596e-01   2.730733e-26   2.200024e-04   1.159438e-27   576
  7.274333e-01   2.877779e-26   3.548870e-04   1.249957e-27   528
  7.285953e-01   2.953704e-26   1.517289e-04   1.709711e-27   360
  7.295571e-01   2.465534e-26   3.490332e-04   8.544476e-28   672
  7.308130e-01   3.163743e-26   1.787806e-04   1.151066e-27   804
  7.318582e-01   2.782262e-26   1.972163e-04   1.310992e-27   408
  7.330145e-01   3.166333e-26   1.219011e-04   1.576170e-27   384
  7.337931e-01   2.098963e-26   2.789567e-04   1.179455e-27   480
  7.348913e-01   2.267723e-26   1.802469e-04   1.009797e-27   432
  7.359446e-01   2.950401e-26   3.321566e-04   1.112847e-27   648
  7.371913e-01   2.631365e-26   2.061016e-04   1.025811e-27   624
  7.381033e-01   2.533401e-26   1.874668e-04   1.368331e-27   456
  7.393486e-01   2.349734e-26   2.560963e-04   1.145406e-27   588
  7.401831e-01   2.251282e-26   1.633884e-04   8.264076e-28   600
  7.414016e-01   2.215729e-26   2.548458e-04   8.674182e-28   708
  7.423640e-01   2.370343e-26   1.605479e-04   1.187098e-27   360
  7.434275e-01   2.610397e-26   1.845541e-04   1.255106e-27   552
  7.444470e-01   2.164713e-26   1.294691e-04   1.549017e-27   288
  7.454820e-01   2.185490e-26   2.434372e-04   1.004731e-27   528
  7.464545e-01   2.372898e-26   1.642340e-04   9.253991e-28   456
  7.475410e-01   2.335574e-26   2.912225e-04   1.027604e-27   608
  7.486338e-01   1.933038e-26   1.408967e-04   7.766052e-28   504
  7.498278e-01   1.465644e-26   3.024972e-04   5.912092e-28   540
  7.507642e-01   2.496173e-26   3.247222e-04   1.249102e-27   360
  7.517735e-01   2.516937e-26   1.470509e-04   1.190743e-27   540
  7.526661e-01   2.023034e-26   1.262606e-04   9.194423e-28   576
  7.539642e-01   2.131691e-26   2.927555e-04   9.232523e-28   588
  7.551985e-01   1.972053e-26   4.039143e-04   8.746954e-28   672
  7.562588e-01   2.267258e-26   3.087151e-04   8.947614e-28   552
  7.571135e-01   1.640369e-26   3.088712e-04   1.233670e-27   144
  7.582042e-01   2.140822e-26   2.624178e-04   8.977677e-28   600
  7.592383e-01   1.536699e-26   3.288668e-04   7.135417e-28   504
  7.603860e-01   1.806131e-26   3.378126e-04   1.137759e-27   336
  7.615932e-01   1.840719e-26   3.797028e-04   7.661477e-28   600
  7.626744e-01   1.694661e-26   2.450478e-04   8.049352e-28   636
  7.638413e-01   1.844344e-26   1.970206e-04   1.197395e-27   384
  7.646595e-01   1.904237e-26   2.748205e-04   9.279524e-28   504
  7.658387e-01   1.393913e-26   1.153383e-04   8.839832e-28   240
  7.667694e-01   1.682792e-26   2.709461e-04   5.839626e-28   744
  7.678860e-01   1.611437e-26   1.850150e-04   6.221420e-28   648
  7.688783e-01   2.605145e-26   1.228185e-04   1.952678e-27   120
  7.700414e-01   1.395353e-26   1.929319e-04   5.352581e-28   564
  7.709202e-01   1.787873e-26   3.030111e-04   9.957733e-28   432
  7.720932e-01   1.427469e-26   2.351965e-04   6.940314e-28   480
  7.729764e-01   1.134176e-26   1.731106e-04   5.662150e-28   456
  7.740189e-01   1.575635e-26   2.864725e-04   7.935358e-28   444
  7.752020e-01   1.435124e-26   4.383180e-04   7.786705e-28   528
  7.762412e-01   1.815120e-26   3.255297e-04   1.317424e-27   264
  7.772498e-01   1.486428e-26   3.336195e-04   7.737448e-28   444
  7.786065e-01   1.548040e-26   3.654311e-04   5.697968e-28   696
  7.797327e-01   1.626376e-26   1.954448e-04   9.982323e-28   384
  7.805563e-01   1.198923e-26   2.469609e-04   5.388745e-28   432
  7.818373e-01   1.615510e-26   1.706384e-04   7.153385e-28   488
  7.826690e-01   1.554002e-26   2.571733e-04   7.482909e-28   480
  7.838749e-01   1.238585e-26   2.868014e-04   6.690816e-28   480
  7.848089e-01   1.130457e-26   1.203331e-04   6.588071e-28   240
  7.858692e-01   1.471614e-26   2.810886e-04   7.164539e-28   600
  7.868694e-01   1.007993e-26   2.449399e-04   6.279354e-28   288
  7.879343e-01   1.312204e-26   2.356143e-04   6.485355e-28   480
  7.890129e-01   1.094561e-26   4.191157e-04   5.800438e-28   504
  7.900748e-01   1.366654e-26   1.798267e-04   7.927211e-28   216
  7.914291e-01   1.192841e-26   2.944050e-04   5.909333e-28   504
  7.924838e-01   1.001412e-26   2.367912e-04   4.679354e-28   456
  7.936384e-01   1.462580e-26   1.358038e-04   7.229052e-28   384
  7.944031e-01   1.468167e-26   2.756326e-04   8.125587e-28   480
  7.954897e-01   9.484792e-27   2.420363e-04   5.257805e-28   504
  7.964966e-01   1.160362e-26   1.535327e-04   7.067969e-28   312
  7.975815e-01   1.234641e-26   2.474127e-04   6.484582e-28   492
  7.985417e-01   1.456706e-26   2.318919e-04   9.563026e-28   312
  7.997779e-01   1.043192e-26   3.766899e-04   4.751444e-28   576
  8.008661e-01   1.274960e-26   3.477153e-04   8.349712e-28   336
  8.017699e-01   7.410012e-27   2.677247e-04   5.641286e-28   240
  8.030228e-01   1.134370e-26   3.549351e-04   5.672227e-28   468
  8.041047e-01   1.163565e-26   2.222407e-04   9.471235e-28   192
  8.052370e-01   9.187547e-27   2.229031e-04   5.900637e-28   324
  8.060669e-01   1.016470e-26   1.617794e-04   4.578787e-28   600
  8.071978e-01   1.095935e-26   2.624704e-04   5.180018e-28   456
  8.080377e-01   1.039113e-26   1.180592e-04   7.208189e-28   336
  8.094297e-01   1.188802e-26   3.535027e-04   6.149930e-28   612
  8.104424e-01   9.919589e-27   2.966749e-04   1.278561e-27   144
  8.114002e-01   1.067068e-26   3.462957e-04   4.903888e-28   552
  8.127025e-01   6.238621e-27   1.363755e-04   3.780808e-28   264
  8.134384e-01   9.144525e-27   3.157441e-04   6.282520e-28   336
  8.145992e-01   7.700566e-27   2.086329e-04   3.970846e-28   384
  8.156059e-01   1.006689e-26   1.174397e-04   7.196956e-28   216
  8.167203e-01   6.673951e-27   2.489964e-04   4.055017e-28   344
  8.177364e-01   7.526226e-27   3.715143e-04   4.332642e-28   408
  8.189746e-01   7.358207e-27   2.854845e-04   5.908943e-28   264
  8.200718e-01   8.442011e-27   3.979796e-04   4.590410e-28   612
  8.211681e-01   1.192368e-26   2.048307e-04   7.144359e-28   408
  8.222956e-01   7.963002e-27   2.051251e-04   5.313436e-28   444
  8.231239e-01   1.453938e-26   1.147249e-04   1.115460e-27   120
  8.242338e-01   9.810653e-27   3.169640e-04   6.663633e-28   336
  8.250576e-01   7.701217e-27   1.101437e-04   5.365117e-28   288
  8.261708e-01   7.998752e-27   3.427692e-04   3.902498e-28   552
  8.277012e-01   1.012382e-26   0.000000e+00   1.235816e-27   72
  8.284882e-01   7.686042e-27   3.404572e-04   4.482429e-28   504
  8.294074e-01   4.240241e-27   1.095558e-04   2.899637e-28   216
  8.305983e-01   5.772069e-27   1.956043e-04   4.130180e-28   312
  8.316675e-01   6.014376e-27   2.227263e-04   3.847487e-28   336
  8.326865e-01   5.139958e-27   3.087236e-04   4.413638e-28   204
  8.337014e-01   1.044965e-26   3.587838e-04   7.094715e-28   504
  8.347777e-01   9.008471e-27   3.416652e-04   5.661245e-28   396
  8.358127e-01   7.339122e-27   3.133249e-04   5.152990e-28   312
  8.370674e-01   1.014090e-26   1.914750e-04   8.962081e-28   216
  8.379516e-01   6.805355e-27   1.039172e-04   6.413599e-28   168
  8.390260e-01   6.660957e-27   2.623966e-04   3.574707e-28   588
  8.402521e-01   4.910219e-27   3.561727e-04   4.369197e-28   240
  8.412047e-01   4.549783e-27   3.145601e-04   3.506838e-28   264
  8.423219e-01   5.439548e-27   3.890183e-04   3.883485e-28   288
  8.433131e-01   6.245618e-27   1.942596e-04   5.592458e-28   288
  8.445693e-01   4.830592e-27   1.824406e-04   3.442586e-28   288
  8.454153e-01   5.050070e-27   2.113423e-04   4.327645e-28   192
  8.464795e-01   3.548822e-27   2.248894e-04   2.463212e-28   264
  8.474933e-01   9.240258e-27   3.699119e-04   5.508581e-28   372
  8.485844e-01   9.597397e-27   3.995208e-04   6.971985e-28   360
  8.499161e-01   8.941172e-27   1.690810e-04   1.099077e-27   144
  8.506044e-01   5.396118e-27   2.348461e-04   4.949633e-28   296
  8.516909e-01   5.656324e-27   2.530345e-04   4.315103e-28   288
  8.529347e-01   5.807550e-27   3.781537e-04   3.458493e-28   480
  8.540076e-01   4.040769e-27   3.142096e-04   5.169133e-28   192
  8.550509e-01   6.977404e-27   3.370327e-04   6.432591e-28   192
  8.559992e-01   5.203245e-27   2.147949e-04   4.474920e-28   288
  8.573180e-01   2.740435e-27   1.869760e-04   2.613459e-28   108
  8.579823e-01   5.179099e-27   1.797545e-04   3.627531e-28   240
  8.591554e-01   3.888380e-27   3.353363e-04   3.368139e-28   384
  8.603605e-01   5.552732e-27   4.090722e-04   5.735354e-28   108
  8.614261e-01   6.723230e-27   2.398466e-04   3.907685e-28   348
  8.625466e-01   4.869268e-27   2.503134e-04   4.684371e-28   312
  8.635474e-01   4.409434e-27   2.432319e-04   8.191708e-28   96
  8.644677e-01   4.467220e-27   3.238194e-04   3.024026e-28   384
  8.654984e-01   4.842676e-27   2.227222e-04   5.083649e-28   144
  8.665066e-01   4.905600e-27   3.422225e-04   3.323693e-28   408
  8.677598e-01   2.495290e-27   1.526554e-04   2.225933e-28   144
  8.689437e-01   4.634194e-27   2.934816e-04   4.734493e-28   192
  8.696459e-01   6.191639e-27   3.303190e-04   4.965003e-28   144
  8.707904e-01   2.701620e-27   2.685615e-04   2.572375e-28   144
  8.718702e-01   4.312479e-27   3.282257e-04   3.146986e-28   336
  8.731927e-01   2.632742e-27   2.428454e-04   1.842296e-28   240
  8.740312e-01   2.709049e-27   1.102739e-04   3.980883e-28   96
  8.752007e-01   5.317509e-27   3.233803e-04   4.433869e-28   372
  8.763838e-01   3.618048e-27   3.846540e-04   5.223317e-28   132
  8.774230e-01   2.644341e-27   2.380193e-04   1.758573e-28   264
  8.783527e-01   4.898866e-27   1.827880e-04   5.463776e-28   168
  8.793449e-01   4.189599e-27   2.922429e-04   3.313538e-28   216
  8.802213e-01   3.611609e-27   1.787978e-04   5.465515e-28   216
  8.814979e-01   1.603475e-27   3.280196e-04   1.379294e-28   96
  8.826561e-01   5.375521e-27   2.140028e-04   7.877523e-28   120
  8.837183e-01   2.976273e-27   2.720578e-04   2.620176e-28   216
  8.845934e-01   2.525752e-27   1.188902e-04   2.333534e-28   200
  8.857519e-01   3.027805e-27   3.077557e-04   3.021634e-28   288
  8.872378e-01   1.156350e-27   8.097649e-05   8.464535e-29   144
  8.878635e-01   3.623769e-27   2.519939e-04   4.736681e-28   168
  8.891412e-01   4.721367e-27   2.835956e-04   7.100776e-28   159
  8.901386e-01   2.283348e-27   2.975600e-04   2.087768e-28   174
  8.911039e-01   2.411129e-27   2.698170e-04   2.151768e-28   144
  8.923678e-01   3.519139e-27   1.557998e-04   3.213062e-28   222
  8.932131e-01   2.134078e-27   1.572158e-04   2.246270e-28   168
  8.946732e-01   4.343363e-27   3.448346e-04   6.669832e-28   30
  8.952763e-01   8.019432e-28   3.044637e-04   7.204368e-29   72
  8.964123e-01   2.030430e-27   2.717302e-04   2.034795e-28   258
  8.976612e-01   1.839408e-27   1.701916e-04   1.413335e-28   264
  8.982857e-01   2.670741e-27   1.835347e-08   3.929002e-28   72
  8.995871e-01   1.255838e-27   3.373270e-04   1.178964e-28   174
  9.007654e-01   1.922416e-27   3.591909e-04   2.024955e-28   168
  9.017127e-01   6.069299e-28   1.123916e-08   4.485491e-29   48
  9.027297e-01   1.274395e-27   2.028435e-04   1.639141e-28   150
  9.039088e-01   2.589761e-27   3.731453e-04   1.974116e-28   168
  9.050911e-01   1.335326e-27   2.273028e-04   9.970673e-29   144
  9.061784e-01   2.817314e-27   2.123525e-04   4.060300e-28   102
  9.069882e-01   7.383966e-28   3.143182e-04   6.555513e-29   96
  9.082731e-01   7.116471e-28   3.119397e-04   5.455941e-29   120
  9.092246e-01   5.120771e-28   3.345635e-04   2.573251e-29   168
  9.102538e-01   2.669851e-27   2.470487e-04   2.020150e-28   126
  9.111308e-01   1.784624e-27   1.863241e-04   2.115353e-28   168
  9.123389e-01   9.259316e-28   2.987709e-04   8.494133e-29   72
  9.133947e-01   8.985080e-28   3.741278e-04   5.556087e-29   168
  9.143196e-01   2.286493e-27   1.025668e-04   5.193334e-28   78
  9.155870e-01   8.004109e-28   1.684070e-04   6.142041e-29   60
  9.166075e-01   2.910568e-27   2.731835e-04   3.425334e-28   96
  9.176659e-01   1.133934e-27   3.314854e-04   8.183890e-29   168
  9.186605e-01   1.036509e-27   2.097511e-04   2.091569e-28   86
  9.197042e-01   4.910034e-28   1.874678e-04   4.837303e-29   120
  9.212002e-01   7.794251e-28   1.336894e-04   5.549718e-29   168
  9.220069e-01   5.477711e-28   0.000000e+00   5.975901e-29   48
  9.230934e-01   1.539058e-27   2.435676e-04   1.374333e-28   120
  9.237177e-01   9.469076e-28   1.776924e-04   1.220315e-28   126
  9.252418e-01   1.079012e-27   3.125113e-04   9.795660e-29   96
  9.262310e-01   9.539115e-28   9.011285e-05   7.885075e-29   96
  9.270111e-01   6.835521e-28   1.059638e-08   5.894832e-29   72
  9.286731e-01   7.214327e-28   1.123916e-08   1.113003e-28   24
  9.297104e-01   1.111188e-27   1.854501e-04   1.453490e-28   120
  9.305196e-01   1.043874e-27   2.705147e-04   1.238725e-28   126
  9.314194e-01   5.266528e-28   2.255107e-04   6.068548e-29   96
  9.324708e-01   3.469948e-28   3.897482e-04   2.257128e-29   72
  9.336415e-01   5.022609e-28   1.685792e-04   3.647745e-29   144
  9.346046e-01   5.977130e-28   9.723254e-05   5.971386e-29   72
  9.355666e-01   7.587327e-28   1.942081e-04   1.816204e-28   54
  9.364132e-01   9.404085e-28   1.711436e-04   1.388662e-28   108
  9.381728e-01   1.055186e-27   1.677650e-04   1.161286e-28   72
  9.387206e-01   7.367377e-28   9.680617e-05   8.362563e-29   72
  9.400202e-01   7.118565e-28   1.946680e-08   9.170283e-29   24
  9.412498e-01   2.264269e-28   2.047976e-04   2.668848e-29   48
  9.419964e-01   6.598329e-28   1.560029e-04   1.039969e-28   102
  9.431203e-01   5.322444e-28   3.528137e-04   4.858941e-29   168
  9.445889e-01   2.969537e-28   1.924163e-04   2.967187e-29   72
  9.451330e-01   3.921073e-28   0.000000e+00   5.119807e-29   48
  9.462744e-01   5.153855e-28   3.309678e-04   2.990732e-29   120
  9.477807e-01   4.007543e-28   2.033864e-04   2.580789e-29   96
  9.492033e-01   1.471129e-27   1.798266e-08   4.701398e-28   30
  9.508942e-01   8.418605e-28   9.555995e-05   8.202547e-29   72
  9.516372e-01   4.375072e-28   1.123916e-08   7.219840e-29   24
  9.525916e-01   2.440329e-28   1.416435e-04   2.253823e-29   56
  9.536606e-01   1.564743e-28   2.021324e-04   1.071793e-29   96
  9.549399e-01   3.712327e-28   2.232036e-04   2.699984e-29   144
  9.559263e-01   5.910998e-28   1.267263e-04   1.538389e-28   54
  9.573592e-01   3.466718e-28   1.898493e-04   2.128383e-29   108
  9.588012e-01   7.395967e-28   1.005243e-04   1.056684e-28   48
  9.601739e-01   3.785388e-28   3.785063e-04   3.018562e-29   72
  9.634680e-01   5.093577e-28   2.500803e-04   5.940380e-29   78
  9.643808e-01   1.473024e-28   1.884669e-04   1.499349e-29   72
  9.654462e-01   1.894086e-28   1.882329e-04   1.345993e-29   72
  9.665603e-01   3.312587e-28   4.542266e-04   3.609636e-29   96
  9.674408e-01   2.408230e-28   1.878449e-04   1.753133e-29   72
  9.685029e-01   2.923021e-28   0.000000e+00   5.032851e-29   24
  9.695638e-01   3.230884e-28   3.748416e-04   2.515597e-29   72
  9.719599e-01   3.555297e-28   2.380359e-04   2.658074e-29   30
  9.724755e-01   4.228325e-28   0.000000e+00   5.185900e-29   24
  9.752466e-01   1.124534e-28   1.976584e-04   1.234255e-29   48
  9.761159e-01   1.985000e-28   4.253608e-04   1.605403e-29   120
  9.772870e-01   1.543092e-28   1.859776e-04   1.363918e-29   72
  9.784697e-01   1.878993e-28   1.857528e-04   2.092218e-29   36
  9.792826e-01   2.265899e-28   3.671339e-04   3.561858e-29   78
  9.815513e-01   2.518459e-28   1.963888e-04   3.183128e-29   48
  9.844928e-01   4.836487e-28   1.589457e-08   5.062859e-29   24
  9.865884e-01   9.140176e-29   1.367612e-04   8.908550e-30   56
  9.876436e-01   1.303761e-28   2.104496e-04   1.227005e-29   102
  9.889860e-01   1.655365e-28   1.498555e-08   1.532225e-29   72
  9.897653e-01   1.841861e-28   1.123916e-08   2.783877e-29   24
  9.911277e-01   1.438152e-28   1.944913e-04   1.475685e-29   48
  9.936528e-01   2.559610e-28   0.000000e+00   4.221776e-29   24
  9.967520e-01   2.952365e-28   0.000000e+00   5.938786e-29   6
  9.977185e-01   5.719708e-29   0.000000e+00   6.983163e-30   24
  9.983623e-01   1.068097e-28   1.820511e-04   7.285339e-30   72
  9.995384e-01   9.939394e-29   3.396336e-04   6.870156e-30   84
  1.000805e+00   1.377773e-28   0.000000e+00   2.307327e-29   24
  1.001190e+00   1.086869e-28   1.589457e-08   1.306610e-29   24
  1.003114e+00   1.699790e-28   1.946680e-08   2.054826e-29   24
  1.005800e+00   3.028896e-28   0.000000e+00   7.887268e-29   6
  1.009244e+00   8.402843e-29   1.910001e-04   8.067387e-30   48
  1.010072e+00   7.321130e-29   3.598129e-04   6.745641e-30   72
  1.011152e+00   1.049263e-28   1.906396e-04   1.023550e-29   48
  1.012867e+00   1.193253e-28   0.000000e+00   2.102353e-29   24
  1.015148e+00   3.196209e-28   0.000000e+00   9.969555e-29   6
  1.020262e+00   3.815857e-29   0.000000e+00   1.089469e-29   8
  1.020640e+00   6.246649e-29   1.123916e-08   5.623101e-30   48
  1.021546e+00   7.339195e-29   1.848806e-04   6.166485e-30   60
  1.022904e+00   8.568473e-29   0.000000e+00   1.587648e-29   24
  1.024787e+00   1.277044e-28   0.000000e+00   1.157788e-29   6
  1.031723e+00   6.419114e-29   0.000000e+00   7.945375e-30   24
  1.032283e+00   6.154985e-29   1.867372e-04   5.997172e-30   48
  1.033217e+00   8.395494e-29   0.000000e+00   1.023111e-29   24
  1.034708e+00   6.014941e-29   0.000000e+00   1.361146e-29   6
  1.043181e+00   4.865674e-29   1.742080e-04   6.263636e-30   36
  1.043797e+00   5.099223e-29   0.000000e+00   5.439702e-30   24
  1.044904e+00   9.273905e-29   0.000000e+00   1.861539e-29   6
  1.054545e+00   4.195227e-29   1.583190e-04   4.806731e-30   32
  1.055367e+00   5.594920e-29   0.000000e+00   8.971140e-30   6
  1.065728e+00   7.264966e-29   0.000000e+00   8.576237e-30   12
  1.066089e+00   1.434606e-29   0.000000e+00   3.264137e-30   6
  1.077063e+00   2.057423e-29   0.000000e+00   6.306517e-30   6
