# power spectrum of phi
# redshift z=48.519783
# k              Pk             sigma(k)       sigma(Pk)      count
  1.963495e-02   1.710082e-10   0.000000e+00   6.893277e-11   6
  2.776802e-02   6.995510e-11   0.000000e+00   1.396529e-11   12
  3.400874e-02   4.017420e-11   3.725290e-10   8.188903e-12   8
  3.926991e-02   1.103180e-10   0.000000e+00   1.187134e-11   6
  4.390509e-02   6.560256e-11   7.024475e-10   2.091419e-11   24
  4.809562e-02   8.342197e-11   7.024475e-10   1.407832e-11   24
  5.553604e-02   3.192828e-11   0.000000e+00   1.436149e-11   12
  5.890486e-02   3.513736e-11   7.947286e-10   6.437358e-12   30
  6.209118e-02   4.265484e-11   0.000000e+00   9.392547e-12   24
  6.512178e-02   3.711138e-11   1.216675e-09   9.206288e-12   24
  6.801748e-02   4.093238e-11   7.450581e-10   8.280418e-12   8
  7.079483e-02   3.366884e-11   9.934107e-10   4.195329e-12   24
  7.346727e-02   3.027490e-11   0.000000e+00   4.260360e-12   48
  7.853982e-02   3.386603e-11   0.000000e+00   1.489168e-11   6
  8.095699e-02   2.536333e-11   9.934107e-10   3.553991e-12   48
  8.330406e-02   2.261771e-11   9.365966e-10   2.367299e-12   36
  8.558678e-02   3.052598e-11   9.934107e-10   6.395515e-12   24
  8.781018e-02   1.744343e-11   1.404895e-09   2.988838e-12   24
  8.997866e-02   1.488958e-11   0.000000e+00   2.019608e-12   48
  9.209610e-02   2.161641e-11   1.404895e-09   3.075561e-12   24
  9.619124e-02   1.627906e-11   1.404895e-09   2.553172e-12   24
  9.817477e-02   1.073916e-11   0.000000e+00   1.759597e-12   30
  1.001190e-01   1.124175e-11   0.000000e+00   1.231356e-12   72
  1.020262e-01   1.092449e-11   1.490116e-09   2.239810e-12   32
  1.057375e-01   1.346560e-11   0.000000e+00   1.551776e-12   72
  1.075451e-01   8.269667e-12   0.000000e+00   1.209752e-12   48
  1.110721e-01   4.154240e-12   0.000000e+00   1.234049e-12   12
  1.127942e-01   8.173369e-12   0.000000e+00   1.223047e-12   48
  1.144905e-01   7.103341e-12   0.000000e+00   6.997209e-13   48
  1.161620e-01   9.427931e-12   1.404895e-09   1.192836e-12   48
  1.178097e-01   1.120238e-11   1.589457e-09   1.961804e-12   30
  1.194348e-01   1.049956e-11   0.000000e+00   2.358509e-12   24
  1.210380e-01   1.035568e-11   2.961779e-09   1.064291e-12   72
  1.241824e-01   6.132665e-12   0.000000e+00   1.167024e-12   24
  1.257251e-01   8.953371e-12   0.000000e+00   8.736168e-13   96
  1.272490e-01   6.788381e-12   0.000000e+00   9.075431e-13   48
  1.287550e-01   5.556855e-12   2.433349e-09   1.359804e-12   24
  1.302436e-01   4.147371e-12   2.433349e-09   8.549315e-13   24
  1.317153e-01   9.589974e-12   0.000000e+00   1.167696e-12   72
  1.331707e-01   7.272957e-12   0.000000e+00   1.118218e-12   48
  1.360350e-01   5.796223e-12   1.490116e-09   1.720081e-12   8
  1.374447e-01   8.941097e-12   1.766064e-09   1.089323e-12   54
  1.388401e-01   5.755047e-12   0.000000e+00   9.842478e-13   84
  1.402216e-01   6.506523e-12   0.000000e+00   9.390307e-13   48
  1.415897e-01   3.881271e-12   1.986821e-09   6.890695e-13   24
  1.429446e-01   5.153622e-12   2.649095e-09   6.056479e-13   72
  1.442869e-01   6.618118e-12   0.000000e+00   7.496098e-13   96
  1.469345e-01   8.439471e-12   0.000000e+00   9.207339e-13   48
  1.482407e-01   4.613863e-12   0.000000e+00   4.353255e-13   48
  1.495354e-01   4.089995e-12   0.000000e+00   7.966787e-13   24
  1.508189e-01   4.430261e-12   0.000000e+00   4.818009e-13   72
  1.533539e-01   4.288925e-12   0.000000e+00   5.063733e-13   72
  1.546058e-01   4.214054e-12   0.000000e+00   4.806434e-13   96
  1.570796e-01   6.277484e-12   0.000000e+00   2.752963e-12   6
  1.583021e-01   4.590164e-12   0.000000e+00   4.560659e-13   96
  1.595151e-01   4.649035e-12   1.986821e-09   4.963688e-13   96
  1.607190e-01   2.982988e-12   0.000000e+00   7.106892e-13   24
  1.619140e-01   3.355576e-12   1.986821e-09   3.964101e-13   48
  1.631002e-01   3.402333e-12   0.000000e+00   3.420476e-13   96
  1.642778e-01   3.603825e-12   0.000000e+00   4.889414e-13   48
  1.666081e-01   3.303875e-12   1.873193e-09   5.967354e-13   36
  1.677611e-01   3.289634e-12   3.441276e-09   4.093914e-13   48
  1.689063e-01   3.573375e-12   3.893359e-09   3.188675e-13   120
  1.700437e-01   3.089273e-12   0.000000e+00   4.067509e-13   56
  1.711736e-01   1.684862e-12   1.986821e-09   2.968275e-13   24
  1.722960e-01   2.477778e-12   0.000000e+00   2.209278e-13   96
  1.734112e-01   2.574752e-12   0.000000e+00   3.309936e-13   48
  1.756204e-01   3.269417e-12   2.809790e-09   6.057397e-13   24
  1.767146e-01   3.387103e-12   0.000000e+00   3.391404e-13   102
  1.778021e-01   3.748843e-12   1.986821e-09   5.684750e-13   48
  1.788829e-01   3.228091e-12   0.000000e+00   3.260641e-13   72
  1.799573e-01   2.912535e-12   0.000000e+00   2.931695e-13   48
  1.810253e-01   3.282186e-12   0.000000e+00   6.008131e-13   48
  1.820871e-01   2.675264e-12   4.495664e-09   2.447188e-13   120
  1.841922e-01   3.751496e-12   2.809790e-09   6.218997e-13   24
  1.852358e-01   2.332328e-12   2.649095e-09   1.962921e-13   144
  1.862735e-01   2.351930e-12   3.178914e-09   2.302201e-13   120
  1.873055e-01   2.007166e-12   2.809790e-09   2.822388e-13   48
  1.893526e-01   2.703354e-12   2.809790e-09   3.616960e-13   48
  1.903679e-01   2.206346e-12   2.809790e-09   2.229342e-13   96
  1.930487e-01   2.746546e-12   4.711199e-04   3.255906e-13   72
  1.943761e-01   2.105729e-12   2.497591e-09   1.591135e-13   108
  1.953653e-01   2.396803e-12   0.000000e+00   2.555691e-13   72
  1.963495e-01   1.553400e-12   0.000000e+00   3.141578e-13   30
  1.973288e-01   2.457076e-12   0.000000e+00   1.896167e-13   168
  1.983033e-01   2.631781e-12   0.000000e+00   3.057459e-13   48
  2.002380e-01   1.676443e-12   0.000000e+00   1.994288e-13   72
  2.011984e-01   2.248624e-12   0.000000e+00   2.159463e-13   96
  2.021542e-01   2.099990e-12   5.298191e-09   3.229539e-13   72
  2.031055e-01   2.387587e-12   0.000000e+00   2.556079e-13   72
  2.047049e-01   2.188713e-12   4.350048e-04   1.687122e-13   104
  2.059331e-01   2.004185e-12   3.746387e-09   1.485168e-13   144
  2.087224e-01   1.383360e-12   6.282881e-09   1.319313e-13   96
  2.096439e-01   1.381093e-12   0.000000e+00   1.434822e-13   96
  2.111095e-01   1.925497e-12   4.475232e-04   1.785801e-13   120
  2.123845e-01   1.612631e-12   0.000000e+00   1.444322e-13   120
  2.132902e-01   1.941540e-12   0.000000e+00   2.108807e-13   72
  2.150901e-01   1.989219e-12   0.000000e+00   2.636318e-13   48
  2.159845e-01   1.947457e-12   4.890638e-09   2.303613e-13   78
  2.171286e-01   2.031866e-12   4.007142e-04   1.597828e-13   168
  2.195255e-01   1.819987e-12   4.588368e-09   1.555083e-13   144
  2.204018e-01   1.984161e-12   3.746387e-09   1.425693e-13   144
  2.229436e-01   1.648960e-12   2.307791e-04   1.460383e-13   156
  2.238729e-01   1.287699e-12   4.866699e-09   2.511864e-13   48
  2.247323e-01   1.477327e-12   3.178914e-09   1.390958e-13   120
  2.255884e-01   1.005202e-12   0.000000e+00   1.045987e-13   48
  2.271022e-01   1.526670e-12   3.532495e-04   1.076175e-13   216
  2.289809e-01   1.206699e-12   0.000000e+00   1.436380e-13   48
  2.298212e-01   1.199305e-12   2.809790e-09   1.032596e-13   96
  2.310160e-01   1.352743e-12   4.128272e-04   1.191692e-13   168
  2.323239e-01   1.070435e-12   2.809790e-09   1.534611e-13   48
  2.331522e-01   1.480277e-12   0.000000e+00   1.485474e-13   96
  2.339775e-01   1.249736e-12   0.000000e+00   2.275256e-13   48
  2.356194e-01   1.542507e-12   3.178914e-09   1.584574e-13   30
  2.364362e-01   1.023729e-12   0.000000e+00   8.408978e-14   96
  2.374123e-01   1.253327e-12   3.244455e-04   8.704857e-14   240
  2.386674e-01   1.911179e-12   3.500299e-04   2.758303e-13   32
  2.396752e-01   9.298774e-13   0.000000e+00   6.777649e-14   168
  2.404781e-01   1.094620e-12   0.000000e+00   1.062334e-13   120
  2.420760e-01   9.200486e-13   5.923557e-09   1.098470e-13   72
  2.428710e-01   1.375962e-12   2.649095e-09   1.271831e-13   144
  2.436634e-01   1.021031e-12   0.000000e+00   9.949713e-14   96
  2.444532e-01   1.267282e-12   0.000000e+00   1.021510e-13   96
  2.460253e-01   1.482220e-12   0.000000e+00   1.830290e-13   72
  2.468075e-01   1.061258e-12   3.973643e-09   1.045817e-13   96
  2.483647e-01   1.208599e-12   0.000000e+00   2.217755e-13   24
  2.491396e-01   1.183310e-12   0.000000e+00   8.359724e-14   192
  2.500522e-01   1.107813e-12   2.970416e-04   8.396537e-14   132
  2.514501e-01   1.213107e-12   0.000000e+00   1.048519e-13   96
  2.522156e-01   8.119395e-13   0.000000e+00   8.220554e-14   96
  2.529787e-01   1.042693e-12   3.178914e-09   8.579182e-14   120
  2.544981e-01   1.117179e-12   0.000000e+00   1.521613e-13   48
  2.557435e-01   8.122009e-13   3.599905e-04   5.065385e-14   222
  2.567603e-01   1.017872e-12   0.000000e+00   9.445956e-14   120
  2.575100e-01   9.696597e-13   4.866699e-09   1.974133e-13   24
  2.586015e-01   1.192600e-12   3.715625e-04   6.652556e-14   312
  2.609797e-01   1.276678e-12   3.483547e-04   1.349005e-13   72
  2.619630e-01   8.731784e-13   4.866699e-09   1.078663e-13   96
  2.629726e-01   1.080044e-12   3.547511e-04   8.580286e-14   192
  2.641613e-01   9.381183e-13   4.495664e-09   9.962074e-14   120
  2.648900e-01   9.563243e-13   0.000000e+00   9.368258e-14   144
  2.663415e-01   8.831382e-13   0.000000e+00   1.259427e-13   48
  2.673732e-01   8.347134e-13   3.567146e-04   5.042773e-14   336
  2.685040e-01   9.200895e-13   0.000000e+00   1.169132e-13   48
  2.699360e-01   8.550577e-13   0.000000e+00   7.932053e-14   192
  2.706492e-01   8.062208e-13   0.000000e+00   9.780471e-14   48
  2.726764e-01   8.304347e-13   2.476067e-04   1.008324e-13   56
  2.736844e-01   8.446723e-13   3.180112e-04   4.650797e-14   336
  2.748894e-01   8.550396e-13   3.532127e-09   1.268283e-13   54
  2.759390e-01   7.756881e-13   3.492904e-04   4.848618e-14   240
  2.781181e-01   7.826854e-13   3.344484e-04   6.175136e-14   228
  2.790651e-01   8.579304e-13   3.746387e-09   1.105583e-13   72
  2.799844e-01   8.928801e-13   3.244231e-04   6.601286e-14   144
  2.811298e-01   7.556106e-13   0.000000e+00   7.238636e-14   96
  2.818146e-01   7.342541e-13   4.495664e-09   4.866367e-14   240
  2.831793e-01   6.224620e-13   3.973643e-09   1.163516e-13   24
  2.840530e-01   7.568706e-13   3.064151e-04   4.362712e-14   336
  2.852142e-01   6.168820e-13   0.000000e+00   7.235160e-14   72
  2.862741e-01   8.594443e-13   3.332831e-04   6.285036e-14   168
  2.872346e-01   6.183747e-13   0.000000e+00   5.884238e-14   72
  2.885737e-01   9.185303e-13   0.000000e+00   8.969262e-14   96
  2.896108e-01   6.450401e-13   3.307829e-04   4.592194e-14   216
  2.905708e-01   5.300187e-13   0.000000e+00   4.043721e-14   96
  2.918946e-01   6.460812e-13   3.973643e-09   4.175676e-14   192
  2.925542e-01   6.517149e-13   3.746387e-09   5.109234e-14   144
  2.938691e-01   5.974471e-13   0.000000e+00   7.679847e-14   48
  2.947794e-01   6.834833e-13   3.189136e-04   4.802133e-14   246
  2.960164e-01   8.211488e-13   2.940434e-04   6.278949e-14   168
  2.971308e-01   6.629390e-13   7.786718e-09   7.461529e-14   120
  2.977788e-01   5.458328e-13   0.000000e+00   3.789136e-14   240
  2.990707e-01   4.343256e-13   0.000000e+00   8.857214e-14   24
  3.001001e-01   6.037489e-13   3.147475e-04   3.613009e-14   360
  3.013820e-01   6.543233e-13   3.134082e-04   5.132516e-14   120
  3.022763e-01   6.462652e-13   0.000000e+00   5.358653e-14   144
  3.029133e-01   7.094973e-13   0.000000e+00   6.113679e-14   96
  3.048165e-01   6.268321e-13   0.000000e+00   4.785880e-14   144
  3.054482e-01   6.933149e-13   0.000000e+00   6.052558e-14   132
  3.063360e-01   5.687364e-13   3.093292e-04   4.215629e-14   176
  3.076248e-01   5.790024e-13   3.123602e-04   3.094811e-14   312
  3.092116e-01   7.690356e-13   0.000000e+00   1.120961e-13   96
  3.098343e-01   5.096529e-13   0.000000e+00   4.555306e-14   144
  3.107899e-01   5.886492e-13   3.092271e-04   3.475539e-14   312
  3.123131e-01   5.985629e-13   0.000000e+00   5.991329e-14   48
  3.129297e-01   5.043604e-13   3.973643e-09   3.641924e-14   192
  3.141593e-01   2.539305e-13   0.000000e+00   7.799058e-14   6
  3.149762e-01   4.746723e-13   2.884066e-04   2.569723e-14   288
  3.162994e-01   4.929008e-13   3.047203e-04   3.652668e-14   192
  3.172124e-01   4.612925e-13   9.345130e-09   2.967846e-14   216
  3.178195e-01   5.534555e-13   0.000000e+00   7.435408e-14   72
  3.193321e-01   4.966238e-13   3.018264e-04   4.229164e-14   192
  3.203366e-01   5.891411e-13   2.241224e-04   3.651193e-14   288
  3.214381e-01   4.806757e-13   0.000000e+00   9.395917e-14   24
  3.222890e-01   5.326190e-13   2.952626e-04   2.599962e-14   456
  3.238280e-01   3.624610e-13   0.000000e+00   5.520296e-14   48
  3.247789e-01   4.966428e-13   2.908218e-04   3.531735e-14   240
  3.258718e-01   5.804830e-13   2.939082e-04   3.844974e-14   216
  3.267908e-01   4.421584e-13   0.000000e+00   5.341588e-14   72
  3.273801e-01   4.220047e-13   1.015467e-08   3.470724e-14   168
  3.290441e-01   4.973721e-13   2.184577e-04   3.167262e-14   288
  3.299773e-01   5.091868e-13   2.890570e-04   3.658321e-14   168
  3.314762e-01   5.417152e-13   0.000000e+00   4.138905e-14   192
  3.320572e-01   4.225340e-13   3.746387e-09   3.037088e-14   144
  3.332162e-01   6.228193e-13   3.746387e-09   8.000349e-14   36
  3.341991e-01   3.756277e-13   2.639705e-04   1.974876e-14   342
  3.351389e-01   4.397099e-13   2.710657e-04   3.728211e-14   144
  3.363470e-01   4.359019e-13   2.842800e-04   2.381312e-14   384
  3.378125e-01   5.137177e-13   7.786718e-09   4.928319e-14   120
  3.385379e-01   5.034624e-13   2.534951e-04   3.018638e-14   264
  3.395201e-01   4.148197e-13   1.256576e-08   3.015788e-14   192
  3.404451e-01   4.280443e-13   2.731894e-04   3.276781e-14   152
  3.412191e-01   4.016081e-13   7.492773e-09   3.700348e-14   144
  3.428472e-01   3.305499e-13   1.768108e-04   2.428755e-14   216
  3.436008e-01   4.649072e-13   2.362665e-04   2.531754e-14   312
  3.449274e-01   3.938234e-13   2.738281e-04   2.258898e-14   240
  3.457090e-01   4.396231e-13   3.973643e-09   4.486868e-14   96
  3.471927e-01   3.510985e-13   2.617995e-04   2.849203e-14   144
  3.481071e-01   3.959921e-13   2.573258e-04   1.976131e-14   456
  3.495904e-01   2.946846e-13   0.000000e+00   1.940132e-14   120
  3.501414e-01   3.404889e-13   0.000000e+00   3.142579e-14   144
  3.512407e-01   2.767493e-13   5.619580e-09   4.516398e-14   24
  3.519456e-01   3.700601e-13   2.473498e-04   1.892145e-14   336
  3.531645e-01   3.525189e-13   2.727931e-04   2.650158e-14   198
  3.543067e-01   3.791655e-13   2.652756e-04   2.198443e-14   432
  3.556041e-01   4.801267e-13   7.947286e-09   4.953302e-14   48
  3.562810e-01   4.437063e-13   2.341925e-04   2.361202e-14   384
  3.574963e-01   3.772240e-13   2.696052e-04   3.216859e-14   144
  3.585975e-01   4.472541e-13   2.676825e-04   3.162339e-14   264
  3.599147e-01   3.119684e-13   0.000000e+00   2.997136e-14   48
  3.607984e-01   3.619557e-13   2.545223e-04   2.234386e-14   276
  3.616510e-01   3.377160e-13   2.307176e-04   2.944631e-14   192
  3.627906e-01   3.387823e-13   2.592759e-04   1.446197e-14   552
  3.641741e-01   2.426169e-13   6.357829e-09   2.325799e-14   120
  3.649965e-01   3.144564e-13   2.624511e-04   2.172460e-14   216
  3.657587e-01   3.136727e-13   6.357829e-09   2.480507e-14   120
  3.671201e-01   3.787133e-13   2.584500e-04   1.901302e-14   408
  3.683844e-01   2.367417e-13   5.619580e-09   3.130950e-14   24
  3.691684e-01   3.081002e-13   2.610810e-04   1.965135e-14   384
  3.702633e-01   2.645138e-13   2.550855e-04   1.763704e-14   240
  3.712141e-01   3.067309e-13   2.569535e-04   2.153460e-14   168
  3.725471e-01   2.386790e-13   0.000000e+00   2.388664e-14   120
  3.734064e-01   3.210670e-13   2.678605e-04   1.802054e-14   350
  3.748037e-01   3.323197e-13   4.409502e-04   1.926549e-14   384
  3.756388e-01   3.636851e-13   0.000000e+00   3.728932e-14   144
  3.771752e-01   2.712966e-13   5.298191e-09   1.771634e-14   288
  3.779773e-01   2.827888e-13   2.524053e-04   1.569361e-14   336
  3.790686e-01   3.031899e-13   2.297941e-04   2.345600e-14   168
  3.797219e-01   3.179917e-13   1.506181e-08   2.128039e-14   336
  3.810732e-01   2.463739e-13   2.385126e-04   1.446911e-14   288
  3.818848e-01   2.799368e-13   2.247398e-04   1.680466e-14   264
  3.832590e-01   2.763192e-13   0.000000e+00   1.794712e-14   240
  3.837616e-01   2.725257e-13   0.000000e+00   2.356530e-14   96
  3.855656e-01   3.133204e-13   3.056310e-04   1.826682e-14   360
  3.864075e-01   2.887596e-13   2.253025e-04   2.823695e-14   168
  3.874713e-01   2.785278e-13   2.456032e-04   1.328822e-14   456
  3.887523e-01   2.511221e-13   7.064254e-09   2.227406e-14   108
  3.894728e-01   2.257862e-13   2.464311e-04   1.519358e-14   264
  3.903716e-01   2.460650e-13   2.198567e-04   1.770389e-14   264
  3.916025e-01   2.869135e-13   2.074668e-04   1.591321e-14   312
  3.931351e-01   2.858837e-13   1.541705e-04   2.053170e-14   270
  3.937775e-01   2.713087e-13   1.957388e-04   2.123474e-14   240
  3.949323e-01   2.792016e-13   2.421536e-04   1.622371e-14   384
  3.956334e-01   2.202280e-13   7.947286e-09   1.496216e-14   192
  3.969952e-01   2.887844e-13   1.942960e-04   2.238038e-14   240
  3.977852e-01   2.751403e-13   2.397927e-04   1.617066e-14   336
  3.992708e-01   2.626917e-13   2.413972e-04   1.179586e-14   480
  4.004761e-01   2.722779e-13   5.298191e-09   3.034664e-14   72
  4.011493e-01   2.681717e-13   2.353842e-04   2.114832e-14   240
  4.020650e-01   2.239854e-13   2.212289e-04   1.249308e-14   312
  4.031147e-01   2.049520e-13   2.390954e-04   1.361676e-14   240
  4.047009e-01   2.453545e-13   1.816506e-04   1.291939e-14   408
  4.053288e-01   2.270071e-13   1.663482e-04   1.334261e-14   336
  4.065560e-01   2.380247e-13   2.112212e-04   1.819293e-14   264
  4.071591e-01   2.334503e-13   0.000000e+00   1.952665e-14   144
  4.088370e-01   2.310002e-13   2.927651e-04   1.261931e-14   464
  4.097211e-01   1.772464e-13   2.328083e-04   1.284615e-14   168
  4.105939e-01   2.536433e-13   2.120376e-04   1.512019e-14   336
  4.121713e-01   2.277029e-13   2.227870e-04   1.353432e-14   414
  4.130606e-01   2.932786e-13   2.319080e-04   2.214991e-14   216
  4.141998e-01   3.241186e-13   5.619580e-09   3.444345e-14   96
  4.146649e-01   2.179054e-13   1.376510e-08   1.238833e-14   384
  4.162944e-01   2.353284e-13   2.314600e-04   1.184784e-14   492
  4.171676e-01   2.096550e-13   2.263480e-04   1.314078e-14   240
  4.181546e-01   1.907498e-13   2.298225e-04   1.078546e-14   312
  4.195176e-01   1.722355e-13   2.297469e-04   1.268384e-14   192
  4.203810e-01   2.200363e-13   2.226525e-04   1.098947e-14   504
  4.215265e-01   2.156272e-13   1.473998e-04   1.366825e-14   408
  4.224284e-01   2.189816e-13   4.515774e-04   1.812154e-14   168
  4.235571e-01   2.211213e-13   2.145032e-04   1.489035e-14   288
  4.245041e-01   1.918428e-13   2.238525e-04   1.331349e-14   288
  4.254743e-01   1.854278e-13   2.251410e-04   9.731816e-15   432
  4.268815e-01   2.188862e-13   2.129084e-04   1.480615e-14   216
  4.276334e-01   1.920089e-13   2.124592e-04   1.065755e-14   360
  4.289721e-01   2.152634e-13   2.073582e-04   1.320918e-14   312
  4.301803e-01   2.674336e-13   0.000000e+00   4.271229e-14   48
  4.308767e-01   1.901537e-13   2.223178e-04   1.001956e-14   432
  4.321240e-01   1.747480e-13   3.708284e-04   9.077319e-15   414
  4.328606e-01   1.889296e-13   8.470833e-09   1.217183e-14   312
  4.342347e-01   2.024830e-13   3.253813e-04   1.088744e-14   528
  4.351620e-01   2.139686e-13   1.707976e-04   1.720097e-14   264
  4.362761e-01   1.930001e-13   2.025191e-04   1.112191e-14   480
  4.377318e-01   1.886549e-13   0.000000e+00   1.113754e-14   288
  4.383604e-01   1.963721e-13   2.176005e-04   1.766002e-14   168
  4.395105e-01   2.010656e-13   3.444610e-04   9.573232e-15   504
  4.408036e-01   2.576987e-13   5.298191e-09   2.207994e-14   144
  4.416171e-01   1.631860e-13   2.212265e-04   7.946034e-15   464
  4.428396e-01   1.520909e-13   3.246624e-04   7.889472e-15   432
  4.434197e-01   2.017187e-13   5.619580e-09   1.479682e-14   192
  4.449189e-01   1.585044e-13   2.406833e-04   7.754707e-15   396
  4.458042e-01   1.637700e-13   2.162000e-04   1.040674e-14   288
  4.466990e-01   1.638683e-13   2.135686e-04   9.896253e-15   336
  4.481283e-01   1.584377e-13   1.352359e-04   8.213469e-15   432
  4.490354e-01   1.768165e-13   3.505126e-04   1.018360e-14   360
  4.500539e-01   1.665931e-13   2.073334e-04   8.005729e-15   384
  4.515004e-01   1.430786e-13   1.830116e-04   1.079823e-14   198
  4.521974e-01   1.669398e-13   2.080246e-04   7.899048e-15   552
  4.534970e-01   1.635231e-13   2.912202e-04   1.187355e-14   432
  4.545821e-01   1.790107e-13   1.112388e-08   1.447079e-14   168
  4.554927e-01   1.839647e-13   3.610065e-04   1.011047e-14   480
  4.566974e-01   1.220880e-13   0.000000e+00   1.178995e-14   120
  4.572396e-01   1.623347e-13   2.948545e-04   1.134491e-14   336
  4.585628e-01   1.602230e-13   2.080152e-04   6.971424e-15   672
  4.598711e-01   1.746075e-13   3.025866e-04   8.430408e-15   528
  4.604805e-01   1.260997e-13   9.082613e-09   8.504887e-15   168
  4.618883e-01   1.620283e-13   3.375333e-04   8.219814e-15   456
  4.627474e-01   1.982718e-13   2.061344e-04   2.446473e-14   168
  4.636392e-01   1.620997e-13   2.057643e-04   9.121984e-15   504
  4.651216e-01   1.310714e-13   2.647872e-04   8.943721e-15   336
  4.660180e-01   1.740542e-13   1.908802e-04   1.063241e-14   312
  4.670124e-01   1.587465e-13   1.865029e-04   8.819957e-15   504
  4.683210e-01   1.418306e-13   1.294009e-04   6.529764e-15   432
  4.689362e-01   1.241271e-13   1.999672e-04   6.868268e-15   312
  4.702151e-01   1.332205e-13   2.049761e-04   6.895754e-15   384
  4.715504e-01   1.706517e-13   1.741510e-04   2.034456e-14   126
  4.723748e-01   1.464063e-13   3.057676e-04   7.636160e-15   492
  4.734278e-01   1.591289e-13   1.958445e-04   8.475243e-15   528
  4.747438e-01   1.389391e-13   1.989360e-04   7.505137e-15   480
  4.755596e-01   1.654434e-13   2.748289e-04   9.711455e-15   432
  4.767402e-01   1.567045e-13   2.161166e-04   8.916042e-15   440
  4.781114e-01   1.525203e-13   1.074739e-04   9.478342e-15   312
  4.786259e-01   1.405031e-13   1.610586e-04   1.035892e-14   480
  4.796813e-01   1.407400e-13   3.153497e-04   9.067790e-15   408
  4.812233e-01   1.561529e-13   1.888588e-04   9.322621e-15   360
  4.818747e-01   1.317114e-13   1.822418e-04   7.771643e-15   408
  4.830820e-01   1.148465e-13   1.854542e-04   6.169818e-15   456
  4.844414e-01   1.427195e-13   1.772485e-04   8.752353e-15   264
  4.851959e-01   1.353778e-13   1.923591e-04   8.835570e-15   384
  4.862943e-01   1.298383e-13   3.238501e-04   6.210852e-15   672
  4.875640e-01   1.471267e-13   1.937042e-04   1.299141e-14   240
  4.882967e-01   1.227152e-13   1.965613e-04   7.162954e-15   264
  4.893308e-01   9.489510e-14   2.424259e-04   4.499351e-15   624
  4.908739e-01   1.141882e-13   0.000000e+00   1.111289e-14   150
  4.914232e-01   1.516393e-13   2.716574e-04   7.992320e-15   600
  4.925819e-01   1.222736e-13   1.874909e-04   5.981487e-15   672
  4.938939e-01   1.207620e-13   1.763484e-04   9.038437e-15   336
  4.946248e-01   1.512919e-13   1.918157e-04   9.673288e-15   408
  4.957926e-01   1.291260e-13   1.913639e-04   9.021926e-15   408
  4.970915e-01   1.191151e-13   9.676385e-05   7.048505e-15   360
  4.978921e-01   1.350645e-13   3.552857e-04   8.233664e-15   456
  4.988592e-01   1.188272e-13   1.932065e-04   7.287622e-15   384
  5.000902e-01   1.101093e-13   1.783541e-04   5.594040e-15   348
  5.007554e-01   1.317472e-13   2.198754e-04   7.059785e-15   576
  5.020050e-01   1.129978e-13   1.810385e-04   5.637256e-15   504
  5.032833e-01   1.152871e-13   2.553443e-04   6.641342e-15   432
  5.043991e-01   1.043550e-13   3.473946e-04   4.518641e-15   576
  5.051948e-01   1.058949e-13   0.000000e+00   8.009700e-15   264
  5.064571e-01   1.114688e-13   2.764393e-04   4.641346e-15   768
  5.075549e-01   9.798225e-14   3.721752e-04   6.801502e-15   240
  5.084277e-01   1.021503e-13   3.282233e-04   9.972679e-15   192
  5.096990e-01   9.829021e-14   2.416124e-04   4.552849e-15   504
  5.106418e-01   1.134681e-13   3.255818e-04   7.235650e-15   590
  5.115460e-01   1.157665e-13   3.647966e-04   7.817525e-15   384
  5.126798e-01   1.073229e-13   3.048625e-04   6.234840e-15   504
  5.140486e-01   1.273480e-13   2.933830e-04   6.335833e-15   648
  5.153764e-01   1.016769e-13   7.967896e-05   5.962098e-15   504
  5.159117e-01   1.053189e-13   1.817627e-04   6.265505e-15   312
  5.168569e-01   1.100169e-13   2.618753e-04   5.589453e-15   576
  5.181545e-01   1.191087e-13   1.822405e-04   1.065219e-14   240
  5.189109e-01   9.451206e-14   1.841453e-04   4.751678e-15   552
  5.199816e-01   1.195586e-13   1.729082e-04   7.160334e-15   600
  5.215067e-01   1.029334e-13   2.111937e-04   5.278724e-15   600
  5.224237e-01   1.018940e-13   3.382099e-04   6.630842e-15   312
  5.233368e-01   1.141421e-13   2.945474e-04   6.291231e-15   480
  5.244775e-01   1.009733e-13   1.837693e-04   5.873402e-15   576
  5.254818e-01   1.212213e-13   2.959085e-04   8.828186e-15   408
  5.263729e-01   6.639457e-14   3.451909e-04   4.137506e-15   216
  5.275243e-01   8.867222e-14   2.643774e-04   4.908691e-15   516
  5.287578e-01   1.002804e-13   2.522429e-04   4.495779e-15   744
  5.300304e-01   1.016787e-13   1.684760e-04   5.616814e-15   462
  5.307494e-01   9.829624e-14   1.712315e-04   6.628500e-15   432
  5.318647e-01   1.122581e-13   1.588547e-04   5.323202e-15   648
  5.331761e-01   1.055754e-13   2.324340e-04   6.475528e-15   528
  5.342295e-01   9.250956e-14   2.799086e-04   4.563750e-15   600
  5.352820e-01   1.345449e-13   3.528915e-04   1.555133e-14   240
  5.363014e-01   9.010112e-14   2.703115e-04   4.443924e-15   720
  5.374863e-01   9.904665e-14   2.138653e-04   4.480005e-15   720
  5.387997e-01   5.351730e-14   0.000000e+00   4.033523e-15   144
  5.394909e-01   9.524591e-14   2.757364e-04   4.345821e-15   720
  5.404742e-01   1.065721e-13   1.653370e-04   6.264234e-15   384
  5.417051e-01   8.670048e-14   1.832848e-04   4.079581e-15   672
  5.428730e-01   1.077705e-13   3.209115e-04   8.254523e-15   336
  5.434308e-01   1.061149e-13   0.000000e+00   8.848461e-15   288
  5.447967e-01   8.092829e-14   2.539800e-04   3.541245e-15   776
  5.460612e-01   8.381137e-14   2.173184e-04   3.563378e-15   720
  5.471231e-01   7.680497e-14   1.750659e-04   4.458804e-15   432
  5.479725e-01   9.777583e-14   2.495786e-04   7.687136e-15   504
  5.489174e-01   7.959472e-14   1.748652e-04   4.496888e-15   528
  5.502396e-01   8.714883e-14   2.382437e-04   5.549982e-15   438
  5.513273e-01   9.082606e-14   2.772938e-04   5.549166e-15   624
  5.521470e-01   9.715493e-14   3.396475e-04   6.973621e-15   312
  5.532738e-01   1.040308e-13   1.829935e-04   4.715164e-15   696
  5.544390e-01   8.952551e-14   1.655760e-04   5.356046e-15   552
  5.556509e-01   8.069200e-14   1.281006e-04   4.570919e-15   516
  5.564006e-01   9.802572e-14   2.558713e-04   6.154535e-15   528
  5.573133e-01   6.017092e-14   1.664001e-04   3.053051e-15   528
  5.586097e-01   8.624265e-14   2.194479e-04   4.356800e-15   864
  5.594897e-01   8.154056e-14   3.005985e-04   5.454794e-15   408
  5.603706e-01   1.035954e-13   2.978186e-04   7.222052e-15   192
  5.616191e-01   7.465888e-14   2.464592e-04   3.657982e-15   720
  5.626731e-01   6.983437e-14   2.272475e-04   3.356693e-15   696
  5.639255e-01   7.847497e-14   2.454294e-04   3.520450e-15   720
  5.650713e-01   7.599141e-14   3.326501e-04   4.411952e-15   432
  5.657395e-01   6.255426e-14   1.958109e-04   4.585470e-15   264
  5.669418e-01   7.510044e-14   2.704061e-04   3.453748e-15   672
  5.680171e-01   8.014372e-14   2.768544e-04   4.113347e-15   600
  5.692933e-01   5.613858e-14   1.620980e-04   4.089798e-15   270
  5.699366e-01   7.718877e-14   2.440026e-04   5.050631e-15   528
  5.709591e-01   8.770956e-14   1.670843e-04   3.880504e-15   840
  5.723613e-01   9.029453e-14   3.194952e-04   4.249902e-15   888
  5.736568e-01   6.937936e-14   2.380474e-04   3.214543e-15   744
  5.747517e-01   8.608804e-14   1.223216e-04   5.117053e-15   456
  5.752963e-01   1.026255e-13   1.671601e-04   5.962768e-15   360
  5.762282e-01   6.788615e-14   1.448348e-04   5.272234e-15   384
  5.776580e-01   7.456368e-14   2.323137e-04   3.178425e-15   816
  5.787308e-01   7.649300e-14   3.370546e-04   3.282776e-15   824
  5.800348e-01   6.965836e-14   1.566791e-04   5.351305e-15   360
  5.807331e-01   8.625054e-14   2.311994e-04   4.074726e-15   624
  5.816941e-01   7.610601e-14   1.562320e-04   5.154789e-15   360
  5.829744e-01   7.001188e-14   2.125215e-04   3.238765e-15   876
  5.841306e-01   6.575317e-14   2.524119e-04   3.452398e-15   696
  5.852967e-01   6.480145e-14   1.629911e-04   4.370089e-15   336
  5.859080e-01   8.308965e-14   1.628079e-04   5.991979e-15   504
  5.869176e-01   6.732291e-14   1.642187e-04   4.123196e-15   672
  5.884155e-01   5.867387e-14   3.269213e-04   2.668911e-15   720
  5.894543e-01   6.884748e-14   2.469541e-04   3.635410e-15   774
  5.906010e-01   9.617149e-14   1.413501e-04   8.294320e-15   384
  5.912015e-01   8.675535e-14   2.720183e-04   5.770712e-15   528
  5.921335e-01   7.478576e-14   2.592486e-04   3.669074e-15   744
  5.936327e-01   8.495725e-14   2.138251e-04   4.338470e-15   768
  5.946281e-01   7.374419e-14   2.400348e-04   5.112527e-15   552
  5.958700e-01   6.266858e-14   2.616108e-04   3.094201e-15   696
  5.967938e-01   8.549518e-14   3.179026e-04   5.940077e-15   408
  5.975272e-01   7.664017e-14   1.373364e-04   4.531191e-15   504
  5.986899e-01   6.588236e-14   2.467198e-04   3.282613e-15   888
  5.998339e-01   6.074989e-14   2.564132e-04   3.619662e-15   648
  6.010230e-01   6.073464e-14   2.542153e-04   3.093829e-15   648
  6.021418e-01   6.301145e-14   2.741064e-04   3.159316e-15   792
  6.033268e-01   5.672377e-14   4.010364e-04   3.101460e-15   600
  6.042000e-01   4.952521e-14   2.717856e-04   2.766901e-15   456
  6.051191e-01   6.446596e-14   1.324567e-04   3.398214e-15   648
  6.062996e-01   5.581587e-14   2.583099e-04   2.379949e-15   936
  6.075741e-01   7.302214e-14   1.586356e-04   4.232239e-15   384
  6.086836e-01   8.693922e-17   0.000000e+00   6.959604e-18   198
  6.095398e-01   8.687863e-17   4.024720e-04   2.878824e-18   1224
  6.104634e-01   7.670851e-17   2.931235e-04   4.185130e-18   420
  6.115558e-01   8.154143e-17   2.836822e-04   3.422872e-18   792
  6.126238e-01   8.416653e-17   2.345810e-04   3.458851e-18   680
  6.138428e-01   8.522789e-17   2.154033e-04   4.025538e-18   600
  6.148235e-01   8.350938e-17   3.123938e-04   3.037303e-18   840
  6.161330e-01   9.410984e-17   1.474979e-04   4.937679e-18   432
  6.166334e-01   8.064063e-17   1.382250e-04   3.310663e-18   720
  6.177213e-01   8.162827e-17   2.768404e-04   2.815345e-18   960
  6.190745e-01   8.918973e-17   2.467829e-04   4.671009e-18   528
  6.200634e-01   7.568323e-17   2.522592e-04   3.114268e-18   624
  6.212404e-01   8.113180e-17   1.982740e-04   3.152214e-18   816
  6.224086e-01   6.918825e-17   3.260658e-04   2.717217e-18   696
  6.236996e-01   8.195204e-17   1.798266e-08   5.582916e-18   240
  6.241851e-01   8.447299e-17   1.922888e-04   3.349400e-18   672
  6.252686e-01   7.167811e-17   3.436476e-04   2.451940e-18   864
  6.264840e-01   8.032588e-17   2.636938e-04   2.975730e-18   816
  6.275795e-01   7.488088e-17   1.509292e-04   3.141517e-18   648
  6.287594e-01   7.653174e-17   1.542771e-04   2.666279e-18   843
  6.297611e-01   7.183361e-17   2.775825e-04   3.023207e-18   780
  6.309548e-01   7.833541e-17   1.489456e-04   5.194439e-18   216
  6.316911e-01   6.911522e-17   3.591661e-04   2.166739e-18   1056
  6.328235e-01   8.817035e-17   2.938382e-04   5.607667e-18   228
  6.338720e-01   7.029177e-17   3.658358e-04   2.428046e-18   924
  6.349484e-01   6.739211e-17   1.357046e-04   2.399125e-18   696
  6.360882e-01   6.617764e-17   2.415153e-04   2.227665e-18   996
  6.372543e-01   7.062312e-17   1.425858e-04   2.991869e-18   576
  6.384675e-01   7.123094e-17   2.200718e-04   3.291055e-18   552
  6.393519e-01   7.263960e-17   2.627580e-04   3.419487e-18   516
  6.402494e-01   6.884425e-17   3.821047e-04   2.461611e-18   744
  6.412749e-01   7.839761e-17   1.874451e-04   3.877852e-18   576
  6.421669e-01   6.202609e-17   1.929285e-04   2.065292e-18   792
  6.434346e-01   6.442613e-17   2.205530e-04   2.328977e-18   792
  6.443636e-01   6.739104e-17   2.378641e-04   2.542129e-18   720
  6.456200e-01   6.045471e-17   2.711104e-04   2.263558e-18   656
  6.467974e-01   6.238035e-17   2.960385e-04   2.245155e-18   816
  6.480043e-01   6.222032e-17   1.596190e-04   2.820979e-18   492
  6.486903e-01   6.572743e-17   2.296231e-04   2.683566e-18   552
  6.499778e-01   6.163482e-17   3.992867e-04   2.722631e-18   780
  6.508139e-01   6.135248e-17   2.452771e-04   2.832881e-18   528
  6.517148e-01   6.058629e-17   2.863130e-04   2.415617e-18   600
  6.530425e-01   6.191969e-17   2.379487e-04   1.910072e-18   900
  6.539577e-01   6.239719e-17   1.317325e-04   2.423763e-18   696
  6.552168e-01   6.342918e-17   3.330907e-04   2.337318e-18   696
  6.564349e-01   6.498864e-17   1.351317e-04   2.751021e-18   552
  6.574592e-01   4.956019e-17   1.571457e-04   1.907501e-18   708
  6.585322e-01   6.083736e-17   2.594565e-04   2.342505e-18   876
  6.596487e-01   5.592624e-17   1.377663e-04   4.138056e-18   216
  6.603980e-01   5.448361e-17   3.768094e-04   1.708935e-18   1032
  6.615201e-01   5.813419e-17   4.195357e-04   2.445594e-18   600
  6.626848e-01   5.782282e-17   2.001869e-04   2.218620e-18   600
  6.635732e-01   5.529192e-17   3.535112e-04   2.754964e-18   528
  6.646233e-01   5.519698e-17   1.940622e-04   1.913901e-18   732
  6.657296e-01   4.756573e-17   1.432973e-04   2.202215e-18   336
  6.670031e-01   5.457525e-17   2.042271e-04   1.799255e-18   912
  6.679548e-01   5.065458e-17   2.049821e-04   1.987373e-18   624
  6.689946e-01   5.261417e-17   1.727341e-04   1.978164e-18   768
  6.702082e-01   5.865792e-17   3.116463e-04   2.282563e-18   792
  6.713995e-01   5.078837e-17   1.545014e-04   2.198714e-18   660
  6.722471e-01   4.889966e-17   2.276826e-04   2.279446e-18   504
  6.731238e-01   5.444622e-17   3.719898e-04   2.699686e-18   480
  6.744376e-01   4.163662e-17   3.440421e-04   1.455583e-18   912
  6.754664e-01   5.729327e-17   3.831443e-04   3.170620e-18   432
  6.764380e-01   4.644458e-17   2.275021e-04   2.120655e-18   564
  6.773006e-01   5.059445e-17   2.177508e-04   2.097433e-18   600
  6.785149e-01   5.034130e-17   3.035240e-04   1.770447e-18   876
  6.794272e-01   5.235592e-17   1.364735e-04   3.056023e-18   264
  6.806846e-01   5.328229e-17   2.648123e-04   2.338394e-18   560
  6.816953e-01   4.634091e-17   1.799457e-04   1.535313e-18   840
  6.829222e-01   4.756931e-17   2.774244e-04   1.687995e-18   1008
  6.840568e-01   5.301449e-17   1.241010e-04   2.449013e-18   456
  6.850930e-01   5.338289e-17   1.607553e-04   2.202941e-18   576
  6.860509e-01   5.004797e-17   2.470177e-04   2.109606e-18   612
  6.873140e-01   4.608319e-17   2.206269e-04   1.769128e-18   780
  6.883444e-01   4.754280e-17   2.528284e-04   1.926300e-18   648
  6.893992e-01   5.317871e-17   1.178213e-04   3.452286e-18   312
  6.900734e-01   4.595760e-17   2.993645e-04   2.096595e-18   528
  6.912414e-01   4.314479e-17   3.909551e-04   1.758591e-18   720
  6.923583e-01   4.319925e-17   3.921794e-04   2.020258e-18   576
  6.937124e-01   4.407503e-17   3.383053e-04   1.950330e-18   444
  6.945549e-01   4.631363e-17   3.317685e-04   1.507043e-18   996
  6.955874e-01   4.024682e-17   2.771265e-04   2.113984e-18   432
  6.965633e-01   4.620336e-17   3.033990e-04   2.234918e-18   504
  6.974062e-01   4.783916e-17   1.367883e-04   2.128462e-18   504
  6.986065e-01   4.839307e-17   2.692009e-04   1.921125e-18   876
  6.996926e-01   4.231440e-17   3.098246e-04   1.995116e-18   504
  7.008236e-01   3.816035e-17   1.975899e-04   1.512586e-18   696
  7.017583e-01   4.790966e-17   1.689187e-04   2.286011e-18   492
  7.030300e-01   3.957775e-17   2.418152e-04   1.992617e-18   432
  7.039719e-01   4.318927e-17   2.264335e-04   1.570116e-18   768
  7.050885e-01   3.943871e-17   2.820533e-04   1.898310e-18   648
  7.061547e-01   3.685195e-17   1.840095e-04   1.753032e-18   456
  7.073798e-01   3.798620e-17   2.530430e-04   1.647693e-18   552
  7.082306e-01   3.960394e-17   1.734358e-04   1.908654e-18   648
  7.094016e-01   3.741645e-17   2.826907e-04   1.307475e-18   840
  7.105454e-01   4.464016e-17   1.348092e-04   2.304892e-18   432
  7.116906e-01   3.671208e-17   1.651183e-04   1.584541e-18   600
  7.124870e-01   4.261282e-17   1.759227e-04   2.392811e-18   432
  7.138248e-01   3.854550e-17   1.751482e-04   1.807646e-18   560
  7.147308e-01   3.816536e-17   2.772412e-04   1.481940e-18   840
  7.158652e-01   4.254793e-17   1.642140e-04   2.042090e-18   504
  7.167662e-01   3.529683e-17   3.351509e-04   1.515805e-18   696
  7.180362e-01   4.152395e-17   1.830475e-04   2.200029e-18   384
  7.190254e-01   3.358080e-17   2.681431e-04   1.514965e-18   576
  7.202219e-01   3.453181e-17   1.654845e-04   2.209069e-18   360
  7.211864e-01   3.519837e-17   2.464465e-04   1.504907e-18   828
  7.222268e-01   3.453085e-17   2.195064e-04   1.742578e-18   372
  7.231800e-01   3.729331e-17   3.352284e-04   1.717833e-18   576
  7.244428e-01   3.779188e-17   1.403933e-04   1.603431e-18   636
  7.253425e-01   3.400385e-17   2.706420e-04   1.460259e-18   648
  7.265596e-01   3.700981e-17   2.200024e-04   1.742570e-18   576
  7.274333e-01   3.394127e-17   3.548870e-04   1.673399e-18   528
  7.285953e-01   3.267462e-17   1.517289e-04   1.894469e-18   360
  7.295571e-01   3.065630e-17   3.490332e-04   1.225263e-18   672
  7.308130e-01   3.302120e-17   1.787806e-04   1.301523e-18   804
  7.318582e-01   3.730228e-17   1.972163e-04   2.004061e-18   408
  7.330145e-01   3.027876e-17   1.219011e-04   1.487299e-18   384
  7.337931e-01   2.940946e-17   2.789567e-04   1.620347e-18   480
  7.348913e-01   3.219546e-17   1.802469e-04   1.591933e-18   432
  7.359446e-01   3.743667e-17   3.321566e-04   1.540966e-18   648
  7.371913e-01   3.350521e-17   2.061016e-04   1.593808e-18   624
  7.381033e-01   3.317032e-17   1.874668e-04   1.872224e-18   456
  7.393486e-01   2.965040e-17   2.560963e-04   1.644566e-18   588
  7.401831e-01   2.817154e-17   1.633884e-04   1.295996e-18   600
  7.414016e-01   2.893946e-17   2.548458e-04   1.129268e-18   708
  7.423640e-01   2.757874e-17   1.605479e-04   1.571924e-18   360
  7.434275e-01   3.171745e-17   1.845541e-04   1.587975e-18   552
  7.444470e-01   2.866772e-17   1.294691e-04   2.154344e-18   288
  7.454820e-01   2.615217e-17   2.434372e-04   1.178065e-18   528
  7.464545e-01   2.774013e-17   1.642340e-04   1.297165e-18   456
  7.475410e-01   2.986370e-17   2.912225e-04   1.363301e-18   608
  7.486338e-01   2.522688e-17   1.408967e-04   1.197190e-18   504
  7.498278e-01   2.410321e-17   3.024972e-04   1.286318e-18   540
  7.507642e-01   3.211657e-17   3.247222e-04   1.999134e-18   360
  7.517735e-01   3.279504e-17   1.470509e-04   1.488802e-18   540
  7.526661e-01   2.829701e-17   1.262606e-04   1.377090e-18   576
  7.539642e-01   2.680673e-17   2.927555e-04   1.169687e-18   588
  7.551985e-01   2.787416e-17   4.039143e-04   1.275030e-18   672
  7.562588e-01   3.034199e-17   3.087151e-04   1.480226e-18   552
  7.571135e-01   2.013662e-17   3.088712e-04   1.723165e-18   144
  7.582042e-01   2.809042e-17   2.624178e-04   1.295973e-18   600
  7.592383e-01   2.369361e-17   3.288668e-04   1.260471e-18   504
  7.603860e-01   2.659918e-17   3.378126e-04   1.893154e-18   336
  7.615932e-01   2.524067e-17   3.797028e-04   1.080360e-18   600
  7.626744e-01   2.415127e-17   2.450478e-04   1.148796e-18   636
  7.638413e-01   2.716394e-17   1.970206e-04   2.023738e-18   384
  7.646595e-01   2.693449e-17   2.748205e-04   1.631798e-18   504
  7.658387e-01   2.559184e-17   1.153383e-04   1.781804e-18   240
  7.667694e-01   2.631177e-17   2.709461e-04   1.027344e-18   744
  7.678860e-01   2.268762e-17   1.850150e-04   1.068153e-18   648
  7.688783e-01   3.893919e-17   1.228185e-04   3.287544e-18   120
  7.700414e-01   2.216929e-17   1.929319e-04   9.683923e-19   564
  7.709202e-01   2.841083e-17   3.030111e-04   1.529047e-18   432
  7.720932e-01   2.145963e-17   2.351965e-04   1.401716e-18   480
  7.729764e-01   1.832677e-17   1.731106e-04   1.076426e-18   456
  7.740189e-01   2.313054e-17   2.864725e-04   1.316834e-18   444
  7.752020e-01   2.177748e-17   4.383180e-04   1.124543e-18   528
  7.762412e-01   2.433256e-17   3.255297e-04   2.034819e-18   264
  7.772498e-01   2.157934e-17   3.336195e-04   1.182753e-18   444
  7.786065e-01   2.316989e-17   3.654311e-04   1.009942e-18   696
  7.797327e-01   2.368355e-17   1.954448e-04   1.361762e-18   384
  7.805563e-01   2.303047e-17   2.469609e-04   1.244098e-18   432
  7.818373e-01   2.867853e-17   1.706384e-04   1.865240e-18   488
  7.826690e-01   2.552958e-17   2.571733e-04   1.203340e-18   480
  7.838749e-01   2.130310e-17   2.868014e-04   1.280939e-18   480
  7.848089e-01   1.924056e-17   1.203331e-04   1.179654e-18   240
  7.858692e-01   2.253623e-17   2.810886e-04   1.123677e-18   600
  7.868694e-01   1.938718e-17   2.449399e-04   1.312153e-18   288
  7.879343e-01   2.189239e-17   2.356143e-04   1.283983e-18   480
  7.890129e-01   1.734430e-17   4.191157e-04   9.871023e-19   504
  7.900748e-01   2.512242e-17   1.798267e-04   1.703999e-18   216
  7.914291e-01   2.257781e-17   2.944050e-04   1.371742e-18   504
  7.924838e-01   1.931154e-17   2.367912e-04   1.145925e-18   456
  7.936384e-01   2.792324e-17   1.358038e-04   1.773545e-18   384
  7.944031e-01   2.641038e-17   2.756326e-04   1.540792e-18   480
  7.954897e-01   1.784766e-17   2.420363e-04   1.088789e-18   504
  7.964966e-01   2.200642e-17   1.535327e-04   1.530794e-18   312
  7.975815e-01   2.105029e-17   2.474127e-04   1.260719e-18   492
  7.985417e-01   2.241450e-17   2.318919e-04   1.336751e-18   312
  7.997779e-01   1.776557e-17   3.766899e-04   8.007915e-19   576
  8.008661e-01   2.367606e-17   3.477153e-04   1.843006e-18   336
  8.017699e-01   1.382355e-17   2.677247e-04   1.016030e-18   240
  8.030228e-01   1.886341e-17   3.549351e-04   1.057649e-18   468
  8.041047e-01   1.817727e-17   2.222407e-04   1.857873e-18   192
  8.052370e-01   1.502599e-17   2.229031e-04   1.057614e-18   324
  8.060669e-01   1.811849e-17   1.617794e-04   9.833747e-19   600
  8.071978e-01   1.861901e-17   2.624704e-04   1.037505e-18   456
  8.080377e-01   2.051228e-17   1.180592e-04   1.407884e-18   336
  8.094297e-01   1.918871e-17   3.535027e-04   1.016452e-18   612
  8.104424e-01   1.247157e-17   2.966749e-04   1.858848e-18   144
  8.114002e-01   2.025769e-17   3.462957e-04   1.117652e-18   552
  8.127025e-01   1.218667e-17   1.363755e-04   7.134584e-19   264
  8.134384e-01   1.652770e-17   3.157441e-04   1.190517e-18   336
  8.145992e-01   1.490317e-17   2.086329e-04   8.640988e-19   384
  8.156059e-01   1.558615e-17   1.174397e-04   1.396359e-18   216
  8.167203e-01   1.320256e-17   2.489964e-04   9.148614e-19   344
  8.177364e-01   1.253422e-17   3.715143e-04   7.917330e-19   408
  8.189746e-01   1.587556e-17   2.854845e-04   1.488651e-18   264
  8.200718e-01   1.565592e-17   3.979796e-04   8.232180e-19   612
  8.211681e-01   1.931374e-17   2.048307e-04   1.255042e-18   408
  8.222956e-01   1.488939e-17   2.051251e-04   1.129950e-18   444
  8.231239e-01   2.694403e-17   1.147249e-04   2.421924e-18   120
  8.242338e-01   1.734974e-17   3.169640e-04   1.289121e-18   336
  8.250576e-01   1.401298e-17   1.101437e-04   1.049629e-18   288
  8.261708e-01   1.462350e-17   3.427692e-04   7.798898e-19   552
  8.277012e-01   1.743565e-17   0.000000e+00   2.407620e-18   72
  8.284882e-01   1.428534e-17   3.404572e-04   8.174784e-19   504
  8.294074e-01   8.698869e-18   1.095558e-04   8.236591e-19   216
  8.305983e-01   1.257536e-17   1.956043e-04   9.352046e-19   312
  8.316675e-01   9.908943e-18   2.227263e-04   6.616195e-19   336
  8.326865e-01   1.176140e-17   3.087236e-04   1.014095e-18   204
  8.337014e-01   2.088480e-17   3.587838e-04   1.421604e-18   504
  8.347777e-01   1.887211e-17   3.416652e-04   1.204302e-18   396
  8.358127e-01   1.420132e-17   3.133249e-04   1.061190e-18   312
  8.370674e-01   2.083906e-17   1.914750e-04   1.889821e-18   216
  8.379516e-01   1.339577e-17   1.039172e-04   1.407208e-18   168
  8.390260e-01   1.384505e-17   2.623966e-04   7.802943e-19   588
  8.402521e-01   9.811781e-18   3.561727e-04   9.027793e-19   240
  8.412047e-01   1.019114e-17   3.145601e-04   9.719155e-19   264
  8.423219e-01   1.288971e-17   3.890183e-04   1.153577e-18   288
  8.433131e-01   1.389355e-17   1.942596e-04   1.205109e-18   288
  8.445693e-01   9.905686e-18   1.824406e-04   8.065410e-19   288
  8.454153e-01   1.142790e-17   2.113423e-04   8.954600e-19   192
  8.464795e-01   8.490576e-18   2.248894e-04   6.886395e-19   264
  8.474933e-01   2.071964e-17   3.699119e-04   1.464544e-18   372
  8.485844e-01   1.994212e-17   3.995208e-04   1.899318e-18   360
  8.499161e-01   1.759405e-17   1.690810e-04   2.456936e-18   144
  8.506044e-01   9.712060e-18   2.348461e-04   1.017435e-18   296
  8.516909e-01   1.141983e-17   2.530345e-04   1.093531e-18   288
  8.529347e-01   1.197526e-17   3.781537e-04   7.776065e-19   480
  8.540076e-01   1.105840e-17   3.142096e-04   1.949246e-18   192
  8.550509e-01   1.398354e-17   3.370327e-04   1.210859e-18   192
  8.559992e-01   9.533925e-18   2.147949e-04   8.185094e-19   288
  8.573180e-01   5.036680e-18   1.869760e-04   6.113120e-19   108
  8.579823e-01   1.038851e-17   1.797545e-04   9.834858e-19   240
  8.591554e-01   8.217814e-18   3.353363e-04   7.141881e-19   384
  8.603605e-01   1.226959e-17   4.090722e-04   1.334312e-18   108
  8.614261e-01   1.526777e-17   2.398466e-04   1.175903e-18   348
  8.625466e-01   9.229322e-18   2.503134e-04   1.096481e-18   312
  8.635474e-01   1.015540e-17   2.432319e-04   2.205755e-18   96
  8.644677e-01   1.058154e-17   3.238194e-04   8.504987e-19   384
  8.654984e-01   1.100867e-17   2.227222e-04   1.007284e-18   144
  8.665066e-01   1.119168e-17   3.422225e-04   8.718289e-19   408
  8.677598e-01   6.003702e-18   1.526554e-04   8.979383e-19   144
  8.689437e-01   1.086401e-17   2.934816e-04   1.278869e-18   192
  8.696459e-01   1.280331e-17   3.303190e-04   1.384620e-18   144
  8.707904e-01   6.980175e-18   2.685615e-04   6.817160e-19   144
  8.718702e-01   1.096351e-17   3.282257e-04   1.051122e-18   336
  8.731927e-01   5.227136e-18   2.428454e-04   3.851215e-19   240
  8.740312e-01   7.989492e-18   1.102739e-04   1.132357e-18   96
  8.752007e-01   1.157102e-17   3.233803e-04   9.903621e-19   372
  8.763838e-01   8.794395e-18   3.846540e-04   1.528454e-18   132
  8.774230e-01   5.862135e-18   2.380193e-04   4.439213e-19   264
  8.783527e-01   1.493503e-17   1.827880e-04   1.884318e-18   168
  8.793449e-01   9.797145e-18   2.922429e-04   8.228680e-19   216
  8.802213e-01   6.969131e-18   1.787978e-04   9.485886e-19   216
  8.814979e-01   3.700892e-18   3.280196e-04   4.013446e-19   96
  8.826561e-01   1.119324e-17   2.140028e-04   1.388467e-18   120
  8.837183e-01   7.095020e-18   2.720578e-04   7.709349e-19   216
  8.845934e-01   5.728213e-18   1.188902e-04   5.949292e-19   200
  8.857519e-01   8.325847e-18   3.077557e-04   1.171567e-18   288
  8.872378e-01   2.570851e-18   8.097649e-05   2.013127e-19   144
  8.878635e-01   8.506268e-18   2.519939e-04   1.498107e-18   168
  8.891412e-01   7.749305e-18   2.835956e-04   1.229721e-18   159
  8.901386e-01   5.281190e-18   2.975600e-04   4.294250e-19   174
  8.911039e-01   4.609717e-18   2.698170e-04   4.417012e-19   144
  8.923678e-01   7.969922e-18   1.557998e-04   7.644229e-19   222
  8.932131e-01   5.736188e-18   1.572158e-04   6.951274e-19   168
  8.946732e-01   8.480197e-18   3.448346e-04   2.056359e-18   30
  8.952763e-01   2.140701e-18   3.044637e-04   2.877746e-19   72
  8.964123e-01   5.731428e-18   2.717302e-04   6.420509e-19   258
  8.976612e-01   4.601441e-18   1.701916e-04   3.770139e-19   264
  8.982857e-01   5.846832e-18   1.835347e-08   9.700201e-19   72
  8.995871e-01   3.123521e-18   3.373270e-04   3.852542e-19   174
  9.007654e-01   6.207161e-18   3.591909e-04   9.171459e-19   168
  9.017127e-01   1.501217e-18   1.123916e-08   2.108751e-19   48
  9.027297e-01   3.215047e-18   2.028435e-04   4.291335e-19   150
  9.039088e-01   7.594892e-18   3.731453e-04   6.944476e-19   168
  9.050911e-01   3.392980e-18   2.273028e-04   3.643944e-19   144
  9.061784e-01   5.563994e-18   2.123525e-04   1.094717e-18   102
  9.069882e-01   1.747118e-18   3.143182e-04   1.469277e-19   96
  9.082731e-01   1.333473e-18   3.119397e-04   1.039388e-19   120
  9.092246e-01   1.320058e-18   3.345635e-04   1.035082e-19   168
  9.102538e-01   6.217201e-18   2.470487e-04   6.302457e-19   126
  9.111308e-01   3.692561e-18   1.863241e-04   5.378446e-19   168
  9.123389e-01   1.872567e-18   2.987709e-04   2.607510e-19   72
  9.133947e-01   1.983731e-18   3.741278e-04   1.718836e-19   168
  9.143196e-01   4.908522e-18   1.025668e-04   1.047901e-18   78
  9.155870e-01   1.853975e-18   1.684070e-04   2.349540e-19   60
  9.166075e-01   7.013498e-18   2.731835e-04   1.317066e-18   96
  9.176659e-01   2.389939e-18   3.314854e-04   1.953759e-19   168
  9.186605e-01   2.130513e-18   2.097511e-04   4.113802e-19   86
  9.197042e-01   1.520949e-18   1.874678e-04   2.067569e-19   120
  9.212002e-01   1.742697e-18   1.336894e-04   1.632431e-19   168
  9.220069e-01   1.014504e-18   0.000000e+00   1.096758e-19   48
  9.230934e-01   4.139481e-18   2.435676e-04   4.725671e-19   120
  9.237177e-01   2.629140e-18   1.776924e-04   3.746518e-19   126
  9.252418e-01   2.244804e-18   3.125113e-04   2.682513e-19   96
  9.262310e-01   2.118149e-18   9.011285e-05   2.077617e-19   96
  9.270111e-01   1.409240e-18   1.059638e-08   1.641920e-19   72
  9.286731e-01   1.698296e-18   1.123916e-08   3.134512e-19   24
  9.297104e-01   2.428203e-18   1.854501e-04   2.253510e-19   120
  9.305196e-01   1.949343e-18   2.705147e-04   2.671669e-19   126
  9.314194e-01   1.348618e-18   2.255107e-04   1.629583e-19   96
  9.324708e-01   8.208678e-19   3.897482e-04   9.057806e-20   72
  9.336415e-01   1.399135e-18   1.685792e-04   1.186284e-19   144
  9.346046e-01   1.435215e-18   9.723254e-05   1.892100e-19   72
  9.355666e-01   2.279173e-18   1.942081e-04   4.726037e-19   54
  9.364132e-01   2.135982e-18   1.711436e-04   2.465466e-19   108
  9.381728e-01   2.379216e-18   1.677650e-04   2.660144e-19   72
  9.387206e-01   1.739026e-18   9.680617e-05   1.934613e-19   72
  9.400202e-01   9.895631e-19   1.946680e-08   1.224002e-19   24
  9.412498e-01   5.576417e-19   2.047976e-04   8.833969e-20   48
  9.419964e-01   1.670284e-18   1.560029e-04   2.307060e-19   102
  9.431203e-01   1.115057e-18   3.528137e-04   9.334577e-20   168
  9.445889e-01   8.198421e-19   1.924163e-04   1.087261e-19   72
  9.451330e-01   9.591546e-19   0.000000e+00   1.472626e-19   48
  9.462744e-01   1.288090e-18   3.309678e-04   1.383451e-19   120
  9.477807e-01   1.187651e-18   2.033864e-04   9.995569e-20   96
  9.492033e-01   2.950549e-18   1.798266e-08   1.020771e-18   30
  9.508942e-01   1.705399e-18   9.555995e-05   2.452212e-19   72
  9.516372e-01   9.009355e-19   1.123916e-08   1.941107e-19   24
  9.525916e-01   4.188913e-19   1.416435e-04   6.950707e-20   56
  9.536606e-01   4.173034e-19   2.021324e-04   3.793374e-20   96
  9.549399e-01   9.230963e-19   2.232036e-04   8.640534e-20   144
  9.559263e-01   1.388260e-18   1.267263e-04   3.064385e-19   54
  9.573592e-01   8.635797e-19   1.898493e-04   8.898433e-20   108
  9.588012e-01   2.283609e-18   1.005243e-04   4.144283e-19   48
  9.601739e-01   9.237181e-19   3.785063e-04   9.405358e-20   72
  9.634680e-01   1.783665e-18   2.500803e-04   2.303961e-19   78
  9.643808e-01   4.177699e-19   1.884669e-04   4.818809e-20   72
  9.654462e-01   4.537419e-19   1.882329e-04   5.140059e-20   72
  9.665603e-01   8.628757e-19   4.542266e-04   7.759767e-20   96
  9.674408e-01   5.020992e-19   1.878449e-04   3.227967e-20   72
  9.685029e-01   7.220705e-19   0.000000e+00   1.162264e-19   24
  9.695638e-01   7.949214e-19   3.748416e-04   8.797683e-20   72
  9.719599e-01   1.000484e-18   2.380359e-04   1.987818e-19   30
  9.724755e-01   1.345886e-18   0.000000e+00   2.829892e-19   24
  9.752466e-01   3.542228e-19   1.976584e-04   4.787873e-20   48
  9.761159e-01   5.333640e-19   4.253608e-04   7.404290e-20   120
  9.772870e-01   3.580093e-19   1.859776e-04   4.665882e-20   72
  9.784697e-01   5.107140e-19   1.857528e-04   8.415736e-20   36
  9.792826e-01   5.505729e-19   3.671339e-04   6.548412e-20   78
  9.815513e-01   6.723092e-19   1.963888e-04   7.200468e-20   48
  9.844928e-01   9.502678e-19   1.589457e-08   1.259343e-19   24
  9.865884e-01   1.827919e-19   1.367612e-04   2.747287e-20   56
  9.876436e-01   2.273234e-19   2.104496e-04   2.177347e-20   102
  9.889860e-01   3.603456e-19   1.498555e-08   4.046546e-20   72
  9.897653e-01   4.235257e-19   1.123916e-08   6.487761e-20   24
  9.911277e-01   3.514266e-19   1.944913e-04   4.339256e-20   48
  9.936528e-01   4.808848e-19   0.000000e+00   9.723771e-20   24
  9.967520e-01   4.259686e-19   0.000000e+00   2.153116e-19   6
  9.977185e-01   1.224213e-19   0.000000e+00   2.323569e-20   24
  9.983623e-01   1.969913e-19   1.820511e-04   2.126201e-20   72
  9.995384e-01   1.888601e-19   3.396336e-04   1.752523e-20   84
  1.000805e+00   2.751589e-19   0.000000e+00   6.231805e-20   24
  1.001190e+00   3.366264e-19   1.589457e-08   4.180360e-20   24
  1.003114e+00   3.182963e-19   1.946680e-08   5.836088e-20   24
  1.005800e+00   3.386477e-19   0.000000e+00   9.709243e-20   6
  1.009244e+00   1.138611e-19   1.910001e-04   1.422691e-20   48
  1.010072e+00   1.537996e-19   3.598129e-04   1.531236e-20   72
  1.011152e+00   2.052514e-19   1.906396e-04   2.726711e-20   48
  1.012867e+00   3.778093e-19   0.000000e+00   6.123481e-20   24
  1.015148e+00   6.705974e-19   0.000000e+00   8.948564e-20   6
  1.020262e+00   6.636637e-20   0.000000e+00   1.450634e-20   8
  1.020640e+00   1.264801e-19   1.123916e-08   3.081590e-20   48
  1.021546e+00   1.352398e-19   1.848806e-04   1.953940e-20   60
  1.022904e+00   2.138361e-19   0.000000e+00   3.898153e-20   24
  1.024787e+00   1.613162e-19   0.000000e+00   4.131046e-20   6
  1.031723e+00   8.678103e-20   0.000000e+00   1.397334e-20   24
  1.032283e+00   8.727442e-20   1.867372e-04   9.371768e-21   48
  1.033217e+00   1.022193e-19   0.000000e+00   2.581825e-20   24
  1.034708e+00   3.419274e-20   0.000000e+00   5.322488e-21   6
  1.043181e+00   5.204188e-20   1.742080e-04   9.570052e-21   36
  1.043797e+00   8.723086e-20   0.000000e+00   2.224222e-20   24
  1.044904e+00   8.996136e-20   0.000000e+00   4.182233e-20   6
  1.054545e+00   6.903167e-20   1.583190e-04   8.058310e-21   32
  1.055367e+00   3.957294e-20   0.000000e+00   6.137851e-21   6
  1.065728e+00   6.032809e-20   0.000000e+00   1.210039e-20   12
  1.066089e+00   7.884373e-20   0.000000e+00   7.106512e-21   6
  1.077063e+00   2.443516e-20   0.000000e+00   2.620460e-21   6
