# power spectrum of B
# redshift z=2.925221
# k              Pk             sigma(k)       sigma(Pk)      count
  1.963495e-02   5.752398e-17   0.000000e+00   3.342137e-18   6
  2.776802e-02   6.703522e-17   0.000000e+00   1.049756e-17   12
  3.400874e-02   4.158900e-17   3.725290e-10   8.471339e-18   8
  3.926991e-02   1.390663e-16   0.000000e+00   4.219643e-17   6
  4.390509e-02   1.293229e-16   7.024475e-10   1.662891e-17   24
  4.809562e-02   9.730947e-17   7.024475e-10   2.189583e-17   24
  5.553604e-02   9.558084e-17   0.000000e+00   2.911086e-17   12
  5.890486e-02   9.969839e-17   7.947286e-10   1.430319e-17   30
  6.209118e-02   1.023710e-16   0.000000e+00   1.128700e-17   24
  6.512178e-02   8.050523e-17   1.216675e-09   1.605969e-17   24
  6.801748e-02   6.458939e-17   7.450581e-10   3.537781e-18   8
  7.079483e-02   7.043473e-17   9.934107e-10   1.053692e-17   24
  7.346727e-02   7.035788e-17   0.000000e+00   9.458545e-18   48
  7.853982e-02   1.051709e-16   0.000000e+00   8.861548e-18   6
  8.095699e-02   7.343073e-17   9.934107e-10   7.427734e-18   48
  8.330406e-02   6.007154e-17   9.365966e-10   1.005088e-17   36
  8.558678e-02   6.933971e-17   9.934107e-10   9.448431e-18   24
  8.781018e-02   5.009467e-17   1.404895e-09   3.096867e-18   24
  8.997866e-02   5.582036e-17   0.000000e+00   7.291608e-18   48
  9.209610e-02   4.129592e-17   1.404895e-09   8.313766e-18   24
  9.619124e-02   4.730619e-17   1.404895e-09   7.924505e-18   24
  9.817477e-02   4.703368e-17   0.000000e+00   5.472648e-18   30
  1.001190e-01   4.465515e-17   0.000000e+00   4.525067e-18   72
  1.020262e-01   3.400839e-17   1.490116e-09   4.189764e-18   32
  1.057375e-01   3.965369e-17   0.000000e+00   2.921735e-18   72
  1.075451e-01   4.306193e-17   0.000000e+00   4.353243e-18   48
  1.110721e-01   3.951931e-17   0.000000e+00   8.933075e-18   12
  1.127942e-01   4.297301e-17   0.000000e+00   3.254084e-18   48
  1.144905e-01   3.848909e-17   0.000000e+00   4.961900e-18   48
  1.161620e-01   3.323218e-17   1.404895e-09   2.860531e-18   48
  1.178097e-01   4.063640e-17   1.589457e-09   4.378670e-18   30
  1.194348e-01   2.788843e-17   0.000000e+00   3.607140e-18   24
  1.210380e-01   4.405139e-17   2.961779e-09   3.172992e-18   72
  1.241824e-01   2.460152e-17   0.000000e+00   3.943547e-18   24
  1.257251e-01   3.459723e-17   0.000000e+00   2.824632e-18   96
  1.272490e-01   2.865997e-17   0.000000e+00   3.523708e-18   48
  1.287550e-01   2.331923e-17   2.433349e-09   3.334794e-18   24
  1.302436e-01   4.631130e-17   2.433349e-09   4.136997e-18   24
  1.317153e-01   2.244637e-17   0.000000e+00   1.626869e-18   72
  1.331707e-01   2.638529e-17   0.000000e+00   3.216617e-18   48
  1.360350e-01   1.642517e-17   1.490116e-09   4.590747e-18   8
  1.374447e-01   2.871378e-17   1.766064e-09   2.784844e-18   54
  1.388401e-01   2.603842e-17   0.000000e+00   2.001145e-18   84
  1.402216e-01   2.510679e-17   0.000000e+00   1.986566e-18   48
  1.415897e-01   2.745176e-17   1.986821e-09   4.392919e-18   24
  1.429446e-01   2.787901e-17   2.649095e-09   1.857345e-18   72
  1.442869e-01   2.163786e-17   0.000000e+00   1.272257e-18   96
  1.469345e-01   2.031218e-17   0.000000e+00   1.807613e-18   48
  1.482407e-01   2.091862e-17   0.000000e+00   2.474063e-18   48
  1.495354e-01   2.062047e-17   0.000000e+00   2.146426e-18   24
  1.508189e-01   2.315426e-17   0.000000e+00   1.779387e-18   72
  1.533539e-01   1.667753e-17   0.000000e+00   1.809257e-18   72
  1.546058e-01   1.632913e-17   0.000000e+00   1.194655e-18   96
  1.570796e-01   1.345637e-17   0.000000e+00   3.677118e-18   6
  1.583021e-01   1.569289e-17   0.000000e+00   9.442143e-19   96
  1.595151e-01   1.770929e-17   1.986821e-09   1.338860e-18   96
  1.607190e-01   1.104540e-17   0.000000e+00   1.502448e-18   24
  1.619140e-01   2.172040e-17   1.986821e-09   2.807440e-18   48
  1.631002e-01   2.108134e-17   0.000000e+00   1.398127e-18   96
  1.642778e-01   1.609088e-17   0.000000e+00   2.550933e-18   48
  1.666081e-01   1.486617e-17   1.873193e-09   1.440535e-18   36
  1.677611e-01   1.396057e-17   3.441276e-09   1.109675e-18   48
  1.689063e-01   1.403274e-17   3.893359e-09   1.016101e-18   120
  1.700437e-01   1.379727e-17   0.000000e+00   1.143201e-18   56
  1.711736e-01   8.872000e-18   1.986821e-09   1.103357e-18   24
  1.722960e-01   1.336939e-17   0.000000e+00   1.033494e-18   96
  1.734112e-01   1.202247e-17   0.000000e+00   1.351592e-18   48
  1.756204e-01   1.310623e-17   2.809790e-09   1.798093e-18   24
  1.767146e-01   1.216328e-17   0.000000e+00   7.835035e-19   102
  1.778021e-01   1.962988e-17   1.986821e-09   2.248413e-18   48
  1.788829e-01   1.636720e-17   0.000000e+00   1.286988e-18   72
  1.799573e-01   1.174199e-17   0.000000e+00   1.238770e-18   48
  1.810253e-01   1.393040e-17   0.000000e+00   1.627050e-18   48
  1.820871e-01   1.363842e-17   4.495664e-09   1.070998e-18   120
  1.841922e-01   9.690296e-18   2.809790e-09   1.108555e-18   24
  1.852358e-01   1.097213e-17   2.649095e-09   6.088420e-19   144
  1.862735e-01   1.228473e-17   3.178914e-09   8.963946e-19   120
  1.873055e-01   1.361049e-17   2.809790e-09   1.471035e-18   48
  1.893526e-01   1.071304e-17   2.809790e-09   9.484158e-19   48
  1.903679e-01   1.242929e-17   2.809790e-09   9.240316e-19   96
  1.930487e-01   1.102525e-17   4.711199e-04   1.159028e-18   72
  1.943761e-01   1.197598e-17   2.497591e-09   9.634315e-19   108
  1.953653e-01   1.073218e-17   0.000000e+00   9.996500e-19   72
  1.963495e-01   1.233850e-17   0.000000e+00   2.147020e-18   30
  1.973288e-01   9.847504e-18   0.000000e+00   5.674351e-19   168
  1.983033e-01   1.220838e-17   0.000000e+00   1.426253e-18   48
  2.002380e-01   9.508955e-18   0.000000e+00   7.222848e-19   72
  2.011984e-01   1.071943e-17   0.000000e+00   8.026452e-19   96
  2.021542e-01   1.029953e-17   5.298191e-09   1.134488e-18   72
  2.031055e-01   8.579520e-18   0.000000e+00   6.977498e-19   72
  2.047049e-01   9.804703e-18   4.350048e-04   5.983721e-19   104
  2.059331e-01   8.457767e-18   3.746387e-09   4.623815e-19   144
  2.087224e-01   8.486783e-18   6.282881e-09   5.750032e-19   96
  2.096439e-01   8.322300e-18   0.000000e+00   6.183224e-19   96
  2.111095e-01   9.940893e-18   4.475232e-04   6.882582e-19   120
  2.123845e-01   7.791621e-18   0.000000e+00   5.470558e-19   120
  2.132902e-01   9.026789e-18   0.000000e+00   8.197145e-19   72
  2.150901e-01   8.613552e-18   0.000000e+00   6.566020e-19   48
  2.159845e-01   8.362919e-18   4.890638e-09   8.710419e-19   78
  2.171286e-01   7.834625e-18   4.007142e-04   4.371570e-19   168
  2.195255e-01   7.602635e-18   4.588368e-09   5.424350e-19   144
  2.204018e-01   8.505405e-18   3.746387e-09   5.369603e-19   144
  2.229436e-01   6.754924e-18   2.307791e-04   3.459080e-19   156
  2.238729e-01   6.859751e-18   4.866699e-09   6.531338e-19   48
  2.247323e-01   6.826186e-18   3.178914e-09   5.342820e-19   120
  2.255884e-01   6.985592e-18   0.000000e+00   7.868336e-19   48
  2.271022e-01   6.458032e-18   3.532495e-04   3.556931e-19   216
  2.289809e-01   7.378305e-18   0.000000e+00   5.406902e-19   48
  2.298212e-01   7.465410e-18   2.809790e-09   5.757941e-19   96
  2.310160e-01   5.922357e-18   4.128272e-04   3.391727e-19   168
  2.323239e-01   6.123831e-18   2.809790e-09   5.506820e-19   48
  2.331522e-01   5.508668e-18   0.000000e+00   4.227087e-19   96
  2.339775e-01   6.048275e-18   0.000000e+00   5.978458e-19   48
  2.356194e-01   6.531421e-18   3.178914e-09   8.123023e-19   30
  2.364362e-01   6.490755e-18   0.000000e+00   4.370743e-19   96
  2.374123e-01   6.053325e-18   3.244455e-04   2.658636e-19   240
  2.386674e-01   8.367782e-18   3.500299e-04   1.006125e-18   32
  2.396752e-01   6.086282e-18   0.000000e+00   3.565137e-19   168
  2.404781e-01   5.663442e-18   0.000000e+00   3.884020e-19   120
  2.420760e-01   5.957147e-18   5.923557e-09   4.079278e-19   72
  2.428710e-01   5.369178e-18   2.649095e-09   3.380712e-19   144
  2.436634e-01   5.371851e-18   0.000000e+00   3.544035e-19   96
  2.444532e-01   4.420307e-18   0.000000e+00   3.281843e-19   96
  2.460253e-01   6.852200e-18   0.000000e+00   8.047710e-19   72
  2.468075e-01   4.376557e-18   3.973643e-09   3.176700e-19   96
  2.483647e-01   5.348958e-18   0.000000e+00   6.729869e-19   24
  2.491396e-01   5.055074e-18   0.000000e+00   2.833743e-19   192
  2.500522e-01   4.842517e-18   2.970416e-04   3.612665e-19   132
  2.514501e-01   5.815073e-18   0.000000e+00   3.917020e-19   96
  2.522156e-01   3.529165e-18   0.000000e+00   2.715504e-19   96
  2.529787e-01   4.746904e-18   3.178914e-09   2.726188e-19   120
  2.544981e-01   4.407768e-18   0.000000e+00   4.546510e-19   48
  2.557435e-01   5.393575e-18   3.599905e-04   2.809830e-19   222
  2.567603e-01   4.632806e-18   0.000000e+00   3.736968e-19   120
  2.575100e-01   3.852309e-18   4.866699e-09   5.743341e-19   24
  2.586015e-01   5.138727e-18   3.715625e-04   2.113912e-19   312
  2.609797e-01   5.122052e-18   3.483547e-04   3.645866e-19   72
  2.619630e-01   4.639487e-18   4.866699e-09   3.263508e-19   96
  2.629726e-01   5.282021e-18   3.547511e-04   3.046193e-19   192
  2.641613e-01   3.337790e-18   4.495664e-09   2.668862e-19   120
  2.648900e-01   3.864881e-18   0.000000e+00   2.056589e-19   144
  2.663415e-01   5.110161e-18   0.000000e+00   4.497386e-19   48
  2.673732e-01   4.234944e-18   3.567146e-04   1.729856e-19   336
  2.685040e-01   4.410229e-18   0.000000e+00   5.218851e-19   48
  2.699360e-01   4.022965e-18   0.000000e+00   2.086935e-19   192
  2.706492e-01   3.901966e-18   0.000000e+00   3.472295e-19   48
  2.726764e-01   3.095940e-18   2.476067e-04   3.088937e-19   56
  2.736844e-01   3.808478e-18   3.180112e-04   1.491132e-19   336
  2.748894e-01   3.956518e-18   3.532127e-09   4.197205e-19   54
  2.759390e-01   3.494538e-18   3.492904e-04   1.525686e-19   240
  2.781181e-01   3.813555e-18   3.344484e-04   2.020579e-19   228
  2.790651e-01   3.574426e-18   3.746387e-09   2.219727e-19   72
  2.799844e-01   3.853304e-18   3.244231e-04   2.673328e-19   144
  2.811298e-01   4.609846e-18   0.000000e+00   4.246901e-19   96
  2.818146e-01   3.384140e-18   4.495664e-09   1.728673e-19   240
  2.831793e-01   4.485221e-18   3.973643e-09   7.003632e-19   24
  2.840530e-01   3.223585e-18   3.064151e-04   1.168868e-19   336
  2.852142e-01   2.745167e-18   0.000000e+00   2.204919e-19   72
  2.862741e-01   3.769042e-18   3.332831e-04   2.597038e-19   168
  2.872346e-01   4.183571e-18   0.000000e+00   4.361319e-19   72
  2.885737e-01   4.051074e-18   0.000000e+00   3.365676e-19   96
  2.896108e-01   2.466554e-18   3.307829e-04   1.304570e-19   216
  2.905708e-01   2.438339e-18   0.000000e+00   1.523339e-19   96
  2.918946e-01   3.274983e-18   3.973643e-09   2.177536e-19   192
  2.925542e-01   2.875354e-18   3.746387e-09   1.756682e-19   144
  2.938691e-01   2.141424e-18   0.000000e+00   1.737581e-19   48
  2.947794e-01   2.726643e-18   3.189136e-04   1.400957e-19   246
  2.960164e-01   3.118007e-18   2.940434e-04   2.065770e-19   168
  2.971308e-01   3.248341e-18   7.786718e-09   2.715042e-19   120
  2.977788e-01   3.185422e-18   0.000000e+00   1.702649e-19   240
  2.990707e-01   3.102150e-18   0.000000e+00   4.245305e-19   24
  3.001001e-01   2.551818e-18   3.147475e-04   1.047846e-19   360
  3.013820e-01   3.068751e-18   3.134082e-04   2.347486e-19   120
  3.022763e-01   2.170169e-18   0.000000e+00   1.183202e-19   144
  3.029133e-01   2.945922e-18   0.000000e+00   2.923199e-19   96
  3.048165e-01   2.579219e-18   0.000000e+00   1.822550e-19   144
  3.054482e-01   2.906749e-18   0.000000e+00   2.117328e-19   132
  3.063360e-01   2.214393e-18   3.093292e-04   1.313491e-19   176
  3.076248e-01   2.506664e-18   3.123602e-04   1.101246e-19   312
  3.092116e-01   2.148940e-18   0.000000e+00   1.461742e-19   96
  3.098343e-01   2.067336e-18   0.000000e+00   1.402317e-19   144
  3.107899e-01   2.773434e-18   3.092271e-04   1.454114e-19   312
  3.123131e-01   1.194792e-18   0.000000e+00   1.456280e-19   48
  3.129297e-01   2.271640e-18   3.973643e-09   1.053744e-19   192
  3.141593e-01   4.452918e-18   0.000000e+00   4.316761e-19   6
  3.149762e-01   2.478728e-18   2.884066e-04   1.375895e-19   288
  3.162994e-01   2.525332e-18   3.047203e-04   1.453165e-19   192
  3.172124e-01   2.470547e-18   9.345130e-09   1.565145e-19   216
  3.178195e-01   2.528876e-18   0.000000e+00   1.654617e-19   72
  3.193321e-01   2.961008e-18   3.018264e-04   1.761836e-19   192
  3.203366e-01   2.162791e-18   2.241224e-04   1.131380e-19   288
  3.214381e-01   1.148104e-18   0.000000e+00   1.775581e-19   24
  3.222890e-01   1.971597e-18   2.952626e-04   7.290550e-20   456
  3.238280e-01   2.617417e-18   0.000000e+00   3.871647e-19   48
  3.247789e-01   2.091585e-18   2.908218e-04   1.210869e-19   240
  3.258718e-01   2.368514e-18   2.939082e-04   1.127546e-19   216
  3.267908e-01   2.035504e-18   0.000000e+00   1.851205e-19   72
  3.273801e-01   1.620157e-18   1.015467e-08   8.749727e-20   168
  3.290441e-01   2.165141e-18   2.184577e-04   1.079584e-19   288
  3.299773e-01   1.899044e-18   2.890570e-04   1.467224e-19   168
  3.314762e-01   2.027435e-18   0.000000e+00   1.353340e-19   192
  3.320572e-01   1.702302e-18   3.746387e-09   9.749404e-20   144
  3.332162e-01   2.445966e-18   3.746387e-09   2.844943e-19   36
  3.341991e-01   1.835131e-18   2.639705e-04   7.664095e-20   342
  3.351389e-01   2.216154e-18   2.710657e-04   1.642824e-19   144
  3.363470e-01   2.122228e-18   2.842800e-04   9.823399e-20   384
  3.378125e-01   1.587996e-18   7.786718e-09   1.133721e-19   120
  3.385379e-01   2.079938e-18   2.534951e-04   1.240948e-19   264
  3.395201e-01   1.733856e-18   1.256576e-08   1.340694e-19   192
  3.404451e-01   1.718406e-18   2.731894e-04   1.187871e-19   152
  3.412191e-01   1.698182e-18   7.492773e-09   1.458908e-19   144
  3.428472e-01   1.687974e-18   1.768108e-04   9.304634e-20   216
  3.436008e-01   1.797999e-18   2.362665e-04   8.601031e-20   312
  3.449274e-01   2.113058e-18   2.738281e-04   1.201007e-19   240
  3.457090e-01   1.512350e-18   3.973643e-09   9.737162e-20   96
  3.471927e-01   1.058129e-18   2.617995e-04   6.171095e-20   144
  3.481071e-01   1.746117e-18   2.573258e-04   7.522327e-20   456
  3.495904e-01   1.259892e-18   0.000000e+00   8.312827e-20   120
  3.501414e-01   1.744309e-18   0.000000e+00   1.494964e-19   144
  3.512407e-01   1.364492e-18   5.619580e-09   1.747051e-19   24
  3.519456e-01   1.422691e-18   2.473498e-04   6.116357e-20   336
  3.531645e-01   1.782410e-18   2.727931e-04   9.079977e-20   198
  3.543067e-01   1.461876e-18   2.652756e-04   6.809535e-20   432
  3.556041e-01   2.700340e-18   7.947286e-09   3.390783e-19   48
  3.562810e-01   1.738994e-18   2.341925e-04   8.173033e-20   384
  3.574963e-01   1.384112e-18   2.696052e-04   1.388660e-19   144
  3.585975e-01   1.541434e-18   2.676825e-04   8.668481e-20   264
  3.599147e-01   9.616596e-19   0.000000e+00   9.549390e-20   48
  3.607984e-01   1.422781e-18   2.545223e-04   8.331796e-20   276
  3.616510e-01   1.658572e-18   2.307176e-04   1.049858e-19   192
  3.627906e-01   1.413893e-18   2.592759e-04   5.952616e-20   552
  3.641741e-01   1.473345e-18   6.357829e-09   1.482451e-19   120
  3.649965e-01   9.088478e-19   2.624511e-04   4.971657e-20   216
  3.657587e-01   1.301420e-18   6.357829e-09   1.072205e-19   120
  3.671201e-01   1.410300e-18   2.584500e-04   6.854653e-20   408
  3.683844e-01   6.697211e-19   5.619580e-09   8.070009e-20   24
  3.691684e-01   1.335155e-18   2.610810e-04   6.527954e-20   384
  3.702633e-01   1.077140e-18   2.550855e-04   8.035127e-20   240
  3.712141e-01   1.299750e-18   2.569535e-04   7.929930e-20   168
  3.725471e-01   1.284644e-18   0.000000e+00   1.105730e-19   120
  3.734064e-01   1.329182e-18   2.678605e-04   6.740331e-20   350
  3.748037e-01   1.661306e-18   4.409502e-04   9.969266e-20   384
  3.756388e-01   1.497227e-18   0.000000e+00   1.484792e-19   144
  3.771752e-01   1.211128e-18   5.298191e-09   7.342736e-20   288
  3.779773e-01   1.302475e-18   2.524053e-04   7.780036e-20   336
  3.790686e-01   9.026081e-19   2.297941e-04   5.511535e-20   168
  3.797219e-01   1.232644e-18   1.506181e-08   6.450207e-20   336
  3.810732e-01   1.199132e-18   2.385126e-04   7.249348e-20   288
  3.818848e-01   1.288910e-18   2.247398e-04   7.665824e-20   264
  3.832590e-01   1.040275e-18   0.000000e+00   6.388621e-20   240
  3.837616e-01   1.062702e-18   0.000000e+00   8.589751e-20   96
  3.855656e-01   1.197212e-18   3.056310e-04   6.100228e-20   360
  3.864075e-01   1.126173e-18   2.253025e-04   9.065928e-20   168
  3.874713e-01   1.008620e-18   2.456032e-04   4.921936e-20   456
  3.887523e-01   1.017520e-18   7.064254e-09   6.980143e-20   108
  3.894728e-01   8.430954e-19   2.464311e-04   5.738543e-20   264
  3.903716e-01   8.831326e-19   2.198567e-04   5.142349e-20   264
  3.916025e-01   1.023591e-18   2.074668e-04   5.300990e-20   312
  3.931351e-01   1.228340e-18   1.541705e-04   8.280709e-20   270
  3.937775e-01   1.049237e-18   1.957388e-04   6.440891e-20   240
  3.949323e-01   1.194511e-18   2.421536e-04   6.762138e-20   384
  3.956334e-01   9.524113e-19   7.947286e-09   6.273522e-20   192
  3.969952e-01   1.305956e-18   1.942960e-04   9.154622e-20   240
  3.977852e-01   1.127827e-18   2.397927e-04   6.680854e-20   336
  3.992708e-01   1.022069e-18   2.413972e-04   4.271354e-20   480
  4.004761e-01   1.194756e-18   5.298191e-09   1.354511e-19   72
  4.011493e-01   1.103236e-18   2.353842e-04   8.941953e-20   240
  4.020650e-01   9.203503e-19   2.212289e-04   5.480530e-20   312
  4.031147e-01   7.384653e-19   2.390954e-04   4.024181e-20   240
  4.047009e-01   1.040654e-18   1.816506e-04   6.366939e-20   408
  4.053288e-01   9.379414e-19   1.663482e-04   4.536870e-20   336
  4.065560e-01   9.899367e-19   2.112212e-04   5.966844e-20   264
  4.071591e-01   5.221818e-19   0.000000e+00   3.354413e-20   144
  4.088370e-01   8.106136e-19   2.927651e-04   4.222089e-20   464
  4.097211e-01   8.317381e-19   2.328083e-04   4.974578e-20   168
  4.105939e-01   6.277312e-19   2.120376e-04   3.011837e-20   336
  4.121713e-01   9.057757e-19   2.227870e-04   4.415203e-20   414
  4.130606e-01   1.004132e-18   2.319080e-04   7.274778e-20   216
  4.141998e-01   1.498481e-18   5.619580e-09   1.186767e-19   96
  4.146649e-01   8.637142e-19   1.376510e-08   6.079436e-20   384
  4.162944e-01   9.315479e-19   2.314600e-04   5.058470e-20   492
  4.171676e-01   1.084730e-18   2.263480e-04   6.877537e-20   240
  4.181546e-01   9.247430e-19   2.298225e-04   5.360545e-20   312
  4.195176e-01   5.814404e-19   2.297469e-04   6.180596e-20   192
  4.203810e-01   7.471358e-19   2.226525e-04   3.889101e-20   504
  4.215265e-01   7.826965e-19   1.473998e-04   4.468266e-20   408
  4.224284e-01   5.432078e-19   4.515774e-04   3.879182e-20   168
  4.235571e-01   1.065820e-18   2.145032e-04   6.231043e-20   288
  4.245041e-01   7.560999e-19   2.238525e-04   4.848043e-20   288
  4.254743e-01   5.583417e-19   2.251410e-04   2.517598e-20   432
  4.268815e-01   6.513768e-19   2.129084e-04   4.720802e-20   216
  4.276334e-01   6.498399e-19   2.124592e-04   3.493865e-20   360
  4.289721e-01   7.580755e-19   2.073582e-04   4.948441e-20   312
  4.301803e-01   8.449252e-19   0.000000e+00   7.823798e-20   48
  4.308767e-01   6.553480e-19   2.223178e-04   3.137591e-20   432
  4.321240e-01   6.848696e-19   3.708284e-04   4.137605e-20   414
  4.328606e-01   7.164747e-19   8.470833e-09   5.183457e-20   312
  4.342347e-01   7.666233e-19   3.253813e-04   4.981315e-20   528
  4.351620e-01   8.480462e-19   1.707976e-04   5.986073e-20   264
  4.362761e-01   8.228510e-19   2.025191e-04   5.070052e-20   480
  4.377318e-01   7.141681e-19   0.000000e+00   4.928410e-20   288
  4.383604e-01   6.163538e-19   2.176005e-04   4.447225e-20   168
  4.395105e-01   7.722087e-19   3.444610e-04   4.432910e-20   504
  4.408036e-01   9.965509e-19   5.298191e-09   1.020175e-19   144
  4.416171e-01   5.479131e-19   2.212265e-04   2.260780e-20   464
  4.428396e-01   7.126018e-19   3.246624e-04   4.466581e-20   432
  4.434197e-01   6.304011e-19   5.619580e-09   4.629077e-20   192
  4.449189e-01   5.892319e-19   2.406833e-04   3.778607e-20   396
  4.458042e-01   5.177735e-19   2.162000e-04   3.557428e-20   288
  4.466990e-01   5.399643e-19   2.135686e-04   3.871675e-20   336
  4.481283e-01   5.976136e-19   1.352359e-04   3.362771e-20   432
  4.490354e-01   4.967251e-19   3.505126e-04   2.682759e-20   360
  4.500539e-01   5.843593e-19   2.073334e-04   2.838337e-20   384
  4.515004e-01   5.422142e-19   1.830116e-04   4.355461e-20   198
  4.521974e-01   6.213784e-19   2.080246e-04   4.997609e-20   552
  4.534970e-01   7.598765e-19   2.912202e-04   4.789558e-20   432
  4.545821e-01   4.692013e-19   1.112388e-08   4.062638e-20   168
  4.554927e-01   8.447537e-19   3.610065e-04   5.429353e-20   480
  4.566974e-01   5.117778e-19   0.000000e+00   3.477490e-20   120
  4.572396e-01   7.836401e-19   2.948545e-04   5.712388e-20   336
  4.585628e-01   5.205987e-19   2.080152e-04   2.370849e-20   672
  4.598711e-01   6.362070e-19   3.025866e-04   3.406522e-20   528
  4.604805e-01   3.135668e-19   9.082613e-09   2.039177e-20   168
  4.618883e-01   6.096525e-19   3.375333e-04   3.724987e-20   456
  4.627474e-01   7.069926e-19   2.061344e-04   8.545501e-20   168
  4.636392e-01   5.416085e-19   2.057643e-04   2.778551e-20   504
  4.651216e-01   3.704326e-19   2.647872e-04   3.377207e-20   336
  4.660180e-01   4.894025e-19   1.908802e-04   3.016698e-20   312
  4.670124e-01   5.276121e-19   1.865029e-04   3.290227e-20   504
  4.683210e-01   4.543084e-19   1.294009e-04   2.472117e-20   432
  4.689362e-01   4.851867e-19   1.999672e-04   3.147457e-20   312
  4.702151e-01   4.709902e-19   2.049761e-04   2.711307e-20   384
  4.715504e-01   8.107148e-19   1.741510e-04   9.604810e-20   126
  4.723748e-01   7.086471e-19   3.057676e-04   4.888209e-20   492
  4.734278e-01   5.711552e-19   1.958445e-04   3.557278e-20   528
  4.747438e-01   5.000241e-19   1.989360e-04   3.040978e-20   480
  4.755596e-01   5.951673e-19   2.748289e-04   4.040995e-20   432
  4.767402e-01   4.806830e-19   2.161166e-04   2.919385e-20   440
  4.781114e-01   6.157981e-19   1.074739e-04   4.309313e-20   312
  4.786259e-01   4.426921e-19   1.610586e-04   2.588211e-20   480
  4.796813e-01   4.957190e-19   3.153497e-04   2.941018e-20   408
  4.812233e-01   5.876177e-19   1.888588e-04   3.778430e-20   360
  4.818747e-01   4.420973e-19   1.822418e-04   3.069150e-20   408
  4.830820e-01   3.824711e-19   1.854542e-04   2.749117e-20   456
  4.844414e-01   5.749195e-19   1.772485e-04   4.396500e-20   264
  4.851959e-01   4.932403e-19   1.923591e-04   2.520683e-20   384
  4.862943e-01   3.974476e-19   3.238501e-04   1.936000e-20   672
  4.875640e-01   6.055164e-19   1.937042e-04   5.589670e-20   240
  4.882967e-01   3.641221e-19   1.965613e-04   2.125732e-20   264
  4.893308e-01   2.826479e-19   2.424259e-04   1.851886e-20   624
  4.908739e-01   3.045725e-19   0.000000e+00   3.258529e-20   150
  4.914232e-01   5.220913e-19   2.716574e-04   2.903487e-20   600
  4.925819e-01   4.775420e-19   1.874909e-04   2.447550e-20   672
  4.938939e-01   3.921975e-19   1.763484e-04   3.147215e-20   336
  4.946248e-01   5.935995e-19   1.918157e-04   4.385954e-20   408
  4.957926e-01   5.241642e-19   1.913639e-04   3.462916e-20   408
  4.970915e-01   5.330706e-19   9.676385e-05   3.174313e-20   360
  4.978921e-01   5.486705e-19   3.552857e-04   4.551975e-20   456
  4.988592e-01   4.338457e-19   1.932065e-04   3.694635e-20   384
  5.000902e-01   2.434752e-19   1.783541e-04   1.435161e-20   348
  5.007554e-01   4.781502e-19   2.198754e-04   2.672243e-20   576
  5.020050e-01   3.148081e-19   1.810385e-04   1.543943e-20   504
  5.032833e-01   3.858941e-19   2.553443e-04   2.737626e-20   432
  5.043991e-01   3.865798e-19   3.473946e-04   2.291360e-20   576
  5.051948e-01   3.205637e-19   0.000000e+00   2.922318e-20   264
  5.064571e-01   3.280960e-19   2.764393e-04   1.543413e-20   768
  5.075549e-01   1.893844e-19   3.721752e-04   8.645518e-21   240
  5.084277e-01   4.243308e-19   3.282233e-04   4.444691e-20   192
  5.096990e-01   3.258015e-19   2.416124e-04   1.777650e-20   504
  5.106418e-01   5.052647e-19   3.255818e-04   3.329914e-20   590
  5.115460e-01   4.995451e-19   3.647966e-04   3.697477e-20   384
  5.126798e-01   3.666144e-19   3.048625e-04   2.492998e-20   504
  5.140486e-01   4.668447e-19   2.933830e-04   3.046440e-20   648
  5.153764e-01   3.494776e-19   7.967896e-05   2.477756e-20   504
  5.159117e-01   3.362777e-19   1.817627e-04   2.214718e-20   312
  5.168569e-01   4.853001e-19   2.618753e-04   2.998200e-20   576
  5.181545e-01   4.627332e-19   1.822405e-04   5.430748e-20   240
  5.189109e-01   2.650091e-19   1.841453e-04   1.274890e-20   552
  5.199816e-01   4.224136e-19   1.729082e-04   2.675517e-20   600
  5.215067e-01   3.200967e-19   2.111937e-04   1.734541e-20   600
  5.224237e-01   3.328604e-19   3.382099e-04   2.768779e-20   312
  5.233368e-01   3.964978e-19   2.945474e-04   2.420517e-20   480
  5.244775e-01   2.553916e-19   1.837693e-04   1.462513e-20   576
  5.254818e-01   3.887602e-19   2.959085e-04   2.966646e-20   408
  5.263729e-01   1.238629e-19   3.451909e-04   8.670202e-21   216
  5.275243e-01   3.264393e-19   2.643774e-04   1.841359e-20   516
  5.287578e-01   3.139121e-19   2.522429e-04   1.535149e-20   744
  5.300304e-01   3.279222e-19   1.684760e-04   1.931283e-20   462
  5.307494e-01   3.923051e-19   1.712315e-04   4.488711e-20   432
  5.318647e-01   4.197214e-19   1.588547e-04   2.920860e-20   648
  5.331761e-01   3.682497e-19   2.324340e-04   2.616450e-20   528
  5.342295e-01   3.719061e-19   2.799086e-04   2.105062e-20   600
  5.352820e-01   6.150075e-19   3.528915e-04   5.073331e-20   240
  5.363014e-01   3.361778e-19   2.703115e-04   2.231304e-20   720
  5.374863e-01   3.236346e-19   2.138653e-04   1.791293e-20   720
  5.387997e-01   1.130234e-19   0.000000e+00   9.298193e-21   144
  5.394909e-01   3.571768e-19   2.757364e-04   2.065519e-20   720
  5.404742e-01   3.529502e-19   1.653370e-04   2.818496e-20   384
  5.417051e-01   2.499540e-19   1.832848e-04   1.435465e-20   672
  5.428730e-01   3.644167e-19   3.209115e-04   3.202624e-20   336
  5.434308e-01   2.732636e-19   0.000000e+00   2.273099e-20   288
  5.447967e-01   2.206303e-19   2.539800e-04   1.115150e-20   776
  5.460612e-01   2.257634e-19   2.173184e-04   1.420166e-20   720
  5.471231e-01   2.063382e-19   1.750659e-04   1.297877e-20   432
  5.479725e-01   3.018439e-19   2.495786e-04   1.685224e-20   504
  5.489174e-01   2.638469e-19   1.748652e-04   1.610675e-20   528
  5.502396e-01   3.267305e-19   2.382437e-04   2.952723e-20   438
  5.513273e-01   3.946084e-19   2.772938e-04   3.192316e-20   624
  5.521470e-01   3.460736e-19   3.396475e-04   3.637982e-20   312
  5.532738e-01   4.165730e-19   1.829935e-04   2.523483e-20   696
  5.544390e-01   3.145258e-19   1.655760e-04   2.154137e-20   552
  5.556509e-01   3.781526e-19   1.281006e-04   2.813743e-20   516
  5.564006e-01   4.083079e-19   2.558713e-04   2.639862e-20   528
  5.573133e-01   1.336794e-19   1.664001e-04   6.454996e-21   528
  5.586097e-01   3.282841e-19   2.194479e-04   2.052629e-20   864
  5.594897e-01   2.783495e-19   3.005985e-04   2.092838e-20   408
  5.603706e-01   4.305452e-19   2.978186e-04   3.438977e-20   192
  5.616191e-01   1.973350e-19   2.464592e-04   1.087662e-20   720
  5.626731e-01   2.320576e-19   2.272475e-04   1.508654e-20   696
  5.639255e-01   2.150787e-19   2.454294e-04   1.261361e-20   720
  5.650713e-01   2.684733e-19   3.326501e-04   1.723830e-20   432
  5.657395e-01   1.593544e-19   1.958109e-04   1.241996e-20   264
  5.669418e-01   2.117589e-19   2.704061e-04   1.090154e-20   672
  5.680171e-01   2.168464e-19   2.768544e-04   1.399174e-20   600
  5.692933e-01   1.152207e-19   1.620980e-04   9.244505e-21   270
  5.699366e-01   3.375274e-19   2.440026e-04   2.967947e-20   528
  5.709591e-01   2.909579e-19   1.670843e-04   1.936836e-20   840
  5.723613e-01   3.438937e-19   3.194952e-04   2.147299e-20   888
  5.736568e-01   2.255677e-19   2.380474e-04   1.574831e-20   744
  5.747517e-01   3.015436e-19   1.223216e-04   2.752929e-20   456
  5.752963e-01   4.661895e-19   1.671601e-04   3.894678e-20   360
  5.762282e-01   1.897957e-19   1.448348e-04   1.776519e-20   384
  5.776580e-01   2.534800e-19   2.323137e-04   1.408896e-20   816
  5.787308e-01   2.385194e-19   3.370546e-04   1.375686e-20   824
  5.800348e-01   2.152326e-19   1.566791e-04   2.010146e-20   360
  5.807331e-01   2.112273e-19   2.311994e-04   1.384184e-20   624
  5.816941e-01   3.246460e-19   1.562320e-04   3.045703e-20   360
  5.829744e-01   1.956672e-19   2.125215e-04   1.102352e-20   876
  5.841306e-01   2.105866e-19   2.524119e-04   1.254700e-20   696
  5.852967e-01   1.450285e-19   1.629911e-04   1.010939e-20   336
  5.859080e-01   2.787484e-19   1.628079e-04   2.198305e-20   504
  5.869176e-01   1.779534e-19   1.642187e-04   1.117561e-20   672
  5.884155e-01   1.581747e-19   3.269213e-04   9.631372e-21   720
  5.894543e-01   2.625339e-19   2.469541e-04   1.863946e-20   774
  5.906010e-01   3.797856e-19   1.413501e-04   3.554407e-20   384
  5.912015e-01   2.701998e-19   2.720183e-04   2.228023e-20   528
  5.921335e-01   2.527019e-19   2.592486e-04   1.776748e-20   744
  5.936327e-01   2.930086e-19   2.138251e-04   1.900590e-20   768
  5.946281e-01   2.209840e-19   2.400348e-04   1.991917e-20   552
  5.958700e-01   2.070466e-19   2.616108e-04   1.414829e-20   696
  5.967938e-01   3.282864e-19   3.179026e-04   3.168107e-20   408
  5.975272e-01   2.712778e-19   1.373364e-04   2.477445e-20   504
  5.986899e-01   1.668808e-19   2.467198e-04   8.676032e-21   888
  5.998339e-01   1.839704e-19   2.564132e-04   1.611536e-20   648
  6.010230e-01   1.856148e-19   2.542153e-04   1.247740e-20   648
  6.021418e-01   1.935001e-19   2.741064e-04   1.203682e-20   792
  6.033268e-01   1.714313e-19   4.010364e-04   1.157647e-20   600
  6.042000e-01   9.876381e-20   2.717856e-04   6.441620e-21   456
  6.051191e-01   1.832651e-19   1.324567e-04   1.186621e-20   648
  6.062996e-01   1.391835e-19   2.583099e-04   7.064963e-21   936
  6.075741e-01   2.374213e-19   1.586356e-04   1.714362e-20   384
  6.086836e-01   2.266410e-19   0.000000e+00   3.660953e-20   198
  6.095398e-01   1.833663e-19   4.024720e-04   1.033518e-20   1224
  6.104634e-01   2.636940e-19   2.931235e-04   2.089401e-20   420
  6.115558e-01   2.031781e-19   2.836822e-04   1.443574e-20   792
  6.126238e-01   2.087492e-19   2.345810e-04   1.612660e-20   680
  6.138428e-01   1.779373e-19   2.154033e-04   1.413310e-20   600
  6.148235e-01   1.813042e-19   3.123938e-04   1.037053e-20   840
  6.161330e-01   1.359624e-19   1.474979e-04   9.113471e-21   432
  6.166334e-01   2.027087e-19   1.382250e-04   1.345341e-20   720
  6.177213e-01   1.342456e-19   2.768404e-04   7.572738e-21   960
  6.190745e-01   1.402942e-19   2.467829e-04   1.220724e-20   528
  6.200634e-01   1.750503e-19   2.522592e-04   1.443695e-20   624
  6.212404e-01   1.806518e-19   1.982740e-04   1.100454e-20   816
  6.224086e-01   1.497740e-19   3.260658e-04   1.083072e-20   696
  6.236996e-01   9.534773e-20   1.798266e-08   7.205615e-21   240
  6.241851e-01   1.580671e-19   1.922888e-04   1.040435e-20   672
  6.252686e-01   1.273316e-19   3.436476e-04   7.915183e-21   864
  6.264840e-01   9.213100e-20   2.636938e-04   6.719449e-21   816
  6.275795e-01   1.190121e-19   1.509292e-04   8.781587e-21   648
  6.287594e-01   1.765367e-19   1.542771e-04   1.243788e-20   843
  6.297611e-01   1.769149e-19   2.775825e-04   1.408894e-20   780
  6.309548e-01   1.709505e-19   1.489456e-04   2.243571e-20   216
  6.316911e-01   1.394299e-19   3.591661e-04   8.714810e-21   1056
  6.328235e-01   1.035306e-19   2.938382e-04   1.467986e-20   228
  6.338720e-01   1.597252e-19   3.658358e-04   1.022825e-20   924
  6.349484e-01   1.210201e-19   1.357046e-04   8.210230e-21   696
  6.360882e-01   1.259959e-19   2.415153e-04   7.958494e-21   996
  6.372543e-01   7.264126e-20   1.425858e-04   5.635304e-21   576
  6.384675e-01   1.129705e-19   2.200718e-04   1.046435e-20   552
  6.393519e-01   1.322474e-19   2.627580e-04   8.973452e-21   516
  6.402494e-01   1.427618e-19   3.821047e-04   1.002329e-20   744
  6.412749e-01   6.069829e-20   1.874451e-04   3.439738e-21   576
  6.421669e-01   9.222409e-20   1.929285e-04   5.518007e-21   792
  6.434346e-01   1.011279e-19   2.205530e-04   6.405794e-21   792
  6.443636e-01   1.010377e-19   2.378641e-04   6.501636e-21   720
  6.456200e-01   7.541146e-20   2.711104e-04   4.190554e-21   656
  6.467974e-01   8.358922e-20   2.960385e-04   4.298280e-21   816
  6.480043e-01   9.872127e-20   1.596190e-04   1.117717e-20   492
  6.486903e-01   9.362089e-20   2.296231e-04   5.923589e-21   552
  6.499778e-01   6.819455e-20   3.992867e-04   4.871758e-21   780
  6.508139e-01   7.888809e-20   2.452771e-04   4.883669e-21   528
  6.517148e-01   5.938144e-20   2.863130e-04   4.458006e-21   600
  6.530425e-01   8.437073e-20   2.379487e-04   4.419565e-21   900
  6.539577e-01   7.657148e-20   1.317325e-04   4.997880e-21   696
  6.552168e-01   6.479185e-20   3.330907e-04   4.171589e-21   696
  6.564349e-01   4.675711e-20   1.351317e-04   2.550682e-21   552
  6.574592e-01   6.004528e-20   1.571457e-04   3.932835e-21   708
  6.585322e-01   6.463044e-20   2.594565e-04   3.908176e-21   876
  6.596487e-01   6.784978e-20   1.377663e-04   5.575762e-21   216
  6.603980e-01   6.916120e-20   3.768094e-04   3.165463e-21   1032
  6.615201e-01   5.442551e-20   4.195357e-04   3.689066e-21   600
  6.626848e-01   3.586468e-20   2.001869e-04   1.996220e-21   600
  6.635732e-01   6.394390e-20   3.535112e-04   4.099671e-21   528
  6.646233e-01   5.336436e-20   1.940622e-04   2.816578e-21   732
  6.657296e-01   6.107405e-20   1.432973e-04   4.351123e-21   336
  6.670031e-01   4.975334e-20   2.042271e-04   3.184479e-21   912
  6.679548e-01   3.494753e-20   2.049821e-04   1.677420e-21   624
  6.689946e-01   4.435318e-20   1.727341e-04   2.188039e-21   768
  6.702082e-01   4.414106e-20   3.116463e-04   1.810663e-21   792
  6.713995e-01   5.099444e-20   1.545014e-04   3.240714e-21   660
  6.722471e-01   4.746521e-20   2.276826e-04   3.671877e-21   504
  6.731238e-01   3.808535e-20   3.719898e-04   2.474106e-21   480
  6.744376e-01   3.670864e-20   3.440421e-04   1.684544e-21   912
  6.754664e-01   3.811937e-20   3.831443e-04   2.162665e-21   432
  6.764380e-01   4.799854e-20   2.275021e-04   2.814922e-21   564
  6.773006e-01   3.700323e-20   2.177508e-04   1.543056e-21   600
  6.785149e-01   4.642464e-20   3.035240e-04   2.202907e-21   876
  6.794272e-01   4.021919e-20   1.364735e-04   3.332098e-21   264
  6.806846e-01   3.136574e-20   2.648123e-04   1.774620e-21   560
  6.816953e-01   3.986478e-20   1.799457e-04   1.892757e-21   840
  6.829222e-01   3.062121e-20   2.774244e-04   1.258961e-21   1008
  6.840568e-01   2.179781e-20   1.241010e-04   9.257321e-22   456
  6.850930e-01   3.608379e-20   1.607553e-04   1.838905e-21   576
  6.860509e-01   3.665451e-20   2.470177e-04   1.904341e-21   612
  6.873140e-01   3.198065e-20   2.206269e-04   1.396905e-21   780
  6.883444e-01   3.091070e-20   2.528284e-04   1.457060e-21   648
  6.893992e-01   3.465256e-20   1.178213e-04   2.300970e-21   312
  6.900734e-01   2.748144e-20   2.993645e-04   1.601974e-21   528
  6.912414e-01   2.500105e-20   3.909551e-04   8.982849e-22   720
  6.923583e-01   3.149548e-20   3.921794e-04   1.941745e-21   576
  6.937124e-01   2.634368e-20   3.383053e-04   1.332005e-21   444
  6.945549e-01   2.899517e-20   3.317685e-04   1.013450e-21   996
  6.955874e-01   2.675738e-20   2.771265e-04   1.753660e-21   432
  6.965633e-01   2.763648e-20   3.033990e-04   1.305544e-21   504
  6.974062e-01   1.939960e-20   1.367883e-04   7.557735e-22   504
  6.986065e-01   2.966901e-20   2.692009e-04   1.038007e-21   876
  6.996926e-01   2.211561e-20   3.098246e-04   9.324067e-22   504
  7.008236e-01   2.261595e-20   1.975899e-04   1.023350e-21   696
  7.017583e-01   2.486264e-20   1.689187e-04   9.860616e-22   492
  7.030300e-01   2.249811e-20   2.418152e-04   1.271500e-21   432
  7.039719e-01   2.770903e-20   2.264335e-04   1.104148e-21   768
  7.050885e-01   2.126109e-20   2.820533e-04   9.691026e-22   648
  7.061547e-01   2.003082e-20   1.840095e-04   9.879170e-22   456
  7.073798e-01   2.604068e-20   2.530430e-04   1.164113e-21   552
  7.082306e-01   2.137328e-20   1.734358e-04   1.027659e-21   648
  7.094016e-01   1.798229e-20   2.826907e-04   6.091840e-22   840
  7.105454e-01   2.035008e-20   1.348092e-04   9.689472e-22   432
  7.116906e-01   2.092984e-20   1.651183e-04   1.016769e-21   600
  7.124870e-01   2.201467e-20   1.759227e-04   9.930799e-22   432
  7.138248e-01   2.042346e-20   1.751482e-04   8.696265e-22   560
  7.147308e-01   1.711405e-20   2.772412e-04   5.848615e-22   840
  7.158652e-01   1.985368e-20   1.642140e-04   1.074337e-21   504
  7.167662e-01   1.655729e-20   3.351509e-04   6.361330e-22   696
  7.180362e-01   2.100485e-20   1.830475e-04   1.272794e-21   384
  7.190254e-01   1.572249e-20   2.681431e-04   5.280010e-22   576
  7.202219e-01   1.577093e-20   1.654845e-04   7.205533e-22   360
  7.211864e-01   2.034978e-20   2.464465e-04   7.802638e-22   828
  7.222268e-01   1.487983e-20   2.195064e-04   7.331775e-22   372
  7.231800e-01   1.628741e-20   3.352284e-04   6.202345e-22   576
  7.244428e-01   1.921603e-20   1.403933e-04   7.334143e-22   636
  7.253425e-01   1.633388e-20   2.706420e-04   6.042781e-22   648
  7.265596e-01   1.429795e-20   2.200024e-04   6.303718e-22   576
  7.274333e-01   1.633997e-20   3.548870e-04   7.289018e-22   528
  7.285953e-01   1.817019e-20   1.517289e-04   1.062019e-21   360
  7.295571e-01   1.426941e-20   3.490332e-04   5.269131e-22   672
  7.308130e-01   1.631145e-20   1.787806e-04   5.111167e-22   804
  7.318582e-01   1.605444e-20   1.972163e-04   7.437306e-22   408
  7.330145e-01   1.700825e-20   1.219011e-04   7.783559e-22   384
  7.337931e-01   1.213377e-20   2.789567e-04   5.819620e-22   480
  7.348913e-01   1.455281e-20   1.802469e-04   6.483679e-22   432
  7.359446e-01   1.525579e-20   3.321566e-04   5.511810e-22   648
  7.371913e-01   1.471986e-20   2.061016e-04   5.918205e-22   624
  7.381033e-01   1.322519e-20   1.874668e-04   5.724553e-22   456
  7.393486e-01   1.222572e-20   2.560963e-04   5.269989e-22   588
  7.401831e-01   1.272101e-20   1.633884e-04   4.850668e-22   600
  7.414016e-01   1.287769e-20   2.548458e-04   4.536953e-22   708
  7.423640e-01   1.337395e-20   1.605479e-04   6.604169e-22   360
  7.434275e-01   1.382268e-20   1.845541e-04   6.442582e-22   552
  7.444470e-01   1.195031e-20   1.294691e-04   7.404329e-22   288
  7.454820e-01   1.347198e-20   2.434372e-04   5.813760e-22   528
  7.464545e-01   1.335606e-20   1.642340e-04   5.272794e-22   456
  7.475410e-01   1.557941e-20   2.912225e-04   6.562757e-22   608
  7.486338e-01   1.112311e-20   1.408967e-04   4.325253e-22   504
  7.498278e-01   1.048341e-20   3.024972e-04   4.220463e-22   540
  7.507642e-01   1.196808e-20   3.247222e-04   4.958306e-22   360
  7.517735e-01   1.307550e-20   1.470509e-04   4.714347e-22   540
  7.526661e-01   1.185680e-20   1.262606e-04   4.981502e-22   576
  7.539642e-01   1.155123e-20   2.927555e-04   4.129668e-22   588
  7.551985e-01   1.177222e-20   4.039143e-04   3.815964e-22   672
  7.562588e-01   1.255711e-20   3.087151e-04   4.239144e-22   552
  7.571135e-01   1.314550e-20   3.088712e-04   9.661082e-22   144
  7.582042e-01   1.090031e-20   2.624178e-04   4.407660e-22   600
  7.592383e-01   9.421417e-21   3.288668e-04   3.967206e-22   504
  7.603860e-01   9.558728e-21   3.378126e-04   4.876239e-22   336
  7.615932e-01   1.064661e-20   3.797028e-04   3.773600e-22   600
  7.626744e-01   1.057124e-20   2.450478e-04   4.429954e-22   636
  7.638413e-01   1.058762e-20   1.970206e-04   5.406916e-22   384
  7.646595e-01   1.100200e-20   2.748205e-04   4.038873e-22   504
  7.658387e-01   9.188647e-21   1.153383e-04   5.025732e-22   240
  7.667694e-01   1.142812e-20   2.709461e-04   3.669126e-22   744
  7.678860e-01   9.660666e-21   1.850150e-04   3.946797e-22   648
  7.688783e-01   1.136979e-20   1.228185e-04   7.309802e-22   120
  7.700414e-01   1.038976e-20   1.929319e-04   3.642645e-22   564
  7.709202e-01   1.105020e-20   3.030111e-04   4.965922e-22   432
  7.720932e-01   9.476892e-21   2.351965e-04   3.810208e-22   480
  7.729764e-01   8.688478e-21   1.731106e-04   3.821430e-22   456
  7.740189e-01   1.096986e-20   2.864725e-04   5.330338e-22   444
  7.752020e-01   9.052004e-21   4.383180e-04   3.768989e-22   528
  7.762412e-01   1.017136e-20   3.255297e-04   6.270680e-22   264
  7.772498e-01   9.482592e-21   3.336195e-04   4.042424e-22   444
  7.786065e-01   9.434349e-21   3.654311e-04   3.288971e-22   696
  7.797327e-01   9.803402e-21   1.954448e-04   5.154313e-22   384
  7.805563e-01   8.590030e-21   2.469609e-04   3.699494e-22   432
  7.818373e-01   8.448629e-21   1.706384e-04   3.510040e-22   488
  7.826690e-01   9.873117e-21   2.571733e-04   4.173684e-22   480
  7.838749e-01   7.976439e-21   2.868014e-04   3.158072e-22   480
  7.848089e-01   1.010665e-20   1.203331e-04   5.754829e-22   240
  7.858692e-01   1.032001e-20   2.810886e-04   4.308654e-22   600
  7.868694e-01   8.015474e-21   2.449399e-04   3.983324e-22   288
  7.879343e-01   9.524748e-21   2.356143e-04   4.523379e-22   480
  7.890129e-01   8.046255e-21   4.191157e-04   3.146553e-22   504
  7.900748e-01   9.452974e-21   1.798267e-04   7.490037e-22   216
  7.914291e-01   8.761636e-21   2.944050e-04   3.509715e-22   504
  7.924838e-01   7.970246e-21   2.367912e-04   3.299054e-22   456
  7.936384e-01   8.865133e-21   1.358038e-04   3.803012e-22   384
  7.944031e-01   9.225179e-21   2.756326e-04   3.800412e-22   480
  7.954897e-01   7.499425e-21   2.420363e-04   2.849958e-22   504
  7.964966e-01   7.713062e-21   1.535327e-04   3.728205e-22   312
  7.975815e-01   8.794127e-21   2.474127e-04   4.036785e-22   492
  7.985417e-01   8.981848e-21   2.318919e-04   4.680330e-22   312
  7.997779e-01   8.521911e-21   3.766899e-04   3.250251e-22   576
  8.008661e-01   8.263105e-21   3.477153e-04   4.273144e-22   336
  8.017699e-01   6.690499e-21   2.677247e-04   4.258045e-22   240
  8.030228e-01   8.951155e-21   3.549351e-04   3.875696e-22   468
  8.041047e-01   7.520727e-21   2.222407e-04   4.654854e-22   192
  8.052370e-01   8.252770e-21   2.229031e-04   5.227918e-22   324
  8.060669e-01   7.591769e-21   1.617794e-04   2.893623e-22   600
  8.071978e-01   7.591501e-21   2.624704e-04   3.496218e-22   456
  8.080377e-01   7.055648e-21   1.180592e-04   3.373297e-22   336
  8.094297e-01   8.154471e-21   3.535027e-04   2.925316e-22   612
  8.104424e-01   6.455539e-21   2.966749e-04   3.794833e-22   144
  8.114002e-01   7.925599e-21   3.462957e-04   3.437713e-22   552
  8.127025e-01   6.635358e-21   1.363755e-04   3.636294e-22   264
  8.134384e-01   7.592908e-21   3.157441e-04   3.858789e-22   336
  8.145992e-01   6.823169e-21   2.086329e-04   3.080621e-22   384
  8.156059e-01   8.052422e-21   1.174397e-04   5.238803e-22   216
  8.167203e-01   6.605326e-21   2.489964e-04   3.022048e-22   344
  8.177364e-01   5.785826e-21   3.715143e-04   2.079519e-22   408
  8.189746e-01   7.605192e-21   2.854845e-04   4.579763e-22   264
  8.200718e-01   6.672181e-21   3.979796e-04   2.396673e-22   612
  8.211681e-01   8.199609e-21   2.048307e-04   3.743696e-22   408
  8.222956e-01   6.425044e-21   2.051251e-04   2.509735e-22   444
  8.231239e-01   8.091208e-21   1.147249e-04   6.122659e-22   120
  8.242338e-01   8.628084e-21   3.169640e-04   4.484619e-22   336
  8.250576e-01   7.208843e-21   1.101437e-04   4.138385e-22   288
  8.261708e-01   6.886851e-21   3.427692e-04   2.802553e-22   552
  8.277012e-01   9.538634e-21   0.000000e+00   1.086909e-21   72
  8.284882e-01   7.670689e-21   3.404572e-04   3.795823e-22   504
  8.294074e-01   5.098263e-21   1.095558e-04   3.085519e-22   216
  8.305983e-01   6.202593e-21   1.956043e-04   3.794982e-22   312
  8.316675e-01   6.547865e-21   2.227263e-04   2.766392e-22   336
  8.326865e-01   6.517924e-21   3.087236e-04   4.312306e-22   204
  8.337014e-01   7.023970e-21   3.587838e-04   2.862607e-22   504
  8.347777e-01   7.002848e-21   3.416652e-04   3.689112e-22   396
  8.358127e-01   6.382407e-21   3.133249e-04   3.108855e-22   312
  8.370674e-01   8.041128e-21   1.914750e-04   5.689772e-22   216
  8.379516e-01   7.529037e-21   1.039172e-04   5.096299e-22   168
  8.390260e-01   6.810573e-21   2.623966e-04   2.619783e-22   588
  8.402521e-01   5.346858e-21   3.561727e-04   3.137389e-22   240
  8.412047e-01   6.199406e-21   3.145601e-04   3.578763e-22   264
  8.423219e-01   7.230781e-21   3.890183e-04   4.621933e-22   288
  8.433131e-01   5.919848e-21   1.942596e-04   3.040057e-22   288
  8.445693e-01   7.281363e-21   1.824406e-04   5.314801e-22   288
  8.454153e-01   6.958649e-21   2.113423e-04   5.072756e-22   192
  8.464795e-01   5.032432e-21   2.248894e-04   2.625259e-22   264
  8.474933e-01   7.126812e-21   3.699119e-04   3.319517e-22   372
  8.485844e-01   7.778825e-21   3.995208e-04   3.970412e-22   360
  8.499161e-01   8.917331e-21   1.690810e-04   7.955592e-22   144
  8.506044e-01   5.407165e-21   2.348461e-04   3.234328e-22   296
  8.516909e-01   6.904949e-21   2.530345e-04   4.499072e-22   288
  8.529347e-01   5.553202e-21   3.781537e-04   2.044307e-22   480
  8.540076e-01   5.991338e-21   3.142096e-04   4.103282e-22   192
  8.550509e-01   7.752326e-21   3.370327e-04   5.008582e-22   192
  8.559992e-01   5.931923e-21   2.147949e-04   3.319621e-22   288
  8.573180e-01   5.584123e-21   1.869760e-04   3.726752e-22   108
  8.579823e-01   7.883350e-21   1.797545e-04   4.978731e-22   240
  8.591554e-01   5.113579e-21   3.353363e-04   2.037786e-22   384
  8.603605e-01   7.338879e-21   4.090722e-04   7.033046e-22   108
  8.614261e-01   7.062625e-21   2.398466e-04   3.677867e-22   348
  8.625466e-01   5.902362e-21   2.503134e-04   3.265563e-22   312
  8.635474e-01   4.352249e-21   2.432319e-04   6.001739e-22   96
  8.644677e-01   6.044916e-21   3.238194e-04   2.613187e-22   384
  8.654984e-01   6.466849e-21   2.227222e-04   5.738499e-22   144
  8.665066e-01   5.393156e-21   3.422225e-04   2.623123e-22   408
  8.677598e-01   4.975989e-21   1.526554e-04   4.397684e-22   144
  8.689437e-01   5.616220e-21   2.934816e-04   3.319364e-22   192
  8.696459e-01   6.801050e-21   3.303190e-04   4.820185e-22   144
  8.707904e-01   5.805245e-21   2.685615e-04   4.824054e-22   144
  8.718702e-01   5.020220e-21   3.282257e-04   2.062450e-22   336
  8.731927e-01   4.853101e-21   2.428454e-04   3.138808e-22   240
  8.740312e-01   6.188037e-21   1.102739e-04   5.038712e-22   96
  8.752007e-01   5.436358e-21   3.233803e-04   2.984710e-22   372
  8.763838e-01   4.915569e-21   3.846540e-04   3.356709e-22   132
  8.774230e-01   5.066549e-21   2.380193e-04   2.115723e-22   264
  8.783527e-01   6.635931e-21   1.827880e-04   4.552046e-22   168
  8.793449e-01   6.105459e-21   2.922429e-04   3.818400e-22   216
  8.802213e-01   6.262230e-21   1.787978e-04   4.795624e-22   216
  8.814979e-01   5.329532e-21   3.280196e-04   5.798269e-22   96
  8.826561e-01   4.880555e-21   2.140028e-04   3.906316e-22   120
  8.837183e-01   5.726381e-21   2.720578e-04   3.690208e-22   216
  8.845934e-01   3.918079e-21   1.188902e-04   2.404327e-22   200
  8.857519e-01   4.769994e-21   3.077557e-04   2.486811e-22   288
  8.872378e-01   3.464607e-21   8.097649e-05   1.977017e-22   144
  8.878635e-01   5.777078e-21   2.519939e-04   4.362963e-22   168
  8.891412e-01   4.995772e-21   2.835956e-04   3.640200e-22   159
  8.901386e-01   6.460345e-21   2.975600e-04   4.826565e-22   174
  8.911039e-01   5.205350e-21   2.698170e-04   4.135412e-22   144
  8.923678e-01   4.882069e-21   1.557998e-04   2.843236e-22   222
  8.932131e-01   4.461704e-21   1.572158e-04   2.556015e-22   168
  8.946732e-01   5.251428e-21   3.448346e-04   8.520156e-22   30
  8.952763e-01   3.718600e-21   3.044637e-04   3.628580e-22   72
  8.964123e-01   4.611145e-21   2.717302e-04   2.467399e-22   258
  8.976612e-01   4.425232e-21   1.701916e-04   2.479168e-22   264
  8.982857e-01   5.506810e-21   1.835347e-08   4.009911e-22   72
  8.995871e-01   4.377827e-21   3.373270e-04   3.011768e-22   174
  9.007654e-01   4.128535e-21   3.591909e-04   2.708012e-22   168
  9.017127e-01   2.995356e-21   1.123916e-08   2.934920e-22   48
  9.027297e-01   4.150510e-21   2.028435e-04   3.162753e-22   150
  9.039088e-01   4.802266e-21   3.731453e-04   3.020263e-22   168
  9.050911e-01   4.020041e-21   2.273028e-04   2.648586e-22   144
  9.061784e-01   5.195311e-21   2.123525e-04   5.074083e-22   102
  9.069882e-01   4.023733e-21   3.143182e-04   2.883966e-22   96
  9.082731e-01   3.198659e-21   3.119397e-04   1.989986e-22   120
  9.092246e-01   3.288038e-21   3.345635e-04   2.212147e-22   168
  9.102538e-01   5.819707e-21   2.470487e-04   4.249378e-22   126
  9.111308e-01   4.646751e-21   1.863241e-04   2.921126e-22   168
  9.123389e-01   3.721196e-21   2.987709e-04   4.640664e-22   72
  9.133947e-01   3.781005e-21   3.741278e-04   2.517379e-22   168
  9.143196e-01   4.612659e-21   1.025668e-04   4.600653e-22   78
  9.155870e-01   3.775222e-21   1.684070e-04   3.672352e-22   60
  9.166075e-01   5.818558e-21   2.731835e-04   5.021030e-22   96
  9.176659e-01   3.961439e-21   3.314854e-04   2.340175e-22   168
  9.186605e-01   3.496132e-21   2.097511e-04   2.707347e-22   86
  9.197042e-01   3.382173e-21   1.874678e-04   2.145137e-22   120
  9.212002e-01   3.265658e-21   1.336894e-04   1.730145e-22   168
  9.220069e-01   4.085425e-21   0.000000e+00   4.010382e-22   48
  9.230934e-01   5.029929e-21   2.435676e-04   4.321851e-22   120
  9.237177e-01   4.451531e-21   1.776924e-04   4.086823e-22   126
  9.252418e-01   3.906237e-21   3.125113e-04   3.485949e-22   96
  9.262310e-01   3.409081e-21   9.011285e-05   2.678320e-22   96
  9.270111e-01   3.742432e-21   1.059638e-08   2.846547e-22   72
  9.286731e-01   3.595784e-21   1.123916e-08   4.198321e-22   24
  9.297104e-01   4.247282e-21   1.854501e-04   3.688581e-22   120
  9.305196e-01   3.534169e-21   2.705147e-04   3.031801e-22   126
  9.314194e-01   3.584240e-21   2.255107e-04   3.435900e-22   96
  9.324708e-01   2.765132e-21   3.897482e-04   1.924985e-22   72
  9.336415e-01   3.120153e-21   1.685792e-04   2.099473e-22   144
  9.346046e-01   3.082080e-21   9.723254e-05   3.210645e-22   72
  9.355666e-01   3.759499e-21   1.942081e-04   3.541535e-22   54
  9.364132e-01   4.584969e-21   1.711436e-04   3.645208e-22   108
  9.381728e-01   4.543876e-21   1.677650e-04   4.117318e-22   72
  9.387206e-01   4.214712e-21   9.680617e-05   3.827101e-22   72
  9.400202e-01   4.419821e-21   1.946680e-08   8.253423e-22   24
  9.412498e-01   2.302081e-21   2.047976e-04   2.137936e-22   48
  9.419964e-01   3.159508e-21   1.560029e-04   2.999387e-22   102
  9.431203e-01   3.701459e-21   3.528137e-04   2.291643e-22   168
  9.445889e-01   2.800794e-21   1.924163e-04   2.040490e-22   72
  9.451330e-01   2.365157e-21   0.000000e+00   2.640836e-22   48
  9.462744e-01   3.632208e-21   3.309678e-04   2.236355e-22   120
  9.477807e-01   2.377859e-21   2.033864e-04   1.349533e-22   96
  9.492033e-01   3.270754e-21   1.798266e-08   3.500207e-22   30
  9.508942e-01   4.339435e-21   9.555995e-05   4.320244e-22   72
  9.516372e-01   4.338861e-21   1.123916e-08   6.129371e-22   24
  9.525916e-01   2.626520e-21   1.416435e-04   2.619586e-22   56
  9.536606e-01   2.971424e-21   2.021324e-04   2.373647e-22   96
  9.549399e-01   3.106162e-21   2.232036e-04   2.013124e-22   144
  9.559263e-01   3.486514e-21   1.267263e-04   2.575240e-22   54
  9.573592e-01   3.869238e-21   1.898493e-04   2.722964e-22   108
  9.588012e-01   2.890681e-21   1.005243e-04   2.653258e-22   48
  9.601739e-01   3.374621e-21   3.785063e-04   2.237760e-22   72
  9.634680e-01   4.197632e-21   2.500803e-04   3.105600e-22   78
  9.643808e-01   2.651975e-21   1.884669e-04   1.912172e-22   72
  9.654462e-01   2.598342e-21   1.882329e-04   2.188805e-22   72
  9.665603e-01   3.291270e-21   4.542266e-04   2.537832e-22   96
  9.674408e-01   2.765699e-21   1.878449e-04   2.488622e-22   72
  9.685029e-01   3.708370e-21   0.000000e+00   3.857713e-22   24
  9.695638e-01   2.672918e-21   3.748416e-04   2.037743e-22   72
  9.719599e-01   3.241083e-21   2.380359e-04   3.798710e-22   30
  9.724755e-01   2.751218e-21   0.000000e+00   4.358766e-22   24
  9.752466e-01   2.611643e-21   1.976584e-04   2.173167e-22   48
  9.761159e-01   3.350839e-21   4.253608e-04   2.369308e-22   120
  9.772870e-01   3.259681e-21   1.859776e-04   3.474484e-22   72
  9.784697e-01   3.622397e-21   1.857528e-04   3.774100e-22   36
  9.792826e-01   2.558661e-21   3.671339e-04   2.069734e-22   78
  9.815513e-01   3.113197e-21   1.963888e-04   3.907967e-22   48
  9.844928e-01   4.539465e-21   1.589457e-08   9.208998e-22   24
  9.865884e-01   3.103371e-21   1.367612e-04   2.541977e-22   56
  9.876436e-01   3.111717e-21   2.104496e-04   1.946800e-22   102
  9.889860e-01   2.533392e-21   1.498555e-08   1.820813e-22   72
  9.897653e-01   3.442039e-21   1.123916e-08   4.131554e-22   24
  9.911277e-01   3.567790e-21   1.944913e-04   3.797187e-22   48
  9.936528e-01   3.668637e-21   0.000000e+00   5.068969e-22   24
  9.967520e-01   3.671771e-21   0.000000e+00   5.215458e-22   6
  9.977185e-01   2.907345e-21   0.000000e+00   2.521182e-22   24
  9.983623e-01   3.042279e-21   1.820511e-04   3.357266e-22   72
  9.995384e-01   2.275198e-21   3.396336e-04   1.657834e-22   84
  1.000805e+00   2.250247e-21   0.000000e+00   2.301427e-22   24
  1.001190e+00   2.534563e-21   1.589457e-08   4.802955e-22   24
  1.003114e+00   1.826806e-21   1.946680e-08   2.122890e-22   24
  1.005800e+00   2.948674e-21   0.000000e+00   1.730425e-22   6
  1.009244e+00   2.778381e-21   1.910001e-04   2.475481e-22   48
  1.010072e+00   3.257026e-21   3.598129e-04   3.825458e-22   72
  1.011152e+00   2.331002e-21   1.906396e-04   2.595630e-22   48
  1.012867e+00   2.844305e-21   0.000000e+00   3.298545e-22   24
  1.015148e+00   3.080700e-21   0.000000e+00   8.897940e-22   6
  1.020262e+00   1.125425e-21   0.000000e+00   1.952253e-22   8
  1.020640e+00   2.695073e-21   1.123916e-08   2.421235e-22   48
  1.021546e+00   3.369364e-21   1.848806e-04   2.397263e-22   60
  1.022904e+00   3.281811e-21   0.000000e+00   5.015268e-22   24
  1.024787e+00   3.187499e-21   0.000000e+00   7.774976e-22   6
  1.031723e+00   3.564838e-21   0.000000e+00   3.471909e-22   24
  1.032283e+00   3.066944e-21   1.867372e-04   2.895694e-22   48
  1.033217e+00   2.393409e-21   0.000000e+00   2.959537e-22   24
  1.034708e+00   2.724042e-21   0.000000e+00   6.118494e-22   6
  1.043181e+00   2.975520e-21   1.742080e-04   3.265939e-22   36
  1.043797e+00   2.051102e-21   0.000000e+00   2.144859e-22   24
  1.044904e+00   3.252954e-21   0.000000e+00   2.830045e-22   6
  1.054545e+00   3.563146e-21   1.583190e-04   3.979012e-22   32
  1.055367e+00   5.500946e-21   0.000000e+00   1.511224e-21   6
  1.065728e+00   1.944653e-21   0.000000e+00   2.213781e-22   12
  1.066089e+00   4.409748e-21   0.000000e+00   7.461709e-22   6
  1.077063e+00   3.466784e-21   0.000000e+00   2.209955e-22   6
