# power spectrum of chi
# redshift z=2.925221
# k              Pk             sigma(k)       sigma(Pk)      count
  1.963495e-02   1.393613e-20   0.000000e+00   4.787352e-21   6
  2.776802e-02   5.450300e-20   0.000000e+00   1.397803e-20   12
  3.400874e-02   3.136992e-20   3.725290e-10   1.445761e-20   8
  3.926991e-02   1.890631e-20   0.000000e+00   7.809105e-21   6
  4.390509e-02   2.061747e-20   7.024475e-10   4.707089e-21   24
  4.809562e-02   2.452189e-20   7.024475e-10   3.568718e-21   24
  5.553604e-02   2.826776e-20   0.000000e+00   9.257574e-21   12
  5.890486e-02   1.971343e-20   7.947286e-10   2.835420e-21   30
  6.209118e-02   9.434614e-21   0.000000e+00   1.684355e-21   24
  6.512178e-02   1.271582e-20   1.216675e-09   2.787530e-21   24
  6.801748e-02   9.559390e-21   7.450581e-10   2.472118e-21   8
  7.079483e-02   9.284510e-21   9.934107e-10   2.750426e-21   24
  7.346727e-02   9.697801e-21   0.000000e+00   1.454799e-21   48
  7.853982e-02   3.348208e-21   0.000000e+00   8.205251e-22   6
  8.095699e-02   6.108210e-21   9.934107e-10   8.458569e-22   48
  8.330406e-02   5.799036e-21   9.365966e-10   1.202862e-21   36
  8.558678e-02   5.701254e-21   9.934107e-10   8.393418e-22   24
  8.781018e-02   6.646728e-21   1.404895e-09   1.113070e-21   24
  8.997866e-02   5.393901e-21   0.000000e+00   6.881404e-22   48
  9.209610e-02   7.201018e-21   1.404895e-09   1.027760e-21   24
  9.619124e-02   3.396416e-21   1.404895e-09   4.011890e-22   24
  9.817477e-02   3.056009e-21   0.000000e+00   5.112321e-22   30
  1.001190e-01   4.658302e-21   0.000000e+00   5.519875e-22   72
  1.020262e-01   2.808195e-21   1.490116e-09   4.033880e-22   32
  1.057375e-01   3.259317e-21   0.000000e+00   3.609014e-22   72
  1.075451e-01   2.399233e-21   0.000000e+00   3.569082e-22   48
  1.110721e-01   3.511760e-21   0.000000e+00   1.083534e-21   12
  1.127942e-01   2.611826e-21   0.000000e+00   4.082174e-22   48
  1.144905e-01   2.639501e-21   0.000000e+00   3.268920e-22   48
  1.161620e-01   2.945824e-21   1.404895e-09   4.695914e-22   48
  1.178097e-01   3.535727e-21   1.589457e-09   6.737512e-22   30
  1.194348e-01   2.121128e-21   0.000000e+00   2.911578e-22   24
  1.210380e-01   2.428867e-21   2.961779e-09   2.984732e-22   72
  1.241824e-01   2.244038e-21   0.000000e+00   5.636016e-22   24
  1.257251e-01   1.651967e-21   0.000000e+00   1.772547e-22   96
  1.272490e-01   1.585935e-21   0.000000e+00   2.850339e-22   48
  1.287550e-01   1.230503e-21   2.433349e-09   1.365289e-22   24
  1.302436e-01   2.917348e-21   2.433349e-09   4.324339e-22   24
  1.317153e-01   1.698984e-21   0.000000e+00   1.817231e-22   72
  1.331707e-01   1.090968e-21   0.000000e+00   1.716110e-22   48
  1.360350e-01   1.754269e-21   1.490116e-09   3.017569e-22   8
  1.374447e-01   1.541250e-21   1.766064e-09   1.719013e-22   54
  1.388401e-01   1.627760e-21   0.000000e+00   1.404321e-22   84
  1.402216e-01   9.452807e-22   0.000000e+00   1.276808e-22   48
  1.415897e-01   1.037146e-21   1.986821e-09   1.594828e-22   24
  1.429446e-01   1.377238e-21   2.649095e-09   1.723205e-22   72
  1.442869e-01   7.712025e-22   0.000000e+00   8.017818e-23   96
  1.469345e-01   1.115950e-21   0.000000e+00   1.486720e-22   48
  1.482407e-01   6.981215e-22   0.000000e+00   1.035279e-22   48
  1.495354e-01   1.129100e-21   0.000000e+00   2.111319e-22   24
  1.508189e-01   9.283737e-22   0.000000e+00   8.535988e-23   72
  1.533539e-01   8.304587e-22   0.000000e+00   1.243089e-22   72
  1.546058e-01   6.763083e-22   0.000000e+00   6.758004e-23   96
  1.570796e-01   9.101969e-22   0.000000e+00   2.079398e-22   6
  1.583021e-01   6.913296e-22   0.000000e+00   8.215558e-23   96
  1.595151e-01   6.823000e-22   1.986821e-09   7.881315e-23   96
  1.607190e-01   1.025373e-21   0.000000e+00   2.517287e-22   24
  1.619140e-01   7.240389e-22   1.986821e-09   8.201428e-23   48
  1.631002e-01   5.424471e-22   0.000000e+00   4.717741e-23   96
  1.642778e-01   7.558248e-22   0.000000e+00   1.189967e-22   48
  1.666081e-01   4.076071e-22   1.873193e-09   7.045415e-23   36
  1.677611e-01   4.387636e-22   3.441276e-09   5.752066e-23   48
  1.689063e-01   4.319586e-22   3.893359e-09   3.743991e-23   120
  1.700437e-01   5.164298e-22   0.000000e+00   8.919842e-23   56
  1.711736e-01   4.357690e-22   1.986821e-09   8.640285e-23   24
  1.722960e-01   5.697047e-22   0.000000e+00   4.966347e-23   96
  1.734112e-01   4.801342e-22   0.000000e+00   6.284846e-23   48
  1.756204e-01   2.976144e-22   2.809790e-09   5.129876e-23   24
  1.767146e-01   4.096464e-22   0.000000e+00   4.061365e-23   102
  1.778021e-01   5.151528e-22   1.986821e-09   6.527049e-23   48
  1.788829e-01   4.923802e-22   0.000000e+00   6.004471e-23   72
  1.799573e-01   3.146768e-22   0.000000e+00   6.271456e-23   48
  1.810253e-01   5.967498e-22   0.000000e+00   6.029245e-23   48
  1.820871e-01   4.768148e-22   4.495664e-09   3.590031e-23   120
  1.841922e-01   4.817169e-22   2.809790e-09   8.723264e-23   24
  1.852358e-01   3.371635e-22   2.649095e-09   2.700108e-23   144
  1.862735e-01   2.692373e-22   3.178914e-09   2.287030e-23   120
  1.873055e-01   2.576628e-22   2.809790e-09   2.710276e-23   48
  1.893526e-01   2.816091e-22   2.809790e-09   2.575581e-23   48
  1.903679e-01   3.583580e-22   2.809790e-09   2.908646e-23   96
  1.930487e-01   4.163118e-22   4.711199e-04   4.745505e-23   72
  1.943761e-01   2.918789e-22   2.497591e-09   2.537593e-23   108
  1.953653e-01   2.495749e-22   0.000000e+00   2.306812e-23   72
  1.963495e-01   3.142669e-22   0.000000e+00   5.518792e-23   30
  1.973288e-01   2.307710e-22   0.000000e+00   1.841643e-23   168
  1.983033e-01   3.312123e-22   0.000000e+00   4.355612e-23   48
  2.002380e-01   2.639477e-22   0.000000e+00   2.507422e-23   72
  2.011984e-01   2.130821e-22   0.000000e+00   1.981860e-23   96
  2.021542e-01   2.287110e-22   5.298191e-09   2.441844e-23   72
  2.031055e-01   2.637258e-22   0.000000e+00   3.180138e-23   72
  2.047049e-01   2.458428e-22   4.350048e-04   2.176153e-23   104
  2.059331e-01   2.161951e-22   3.746387e-09   1.687287e-23   144
  2.087224e-01   2.073774e-22   6.282881e-09   1.961135e-23   96
  2.096439e-01   1.673377e-22   0.000000e+00   1.877827e-23   96
  2.111095e-01   2.172830e-22   4.475232e-04   1.840183e-23   120
  2.123845e-01   1.538676e-22   0.000000e+00   1.115526e-23   120
  2.132902e-01   1.610576e-22   0.000000e+00   1.755623e-23   72
  2.150901e-01   1.529119e-22   0.000000e+00   1.798182e-23   48
  2.159845e-01   1.904060e-22   4.890638e-09   2.311679e-23   78
  2.171286e-01   1.582745e-22   4.007142e-04   1.304175e-23   168
  2.195255e-01   1.707823e-22   4.588368e-09   1.379722e-23   144
  2.204018e-01   1.698372e-22   3.746387e-09   2.490760e-23   144
  2.229436e-01   1.473316e-22   2.307791e-04   1.173188e-23   156
  2.238729e-01   1.186894e-22   4.866699e-09   1.746678e-23   48
  2.247323e-01   1.145927e-22   3.178914e-09   1.089024e-23   120
  2.255884e-01   1.184906e-22   0.000000e+00   3.602354e-23   48
  2.271022e-01   1.384757e-22   3.532495e-04   8.433732e-24   216
  2.289809e-01   9.726636e-23   0.000000e+00   1.414973e-23   48
  2.298212e-01   1.548175e-22   2.809790e-09   1.197572e-23   96
  2.310160e-01   1.314391e-22   4.128272e-04   9.003986e-24   168
  2.323239e-01   1.368246e-22   2.809790e-09   1.692675e-23   48
  2.331522e-01   9.248541e-23   0.000000e+00   8.003494e-24   96
  2.339775e-01   1.112513e-22   0.000000e+00   1.743342e-23   48
  2.356194e-01   1.082487e-22   3.178914e-09   1.432022e-23   30
  2.364362e-01   1.070139e-22   0.000000e+00   1.060865e-23   96
  2.374123e-01   1.036332e-22   3.244455e-04   5.886972e-24   240
  2.386674e-01   9.917439e-23   3.500299e-04   1.279093e-23   32
  2.396752e-01   9.270193e-23   0.000000e+00   9.211301e-24   168
  2.404781e-01   1.245866e-22   0.000000e+00   1.119175e-23   120
  2.420760e-01   7.716785e-23   5.923557e-09   6.791332e-24   72
  2.428710e-01   9.517520e-23   2.649095e-09   8.991776e-24   144
  2.436634e-01   7.213646e-23   0.000000e+00   7.925372e-24   96
  2.444532e-01   8.463861e-23   0.000000e+00   9.224090e-24   96
  2.460253e-01   8.094793e-23   0.000000e+00   8.685558e-24   72
  2.468075e-01   6.830464e-23   3.973643e-09   6.073610e-24   96
  2.483647e-01   1.093696e-22   0.000000e+00   1.599258e-23   24
  2.491396e-01   8.191449e-23   0.000000e+00   6.267522e-24   192
  2.500522e-01   8.353673e-23   2.970416e-04   6.432804e-24   132
  2.514501e-01   9.152940e-23   0.000000e+00   1.545358e-23   96
  2.522156e-01   8.663744e-23   0.000000e+00   8.099981e-24   96
  2.529787e-01   9.118462e-23   3.178914e-09   7.223592e-24   120
  2.544981e-01   7.586003e-23   0.000000e+00   1.005192e-23   48
  2.557435e-01   7.221044e-23   3.599905e-04   4.400175e-24   222
  2.567603e-01   6.947485e-23   0.000000e+00   5.813069e-24   120
  2.575100e-01   6.383572e-23   4.866699e-09   1.135034e-23   24
  2.586015e-01   6.405891e-23   3.715625e-04   3.540175e-24   312
  2.609797e-01   5.420053e-23   3.483547e-04   4.812181e-24   72
  2.619630e-01   6.082909e-23   4.866699e-09   5.639839e-24   96
  2.629726e-01   6.283224e-23   3.547511e-04   4.719666e-24   192
  2.641613e-01   6.643067e-23   4.495664e-09   4.879363e-24   120
  2.648900e-01   5.823950e-23   0.000000e+00   4.418498e-24   144
  2.663415e-01   7.044267e-23   0.000000e+00   9.664020e-24   48
  2.673732e-01   6.185044e-23   3.567146e-04   3.255840e-24   336
  2.685040e-01   8.089435e-23   0.000000e+00   1.117516e-23   48
  2.699360e-01   5.585953e-23   0.000000e+00   3.859468e-24   192
  2.706492e-01   4.250158e-23   0.000000e+00   5.514161e-24   48
  2.726764e-01   5.852853e-23   2.476067e-04   7.367829e-24   56
  2.736844e-01   4.938312e-23   3.180112e-04   3.042437e-24   336
  2.748894e-01   6.094509e-23   3.532127e-09   9.723196e-24   54
  2.759390e-01   4.460202e-23   3.492904e-04   3.155516e-24   240
  2.781181e-01   4.979072e-23   3.344484e-04   3.471288e-24   228
  2.790651e-01   5.127388e-23   3.746387e-09   6.582913e-24   72
  2.799844e-01   5.244349e-23   3.244231e-04   3.914851e-24   144
  2.811298e-01   4.837228e-23   0.000000e+00   4.931369e-24   96
  2.818146e-01   5.141085e-23   4.495664e-09   3.160349e-24   240
  2.831793e-01   4.698772e-23   3.973643e-09   7.124599e-24   24
  2.840530e-01   5.128282e-23   3.064151e-04   2.789906e-24   336
  2.852142e-01   5.219916e-23   0.000000e+00   6.625190e-24   72
  2.862741e-01   4.718706e-23   3.332831e-04   3.530827e-24   168
  2.872346e-01   5.750211e-23   0.000000e+00   6.025421e-24   72
  2.885737e-01   3.856727e-23   0.000000e+00   3.953803e-24   96
  2.896108e-01   3.381436e-23   3.307829e-04   2.113390e-24   216
  2.905708e-01   3.240415e-23   0.000000e+00   2.999740e-24   96
  2.918946e-01   4.079802e-23   3.973643e-09   2.572804e-24   192
  2.925542e-01   3.163776e-23   3.746387e-09   2.462119e-24   144
  2.938691e-01   5.537875e-23   0.000000e+00   7.570307e-24   48
  2.947794e-01   3.150669e-23   3.189136e-04   2.034087e-24   246
  2.960164e-01   3.567130e-23   2.940434e-04   3.083807e-24   168
  2.971308e-01   4.219124e-23   7.786718e-09   3.456440e-24   120
  2.977788e-01   3.319798e-23   0.000000e+00   1.685508e-24   240
  2.990707e-01   4.337538e-23   0.000000e+00   7.648431e-24   24
  3.001001e-01   2.873506e-23   3.147475e-04   1.366826e-24   360
  3.013820e-01   3.307360e-23   3.134082e-04   3.144953e-24   120
  3.022763e-01   3.106456e-23   0.000000e+00   3.098334e-24   144
  3.029133e-01   3.661194e-23   0.000000e+00   3.302395e-24   96
  3.048165e-01   3.159295e-23   0.000000e+00   2.175006e-24   144
  3.054482e-01   2.903590e-23   0.000000e+00   2.521608e-24   132
  3.063360e-01   2.433314e-23   3.093292e-04   1.817492e-24   176
  3.076248e-01   2.948716e-23   3.123602e-04   1.748783e-24   312
  3.092116e-01   3.444277e-23   0.000000e+00   3.275449e-24   96
  3.098343e-01   2.775661e-23   0.000000e+00   1.808469e-24   144
  3.107899e-01   2.401629e-23   3.092271e-04   1.128620e-24   312
  3.123131e-01   2.702698e-23   0.000000e+00   2.506206e-24   48
  3.129297e-01   2.733379e-23   3.973643e-09   1.841268e-24   192
  3.141593e-01   1.675993e-23   0.000000e+00   2.543042e-24   6
  3.149762e-01   2.186435e-23   2.884066e-04   9.837323e-25   288
  3.162994e-01   2.256423e-23   3.047203e-04   1.455817e-24   192
  3.172124e-01   2.198121e-23   9.345130e-09   1.501077e-24   216
  3.178195e-01   2.167799e-23   0.000000e+00   2.240035e-24   72
  3.193321e-01   2.514597e-23   3.018264e-04   1.753143e-24   192
  3.203366e-01   2.287761e-23   2.241224e-04   1.479817e-24   288
  3.214381e-01   3.197296e-23   0.000000e+00   7.077849e-24   24
  3.222890e-01   2.254439e-23   2.952626e-04   1.104782e-24   456
  3.238280e-01   2.907302e-23   0.000000e+00   3.922353e-24   48
  3.247789e-01   2.240453e-23   2.908218e-04   1.390526e-24   240
  3.258718e-01   1.989040e-23   2.939082e-04   1.512399e-24   216
  3.267908e-01   1.774892e-23   0.000000e+00   1.796997e-24   72
  3.273801e-01   2.303247e-23   1.015467e-08   1.981614e-24   168
  3.290441e-01   2.206460e-23   2.184577e-04   1.417955e-24   288
  3.299773e-01   1.795496e-23   2.890570e-04   1.381597e-24   168
  3.314762e-01   1.603792e-23   0.000000e+00   1.085305e-24   192
  3.320572e-01   1.835218e-23   3.746387e-09   1.535677e-24   144
  3.332162e-01   2.344470e-23   3.746387e-09   2.647997e-24   36
  3.341991e-01   1.871286e-23   2.639705e-04   1.023249e-24   342
  3.351389e-01   1.797700e-23   2.710657e-04   1.532751e-24   144
  3.363470e-01   1.756731e-23   2.842800e-04   9.064139e-25   384
  3.378125e-01   1.612708e-23   7.786718e-09   1.479238e-24   120
  3.385379e-01   1.719306e-23   2.534951e-04   1.184681e-24   264
  3.395201e-01   1.617563e-23   1.256576e-08   1.028737e-24   192
  3.404451e-01   1.871880e-23   2.731894e-04   1.436300e-24   152
  3.412191e-01   1.654558e-23   7.492773e-09   1.465071e-24   144
  3.428472e-01   1.547574e-23   1.768108e-04   1.188372e-24   216
  3.436008e-01   1.475403e-23   2.362665e-04   8.385757e-25   312
  3.449274e-01   1.871168e-23   2.738281e-04   1.170892e-24   240
  3.457090e-01   1.059153e-23   3.973643e-09   1.103261e-24   96
  3.471927e-01   1.180674e-23   2.617995e-04   1.031551e-24   144
  3.481071e-01   1.607955e-23   2.573258e-04   7.790427e-25   456
  3.495904e-01   1.278680e-23   0.000000e+00   1.096359e-24   120
  3.501414e-01   1.415017e-23   0.000000e+00   1.109004e-24   144
  3.512407e-01   1.604480e-23   5.619580e-09   2.324855e-24   24
  3.519456e-01   1.385081e-23   2.473498e-04   7.875205e-25   336
  3.531645e-01   1.103662e-23   2.727931e-04   8.636747e-25   198
  3.543067e-01   1.316855e-23   2.652756e-04   6.325365e-25   432
  3.556041e-01   1.335919e-23   7.947286e-09   1.731586e-24   48
  3.562810e-01   1.410888e-23   2.341925e-04   6.981412e-25   384
  3.574963e-01   9.908477e-24   2.696052e-04   8.825220e-25   144
  3.585975e-01   1.220867e-23   2.676825e-04   7.953382e-25   264
  3.599147e-01   1.164382e-23   0.000000e+00   1.470456e-24   48
  3.607984e-01   1.248701e-23   2.545223e-04   6.871517e-25   276
  3.616510e-01   1.234783e-23   2.307176e-04   8.574282e-25   192
  3.627906e-01   1.177665e-23   2.592759e-04   5.154660e-25   552
  3.641741e-01   1.351180e-23   6.357829e-09   1.062007e-24   120
  3.649965e-01   1.196016e-23   2.624511e-04   8.173770e-25   216
  3.657587e-01   1.088072e-23   6.357829e-09   9.158158e-25   120
  3.671201e-01   1.122779e-23   2.584500e-04   6.217110e-25   408
  3.683844e-01   6.657348e-24   5.619580e-09   1.060486e-24   24
  3.691684e-01   1.092811e-23   2.610810e-04   5.364409e-25   384
  3.702633e-01   8.707626e-24   2.550855e-04   4.977397e-25   240
  3.712141e-01   1.018933e-23   2.569535e-04   9.238528e-25   168
  3.725471e-01   8.558673e-24   0.000000e+00   7.689744e-25   120
  3.734064e-01   8.751114e-24   2.678605e-04   5.068077e-25   350
  3.748037e-01   1.019982e-23   4.409502e-04   5.644135e-25   384
  3.756388e-01   8.158885e-24   0.000000e+00   5.437563e-25   144
  3.771752e-01   1.201801e-23   5.298191e-09   7.681760e-25   288
  3.779773e-01   7.732734e-24   2.524053e-04   3.900718e-25   336
  3.790686e-01   7.816826e-24   2.297941e-04   5.670724e-25   168
  3.797219e-01   8.235958e-24   1.506181e-08   4.359161e-25   336
  3.810732e-01   8.997255e-24   2.385126e-04   5.976554e-25   288
  3.818848e-01   9.409762e-24   2.247398e-04   5.894866e-25   264
  3.832590e-01   8.314637e-24   0.000000e+00   5.370848e-25   240
  3.837616e-01   6.620979e-24   0.000000e+00   5.384215e-25   96
  3.855656e-01   8.094687e-24   3.056310e-04   4.450538e-25   360
  3.864075e-01   7.904501e-24   2.253025e-04   6.661252e-25   168
  3.874713e-01   7.965827e-24   2.456032e-04   3.478445e-25   456
  3.887523e-01   8.091148e-24   7.064254e-09   7.873307e-25   108
  3.894728e-01   7.080832e-24   2.464311e-04   4.838652e-25   264
  3.903716e-01   7.989025e-24   2.198567e-04   4.826568e-25   264
  3.916025e-01   7.146929e-24   2.074668e-04   4.217857e-25   312
  3.931351e-01   7.006227e-24   1.541705e-04   3.949547e-25   270
  3.937775e-01   8.350655e-24   1.957388e-04   5.166478e-25   240
  3.949323e-01   7.632621e-24   2.421536e-04   3.645674e-25   384
  3.956334e-01   7.818515e-24   7.947286e-09   5.236905e-25   192
  3.969952e-01   7.579301e-24   1.942960e-04   5.313018e-25   240
  3.977852e-01   6.727185e-24   2.397927e-04   3.516948e-25   336
  3.992708e-01   6.732793e-24   2.413972e-04   3.150022e-25   480
  4.004761e-01   7.138836e-24   5.298191e-09   6.827710e-25   72
  4.011493e-01   6.044833e-24   2.353842e-04   3.797580e-25   240
  4.020650e-01   6.160065e-24   2.212289e-04   2.975846e-25   312
  4.031147e-01   6.476292e-24   2.390954e-04   3.990639e-25   240
  4.047009e-01   5.427049e-24   1.816506e-04   2.736947e-25   408
  4.053288e-01   5.918730e-24   1.663482e-04   3.747619e-25   336
  4.065560e-01   6.828583e-24   2.112212e-04   4.635590e-25   264
  4.071591e-01   4.951435e-24   0.000000e+00   4.224923e-25   144
  4.088370e-01   5.773865e-24   2.927651e-04   2.696509e-25   464
  4.097211e-01   5.926375e-24   2.328083e-04   4.344058e-25   168
  4.105939e-01   5.332950e-24   2.120376e-04   2.609340e-25   336
  4.121713e-01   6.454769e-24   2.227870e-04   3.587008e-25   414
  4.130606e-01   6.610503e-24   2.319080e-04   5.141052e-25   216
  4.141998e-01   8.383365e-24   5.619580e-09   8.086433e-25   96
  4.146649e-01   6.287344e-24   1.376510e-08   3.301083e-25   384
  4.162944e-01   5.775387e-24   2.314600e-04   2.676509e-25   492
  4.171676e-01   5.948688e-24   2.263480e-04   4.299788e-25   240
  4.181546e-01   5.199985e-24   2.298225e-04   2.800502e-25   312
  4.195176e-01   5.303392e-24   2.297469e-04   3.829585e-25   192
  4.203810e-01   5.135751e-24   2.226525e-04   2.342475e-25   504
  4.215265e-01   6.038113e-24   1.473998e-04   2.943580e-25   408
  4.224284e-01   5.477145e-24   4.515774e-04   3.919222e-25   168
  4.235571e-01   6.047565e-24   2.145032e-04   3.764178e-25   288
  4.245041e-01   5.357651e-24   2.238525e-04   3.336481e-25   288
  4.254743e-01   4.351352e-24   2.251410e-04   2.201194e-25   432
  4.268815e-01   4.864484e-24   2.129084e-04   3.249394e-25   216
  4.276334e-01   4.787192e-24   2.124592e-04   2.351300e-25   360
  4.289721e-01   4.587733e-24   2.073582e-04   2.566673e-25   312
  4.301803e-01   3.559734e-24   0.000000e+00   4.843379e-25   48
  4.308767e-01   4.670799e-24   2.223178e-04   2.538767e-25   432
  4.321240e-01   4.610815e-24   3.708284e-04   2.446457e-25   414
  4.328606e-01   4.705394e-24   8.470833e-09   2.808779e-25   312
  4.342347e-01   4.547640e-24   3.253813e-04   2.153187e-25   528
  4.351620e-01   3.593042e-24   1.707976e-04   2.104658e-25   264
  4.362761e-01   4.191397e-24   2.025191e-04   2.086799e-25   480
  4.377318e-01   3.811908e-24   0.000000e+00   2.460395e-25   288
  4.383604e-01   4.023769e-24   2.176005e-04   2.835568e-25   168
  4.395105e-01   4.365143e-24   3.444610e-04   2.198050e-25   504
  4.408036e-01   5.105053e-24   5.298191e-09   5.364001e-25   144
  4.416171e-01   4.096397e-24   2.212265e-04   2.148177e-25   464
  4.428396e-01   3.917160e-24   3.246624e-04   2.149549e-25   432
  4.434197e-01   4.072984e-24   5.619580e-09   2.770139e-25   192
  4.449189e-01   3.585408e-24   2.406833e-04   1.679628e-25   396
  4.458042e-01   4.073521e-24   2.162000e-04   2.235792e-25   288
  4.466990e-01   3.468022e-24   2.135686e-04   2.154281e-25   336
  4.481283e-01   3.275438e-24   1.352359e-04   1.743484e-25   432
  4.490354e-01   3.799697e-24   3.505126e-04   2.232569e-25   360
  4.500539e-01   3.787982e-24   2.073334e-04   1.702516e-25   384
  4.515004e-01   3.816112e-24   1.830116e-04   2.608656e-25   198
  4.521974e-01   3.215847e-24   2.080246e-04   1.403498e-25   552
  4.534970e-01   3.377619e-24   2.912202e-04   1.866500e-25   432
  4.545821e-01   2.962925e-24   1.112388e-08   2.137292e-25   168
  4.554927e-01   3.456188e-24   3.610065e-04   1.770197e-25   480
  4.566974e-01   3.579566e-24   0.000000e+00   3.218293e-25   120
  4.572396e-01   3.564181e-24   2.948545e-04   2.186723e-25   336
  4.585628e-01   3.102900e-24   2.080152e-04   1.169162e-25   672
  4.598711e-01   3.244933e-24   3.025866e-04   1.400284e-25   528
  4.604805e-01   3.088066e-24   9.082613e-09   3.290099e-25   168
  4.618883e-01   3.065619e-24   3.375333e-04   1.636896e-25   456
  4.627474e-01   3.113549e-24   2.061344e-04   2.301783e-25   168
  4.636392e-01   3.558821e-24   2.057643e-04   1.549840e-25   504
  4.651216e-01   3.019158e-24   2.647872e-04   1.549148e-25   336
  4.660180e-01   2.947602e-24   1.908802e-04   1.459806e-25   312
  4.670124e-01   3.097192e-24   1.865029e-04   1.494645e-25   504
  4.683210e-01   2.780682e-24   1.294009e-04   1.321651e-25   432
  4.689362e-01   2.938984e-24   1.999672e-04   1.693242e-25   312
  4.702151e-01   2.777532e-24   2.049761e-04   1.558251e-25   384
  4.715504e-01   2.903356e-24   1.741510e-04   2.751784e-25   126
  4.723748e-01   2.653285e-24   3.057676e-04   1.137311e-25   492
  4.734278e-01   2.823006e-24   1.958445e-04   1.110319e-25   528
  4.747438e-01   2.576560e-24   1.989360e-04   1.118028e-25   480
  4.755596e-01   3.024943e-24   2.748289e-04   1.461977e-25   432
  4.767402e-01   2.599469e-24   2.161166e-04   1.286566e-25   440
  4.781114e-01   2.492890e-24   1.074739e-04   1.588070e-25   312
  4.786259e-01   2.455459e-24   1.610586e-04   1.125842e-25   480
  4.796813e-01   2.637194e-24   3.153497e-04   1.487010e-25   408
  4.812233e-01   2.573943e-24   1.888588e-04   1.470129e-25   360
  4.818747e-01   2.595776e-24   1.822418e-04   1.323889e-25   408
  4.830820e-01   2.598460e-24   1.854542e-04   1.249070e-25   456
  4.844414e-01   3.181586e-24   1.772485e-04   1.849021e-25   264
  4.851959e-01   2.376884e-24   1.923591e-04   1.316606e-25   384
  4.862943e-01   2.344909e-24   3.238501e-04   9.704183e-26   672
  4.875640e-01   2.683709e-24   1.937042e-04   1.642979e-25   240
  4.882967e-01   1.996723e-24   1.965613e-04   1.406297e-25   264
  4.893308e-01   2.403017e-24   2.424259e-04   1.046913e-25   624
  4.908739e-01   2.127795e-24   0.000000e+00   2.014598e-25   150
  4.914232e-01   2.122028e-24   2.716574e-04   8.241873e-26   600
  4.925819e-01   2.306862e-24   1.874909e-04   9.179912e-26   672
  4.938939e-01   2.457355e-24   1.763484e-04   1.308809e-25   336
  4.946248e-01   2.211944e-24   1.918157e-04   1.218799e-25   408
  4.957926e-01   2.358751e-24   1.913639e-04   1.114236e-25   408
  4.970915e-01   2.584502e-24   9.676385e-05   1.210465e-25   360
  4.978921e-01   2.243450e-24   3.552857e-04   1.112837e-25   456
  4.988592e-01   2.078508e-24   1.932065e-04   9.613401e-26   384
  5.000902e-01   1.810651e-24   1.783541e-04   1.003877e-25   348
  5.007554e-01   2.021758e-24   2.198754e-04   9.395384e-26   576
  5.020050e-01   2.195100e-24   1.810385e-04   1.004628e-25   504
  5.032833e-01   1.881163e-24   2.553443e-04   1.037240e-25   432
  5.043991e-01   2.139916e-24   3.473946e-04   8.746710e-26   576
  5.051948e-01   1.961672e-24   0.000000e+00   1.124470e-25   264
  5.064571e-01   1.972647e-24   2.764393e-04   7.763125e-26   768
  5.075549e-01   1.759633e-24   3.721752e-04   1.256897e-25   240
  5.084277e-01   1.885971e-24   3.282233e-04   1.445903e-25   192
  5.096990e-01   1.986701e-24   2.416124e-04   1.052146e-25   504
  5.106418e-01   2.153652e-24   3.255818e-04   8.824456e-26   590
  5.115460e-01   1.966340e-24   3.647966e-04   1.007559e-25   384
  5.126798e-01   1.898219e-24   3.048625e-04   8.444692e-26   504
  5.140486e-01   1.819973e-24   2.933830e-04   7.039032e-26   648
  5.153764e-01   2.015558e-24   7.967896e-05   9.658134e-26   504
  5.159117e-01   1.764520e-24   1.817627e-04   9.878616e-26   312
  5.168569e-01   1.940142e-24   2.618753e-04   7.387490e-26   576
  5.181545e-01   2.164005e-24   1.822405e-04   1.478555e-25   240
  5.189109e-01   1.590067e-24   1.841453e-04   7.608782e-26   552
  5.199816e-01   1.872099e-24   1.729082e-04   8.060965e-26   600
  5.215067e-01   1.627021e-24   2.111937e-04   6.268391e-26   600
  5.224237e-01   1.826198e-24   3.382099e-04   1.037417e-25   312
  5.233368e-01   1.962939e-24   2.945474e-04   1.014390e-25   480
  5.244775e-01   1.678546e-24   1.837693e-04   7.075513e-26   576
  5.254818e-01   1.513867e-24   2.959085e-04   7.034715e-26   408
  5.263729e-01   1.186024e-24   3.451909e-04   8.416813e-26   216
  5.275243e-01   1.731264e-24   2.643774e-04   8.173192e-26   516
  5.287578e-01   1.542494e-24   2.522429e-04   5.714498e-26   744
  5.300304e-01   1.862089e-24   1.684760e-04   1.008595e-25   462
  5.307494e-01   1.377657e-24   1.712315e-04   7.200898e-26   432
  5.318647e-01   1.682102e-24   1.588547e-04   7.154455e-26   648
  5.331761e-01   1.592078e-24   2.324340e-04   8.075372e-26   528
  5.342295e-01   1.518089e-24   2.799086e-04   6.124671e-26   600
  5.352820e-01   1.884148e-24   3.528915e-04   1.133351e-25   240
  5.363014e-01   1.498197e-24   2.703115e-04   5.796161e-26   720
  5.374863e-01   1.723829e-24   2.138653e-04   6.684401e-26   720
  5.387997e-01   1.293776e-24   0.000000e+00   1.162548e-25   144
  5.394909e-01   1.541215e-24   2.757364e-04   6.132200e-26   720
  5.404742e-01   1.466331e-24   1.653370e-04   7.096166e-26   384
  5.417051e-01   1.510166e-24   1.832848e-04   5.999372e-26   672
  5.428730e-01   1.642825e-24   3.209115e-04   9.373652e-26   336
  5.434308e-01   1.360162e-24   0.000000e+00   9.424520e-26   288
  5.447967e-01   1.380156e-24   2.539800e-04   5.369686e-26   776
  5.460612e-01   1.394625e-24   2.173184e-04   5.571807e-26   720
  5.471231e-01   1.405060e-24   1.750659e-04   7.186619e-26   432
  5.479725e-01   1.440695e-24   2.495786e-04   6.569624e-26   504
  5.489174e-01   1.334818e-24   1.748652e-04   5.715084e-26   528
  5.502396e-01   1.478468e-24   2.382437e-04   6.949327e-26   438
  5.513273e-01   1.371784e-24   2.772938e-04   5.465620e-26   624
  5.521470e-01   1.389611e-24   3.396475e-04   7.961323e-26   312
  5.532738e-01   1.415805e-24   1.829935e-04   5.742768e-26   696
  5.544390e-01   1.322394e-24   1.655760e-04   5.392655e-26   552
  5.556509e-01   1.260037e-24   1.281006e-04   6.513972e-26   516
  5.564006e-01   1.447795e-24   2.558713e-04   6.507306e-26   528
  5.573133e-01   1.269655e-24   1.664001e-04   6.133332e-26   528
  5.586097e-01   1.224287e-24   2.194479e-04   4.717263e-26   864
  5.594897e-01   1.460134e-24   3.005985e-04   7.479959e-26   408
  5.603706e-01   1.496698e-24   2.978186e-04   1.074264e-25   192
  5.616191e-01   1.289986e-24   2.464592e-04   4.936183e-26   720
  5.626731e-01   1.311554e-24   2.272475e-04   5.575304e-26   696
  5.639255e-01   1.338009e-24   2.454294e-04   5.910510e-26   720
  5.650713e-01   1.461581e-24   3.326501e-04   8.074487e-26   432
  5.657395e-01   1.374465e-24   1.958109e-04   1.005909e-25   264
  5.669418e-01   1.204467e-24   2.704061e-04   5.816154e-26   672
  5.680171e-01   1.253213e-24   2.768544e-04   5.480217e-26   600
  5.692933e-01   9.362903e-25   1.620980e-04   4.573880e-26   270
  5.699366e-01   1.018577e-24   2.440026e-04   4.970558e-26   528
  5.709591e-01   1.068085e-24   1.670843e-04   3.917542e-26   840
  5.723613e-01   1.225185e-24   3.194952e-04   4.270525e-26   888
  5.736568e-01   1.161951e-24   2.380474e-04   4.980030e-26   744
  5.747517e-01   1.359346e-24   1.223216e-04   6.742339e-26   456
  5.752963e-01   1.344351e-24   1.671601e-04   7.353219e-26   360
  5.762282e-01   1.086337e-24   1.448348e-04   6.327415e-26   384
  5.776580e-01   1.214988e-24   2.323137e-04   4.723838e-26   816
  5.787308e-01   1.130660e-24   3.370546e-04   4.369895e-26   824
  5.800348e-01   1.187811e-24   1.566791e-04   6.266690e-26   360
  5.807331e-01   1.229913e-24   2.311994e-04   5.205984e-26   624
  5.816941e-01   1.245899e-24   1.562320e-04   7.317774e-26   360
  5.829744e-01   1.125226e-24   2.125215e-04   4.385367e-26   876
  5.841306e-01   1.279315e-24   2.524119e-04   5.762794e-26   696
  5.852967e-01   1.181304e-24   1.629911e-04   6.970060e-26   336
  5.859080e-01   1.303056e-24   1.628079e-04   6.696956e-26   504
  5.869176e-01   1.073697e-24   1.642187e-04   4.721579e-26   672
  5.884155e-01   1.132969e-24   3.269213e-04   4.436913e-26   720
  5.894543e-01   1.086866e-24   2.469541e-04   4.335677e-26   774
  5.906010e-01   9.442596e-25   1.413501e-04   5.081979e-26   384
  5.912015e-01   1.089854e-24   2.720183e-04   5.472938e-26   528
  5.921335e-01   1.041375e-24   2.592486e-04   4.342013e-26   744
  5.936327e-01   1.060895e-24   2.138251e-04   4.385871e-26   768
  5.946281e-01   8.538574e-25   2.400348e-04   3.499617e-26   552
  5.958700e-01   9.076055e-25   2.616108e-04   4.298555e-26   696
  5.967938e-01   1.223806e-24   3.179026e-04   6.538703e-26   408
  5.975272e-01   1.074358e-24   1.373364e-04   4.964189e-26   504
  5.986899e-01   1.099047e-24   2.467198e-04   3.702247e-26   888
  5.998339e-01   1.134482e-24   2.564132e-04   4.627053e-26   648
  6.010230e-01   9.497098e-25   2.542153e-04   4.207458e-26   648
  6.021418e-01   9.879819e-25   2.741064e-04   4.262628e-26   792
  6.033268e-01   9.395843e-25   4.010364e-04   4.678014e-26   600
  6.042000e-01   9.433570e-25   2.717856e-04   4.603430e-26   456
  6.051191e-01   9.819240e-25   1.324567e-04   4.590714e-26   648
  6.062996e-01   9.651067e-25   2.583099e-04   3.677978e-26   936
  6.075741e-01   1.118949e-24   1.586356e-04   6.157283e-26   384
  6.086836e-01   8.421443e-25   0.000000e+00   6.778675e-26   198
  6.095398e-01   9.108310e-25   4.024720e-04   2.810075e-26   1224
  6.104634e-01   9.965631e-25   2.931235e-04   5.319378e-26   420
  6.115558e-01   9.553844e-25   2.836822e-04   3.568670e-26   792
  6.126238e-01   9.156230e-25   2.345810e-04   3.804003e-26   680
  6.138428e-01   8.387607e-25   2.154033e-04   3.502633e-26   600
  6.148235e-01   9.330589e-25   3.123938e-04   3.698125e-26   840
  6.161330e-01   1.104841e-24   1.474979e-04   6.143414e-26   432
  6.166334e-01   9.531949e-25   1.382250e-04   4.138212e-26   720
  6.177213e-01   1.017447e-24   2.768404e-04   3.350659e-26   960
  6.190745e-01   9.604262e-25   2.467829e-04   4.453304e-26   528
  6.200634e-01   7.954915e-25   2.522592e-04   3.653166e-26   624
  6.212404e-01   9.153908e-25   1.982740e-04   3.579163e-26   816
  6.224086e-01   9.283958e-25   3.260658e-04   3.793178e-26   696
  6.236996e-01   7.782631e-25   1.798266e-08   5.719420e-26   240
  6.241851e-01   8.746748e-25   1.922888e-04   3.788954e-26   672
  6.252686e-01   9.363459e-25   3.436476e-04   3.955574e-26   864
  6.264840e-01   8.988201e-25   2.636938e-04   3.498651e-26   816
  6.275795e-01   8.987535e-25   1.509292e-04   3.647924e-26   648
  6.287594e-01   9.623922e-25   1.542771e-04   3.718803e-26   843
  6.297611e-01   8.721814e-25   2.775825e-04   3.688067e-26   780
  6.309548e-01   6.713633e-25   1.489456e-04   4.716818e-26   216
  6.316911e-01   8.680719e-25   3.591661e-04   2.698012e-26   1056
  6.328235e-01   8.922235e-25   2.938382e-04   6.291047e-26   228
  6.338720e-01   8.939153e-25   3.658358e-04   3.121109e-26   924
  6.349484e-01   9.900966e-25   1.357046e-04   4.328788e-26   696
  6.360882e-01   7.447290e-25   2.415153e-04   2.674025e-26   996
  6.372543e-01   7.937663e-25   1.425858e-04   3.722065e-26   576
  6.384675e-01   7.924707e-25   2.200718e-04   4.556733e-26   552
  6.393519e-01   1.022344e-24   2.627580e-04   5.216457e-26   516
  6.402494e-01   9.444317e-25   3.821047e-04   4.060906e-26   744
  6.412749e-01   8.341380e-25   1.874451e-04   3.648635e-26   576
  6.421669e-01   8.760415e-25   1.929285e-04   3.402066e-26   792
  6.434346e-01   9.339291e-25   2.205530e-04   3.799958e-26   792
  6.443636e-01   8.315295e-25   2.378641e-04   3.909115e-26   720
  6.456200e-01   8.283245e-25   2.711104e-04   3.491004e-26   656
  6.467974e-01   8.787100e-25   2.960385e-04   3.616290e-26   816
  6.480043e-01   9.200660e-25   1.596190e-04   5.545593e-26   492
  6.486903e-01   8.694502e-25   2.296231e-04   4.413980e-26   552
  6.499778e-01   7.397127e-25   3.992867e-04   3.113903e-26   780
  6.508139e-01   8.641994e-25   2.452771e-04   4.222474e-26   528
  6.517148e-01   7.493328e-25   2.863130e-04   3.325743e-26   600
  6.530425e-01   9.323533e-25   2.379487e-04   3.243080e-26   900
  6.539577e-01   9.080638e-25   1.317325e-04   4.137481e-26   696
  6.552168e-01   8.663824e-25   3.330907e-04   3.903238e-26   696
  6.564349e-01   7.564899e-25   1.351317e-04   3.464521e-26   552
  6.574592e-01   7.815410e-25   1.571457e-04   3.611222e-26   708
  6.585322e-01   7.446778e-25   2.594565e-04   3.243938e-26   876
  6.596487e-01   8.356689e-25   1.377663e-04   6.267559e-26   216
  6.603980e-01   7.915320e-25   3.768094e-04   2.996033e-26   1032
  6.615201e-01   7.258915e-25   4.195357e-04   4.051524e-26   600
  6.626848e-01   5.729196e-25   2.001869e-04   2.523182e-26   600
  6.635732e-01   6.938770e-25   3.535112e-04   3.780804e-26   528
  6.646233e-01   7.138353e-25   1.940622e-04   2.952770e-26   732
  6.657296e-01   7.959026e-25   1.432973e-04   4.704850e-26   336
  6.670031e-01   6.565493e-25   2.042271e-04   2.269843e-26   912
  6.679548e-01   7.014070e-25   2.049821e-04   3.262589e-26   624
  6.689946e-01   7.543979e-25   1.727341e-04   3.129470e-26   768
  6.702082e-01   6.903007e-25   3.116463e-04   2.829459e-26   792
  6.713995e-01   7.869096e-25   1.545014e-04   3.562287e-26   660
  6.722471e-01   6.783936e-25   2.276826e-04   3.576654e-26   504
  6.731238e-01   6.919570e-25   3.719898e-04   3.839400e-26   480
  6.744376e-01   6.170956e-25   3.440421e-04   2.395803e-26   912
  6.754664e-01   6.768458e-25   3.831443e-04   3.926171e-26   432
  6.764380e-01   6.480378e-25   2.275021e-04   3.483812e-26   564
  6.773006e-01   6.934536e-25   2.177508e-04   3.386508e-26   600
  6.785149e-01   6.882665e-25   3.035240e-04   3.017323e-26   876
  6.794272e-01   7.064921e-25   1.364735e-04   5.539689e-26   264
  6.806846e-01   5.689005e-25   2.648123e-04   2.475402e-26   560
  6.816953e-01   6.706943e-25   1.799457e-04   2.781486e-26   840
  6.829222e-01   5.942064e-25   2.774244e-04   2.250120e-26   1008
  6.840568e-01   5.380517e-25   1.241010e-04   2.718708e-26   456
  6.850930e-01   6.581029e-25   1.607553e-04   3.170652e-26   576
  6.860509e-01   6.733872e-25   2.470177e-04   3.126102e-26   612
  6.873140e-01   6.111973e-25   2.206269e-04   2.329320e-26   780
  6.883444e-01   6.086245e-25   2.528284e-04   2.633502e-26   648
  6.893992e-01   6.960229e-25   1.178213e-04   4.318487e-26   312
  6.900734e-01   5.215677e-25   2.993645e-04   2.517201e-26   528
  6.912414e-01   6.106252e-25   3.909551e-04   2.558090e-26   720
  6.923583e-01   5.626344e-25   3.921794e-04   2.739386e-26   576
  6.937124e-01   5.892025e-25   3.383053e-04   3.214956e-26   444
  6.945549e-01   6.315674e-25   3.317685e-04   2.314337e-26   996
  6.955874e-01   5.521903e-25   2.771265e-04   3.177620e-26   432
  6.965633e-01   6.161313e-25   3.033990e-04   3.333742e-26   504
  6.974062e-01   4.826348e-25   1.367883e-04   2.299191e-26   504
  6.986065e-01   6.620822e-25   2.692009e-04   2.305623e-26   876
  6.996926e-01   5.943153e-25   3.098246e-04   3.352915e-26   504
  7.008236e-01   5.018616e-25   1.975899e-04   2.079019e-26   696
  7.017583e-01   5.274326e-25   1.689187e-04   2.572861e-26   492
  7.030300e-01   5.929687e-25   2.418152e-04   3.709250e-26   432
  7.039719e-01   5.498672e-25   2.264335e-04   2.186490e-26   768
  7.050885e-01   5.427394e-25   2.820533e-04   2.678436e-26   648
  7.061547e-01   4.818722e-25   1.840095e-04   2.855698e-26   456
  7.073798e-01   5.634335e-25   2.530430e-04   2.828595e-26   552
  7.082306e-01   5.199157e-25   1.734358e-04   2.417975e-26   648
  7.094016e-01   5.114228e-25   2.826907e-04   2.007922e-26   840
  7.105454e-01   5.931684e-25   1.348092e-04   3.728132e-26   432
  7.116906e-01   5.450480e-25   1.651183e-04   2.681619e-26   600
  7.124870e-01   5.895481e-25   1.759227e-04   2.921044e-26   432
  7.138248e-01   4.888252e-25   1.751482e-04   2.318699e-26   560
  7.147308e-01   4.624160e-25   2.772412e-04   1.862226e-26   840
  7.158652e-01   4.696636e-25   1.642140e-04   2.203608e-26   504
  7.167662e-01   4.836897e-25   3.351509e-04   1.938039e-26   696
  7.180362e-01   5.207101e-25   1.830475e-04   2.688786e-26   384
  7.190254e-01   4.682713e-25   2.681431e-04   2.213413e-26   576
  7.202219e-01   4.538057e-25   1.654845e-04   3.183925e-26   360
  7.211864e-01   4.898192e-25   2.464465e-04   2.205055e-26   828
  7.222268e-01   4.664166e-25   2.195064e-04   2.390548e-26   372
  7.231800e-01   4.555031e-25   3.352284e-04   2.022680e-26   576
  7.244428e-01   4.833484e-25   1.403933e-04   2.275611e-26   636
  7.253425e-01   4.690566e-25   2.706420e-04   2.127382e-26   648
  7.265596e-01   4.745243e-25   2.200024e-04   2.129617e-26   576
  7.274333e-01   4.447747e-25   3.548870e-04   2.179592e-26   528
  7.285953e-01   5.111265e-25   1.517289e-04   3.102069e-26   360
  7.295571e-01   4.017870e-25   3.490332e-04   1.777237e-26   672
  7.308130e-01   4.765012e-25   1.787806e-04   1.991595e-26   804
  7.318582e-01   5.042874e-25   1.972163e-04   2.400013e-26   408
  7.330145e-01   4.949429e-25   1.219011e-04   2.988816e-26   384
  7.337931e-01   4.141440e-25   2.789567e-04   2.453032e-26   480
  7.348913e-01   4.478265e-25   1.802469e-04   2.286084e-26   432
  7.359446e-01   5.260390e-25   3.321566e-04   2.240574e-26   648
  7.371913e-01   4.574493e-25   2.061016e-04   2.182108e-26   624
  7.381033e-01   3.991929e-25   1.874668e-04   2.256075e-26   456
  7.393486e-01   5.228776e-25   2.560963e-04   2.607647e-26   588
  7.401831e-01   4.382323e-25   1.633884e-04   1.910857e-26   600
  7.414016e-01   4.066004e-25   2.548458e-04   1.803372e-26   708
  7.423640e-01   5.132680e-25   1.605479e-04   3.230200e-26   360
  7.434275e-01   5.091038e-25   1.845541e-04   2.859590e-26   552
  7.444470e-01   3.706758e-25   1.294691e-04   2.524398e-26   288
  7.454820e-01   3.885827e-25   2.434372e-04   1.980671e-26   528
  7.464545e-01   4.643675e-25   1.642340e-04   2.694704e-26   456
  7.475410e-01   4.408046e-25   2.912225e-04   2.067722e-26   608
  7.486338e-01   3.666414e-25   1.408967e-04   1.819251e-26   504
  7.498278e-01   3.402044e-25   3.024972e-04   1.831011e-26   540
  7.507642e-01   4.718951e-25   3.247222e-04   3.137940e-26   360
  7.517735e-01   4.880026e-25   1.470509e-04   2.355173e-26   540
  7.526661e-01   4.321475e-25   1.262606e-04   2.022211e-26   576
  7.539642e-01   4.699471e-25   2.927555e-04   2.152871e-26   588
  7.551985e-01   3.855439e-25   4.039143e-04   1.627201e-26   672
  7.562588e-01   4.487090e-25   3.087151e-04   2.114244e-26   552
  7.571135e-01   3.148190e-25   3.088712e-04   2.879311e-26   144
  7.582042e-01   4.807267e-25   2.624178e-04   2.511172e-26   600
  7.592383e-01   3.410579e-25   3.288668e-04   1.701828e-26   504
  7.603860e-01   4.709121e-25   3.378126e-04   2.752845e-26   336
  7.615932e-01   3.719601e-25   3.797028e-04   1.571619e-26   600
  7.626744e-01   3.572420e-25   2.450478e-04   1.612764e-26   636
  7.638413e-01   3.996563e-25   1.970206e-04   2.428830e-26   384
  7.646595e-01   4.455737e-25   2.748205e-04   2.206561e-26   504
  7.658387e-01   3.727681e-25   1.153383e-04   2.850333e-26   240
  7.667694e-01   3.824960e-25   2.709461e-04   1.596309e-26   744
  7.678860e-01   3.375447e-25   1.850150e-04   1.434949e-26   648
  7.688783e-01   6.650370e-25   1.228185e-04   5.896192e-26   120
  7.700414e-01   4.192176e-25   1.929319e-04   2.189721e-26   564
  7.709202e-01   4.120263e-25   3.030111e-04   2.331410e-26   432
  7.720932e-01   3.740425e-25   2.351965e-04   1.982696e-26   480
  7.729764e-01   3.101810e-25   1.731106e-04   1.654135e-26   456
  7.740189e-01   3.869640e-25   2.864725e-04   2.160130e-26   444
  7.752020e-01   3.452146e-25   4.383180e-04   1.689861e-26   528
  7.762412e-01   4.365141e-25   3.255297e-04   3.326751e-26   264
  7.772498e-01   3.615604e-25   3.336195e-04   1.853025e-26   444
  7.786065e-01   4.321754e-25   3.654311e-04   1.887488e-26   696
  7.797327e-01   3.968693e-25   1.954448e-04   2.212820e-26   384
  7.805563e-01   4.012785e-25   2.469609e-04   2.438382e-26   432
  7.818373e-01   3.431077e-25   1.706384e-04   1.952133e-26   488
  7.826690e-01   3.996588e-25   2.571733e-04   2.332637e-26   480
  7.838749e-01   3.296582e-25   2.868014e-04   1.775579e-26   480
  7.848089e-01   3.686405e-25   1.203331e-04   2.279980e-26   240
  7.858692e-01   3.626877e-25   2.810886e-04   1.611734e-26   600
  7.868694e-01   3.247880e-25   2.449399e-04   2.209610e-26   288
  7.879343e-01   3.792406e-25   2.356143e-04   1.939990e-26   480
  7.890129e-01   2.832617e-25   4.191157e-04   1.343220e-26   504
  7.900748e-01   3.105113e-25   1.798267e-04   2.221505e-26   216
  7.914291e-01   3.735961e-25   2.944050e-04   2.051936e-26   504
  7.924838e-01   3.491252e-25   2.367912e-04   1.784574e-26   456
  7.936384e-01   4.306039e-25   1.358038e-04   2.571605e-26   384
  7.944031e-01   4.168329e-25   2.756326e-04   2.298141e-26   480
  7.954897e-01   3.566374e-25   2.420363e-04   2.233372e-26   504
  7.964966e-01   3.242943e-25   1.535327e-04   1.796539e-26   312
  7.975815e-01   4.086419e-25   2.474127e-04   2.186258e-26   492
  7.985417e-01   4.294694e-25   2.318919e-04   2.452822e-26   312
  7.997779e-01   3.237465e-25   3.766899e-04   1.508681e-26   576
  8.008661e-01   4.318677e-25   3.477153e-04   2.837518e-26   336
  8.017699e-01   2.812866e-25   2.677247e-04   2.133705e-26   240
  8.030228e-01   3.534655e-25   3.549351e-04   1.821318e-26   468
  8.041047e-01   3.456223e-25   2.222407e-04   2.834432e-26   192
  8.052370e-01   3.569774e-25   2.229031e-04   2.861357e-26   324
  8.060669e-01   3.299894e-25   1.617794e-04   1.700439e-26   600
  8.071978e-01   4.213402e-25   2.624704e-04   2.746510e-26   456
  8.080377e-01   4.018825e-25   1.180592e-04   2.490416e-26   336
  8.094297e-01   3.927037e-25   3.535027e-04   1.953821e-26   612
  8.104424e-01   2.373989e-25   2.966749e-04   3.016679e-26   144
  8.114002e-01   3.792229e-25   3.462957e-04   1.964257e-26   552
  8.127025e-01   2.963977e-25   1.363755e-04   1.944748e-26   264
  8.134384e-01   3.861699e-25   3.157441e-04   2.937591e-26   336
  8.145992e-01   2.414113e-25   2.086329e-04   1.443774e-26   384
  8.156059e-01   3.526520e-25   1.174397e-04   2.616411e-26   216
  8.167203e-01   2.852005e-25   2.489964e-04   1.647653e-26   344
  8.177364e-01   2.662761e-25   3.715143e-04   1.621650e-26   408
  8.189746e-01   2.945944e-25   2.854845e-04   2.417852e-26   264
  8.200718e-01   3.659184e-25   3.979796e-04   2.157171e-26   612
  8.211681e-01   4.183579e-25   2.048307e-04   2.473321e-26   408
  8.222956e-01   3.566254e-25   2.051251e-04   2.276456e-26   444
  8.231239e-01   5.693636e-25   1.147249e-04   6.029117e-26   120
  8.242338e-01   3.355282e-25   3.169640e-04   1.890567e-26   336
  8.250576e-01   3.244114e-25   1.101437e-04   3.072799e-26   288
  8.261708e-01   3.152176e-25   3.427692e-04   1.820418e-26   552
  8.277012e-01   6.407391e-25   0.000000e+00   8.803592e-26   72
  8.284882e-01   2.793326e-25   3.404572e-04   1.514238e-26   504
  8.294074e-01   2.295356e-25   1.095558e-04   1.692165e-26   216
  8.305983e-01   3.081384e-25   1.956043e-04   2.189513e-26   312
  8.316675e-01   2.624765e-25   2.227263e-04   1.706118e-26   336
  8.326865e-01   2.377227e-25   3.087236e-04   1.666521e-26   204
  8.337014e-01   3.429009e-25   3.587838e-04   1.801712e-26   504
  8.347777e-01   3.718514e-25   3.416652e-04   2.286459e-26   396
  8.358127e-01   3.311599e-25   3.133249e-04   2.172061e-26   312
  8.370674e-01   4.120705e-25   1.914750e-04   3.814843e-26   216
  8.379516e-01   3.039379e-25   1.039172e-04   2.517326e-26   168
  8.390260e-01   2.946204e-25   2.623966e-04   1.486168e-26   588
  8.402521e-01   2.349830e-25   3.561727e-04   1.664442e-26   240
  8.412047e-01   2.334552e-25   3.145601e-04   1.956866e-26   264
  8.423219e-01   2.547985e-25   3.890183e-04   1.652797e-26   288
  8.433131e-01   2.659498e-25   1.942596e-04   2.143868e-26   288
  8.445693e-01   2.470290e-25   1.824406e-04   1.741317e-26   288
  8.454153e-01   2.469193e-25   2.113423e-04   1.855964e-26   192
  8.464795e-01   2.221798e-25   2.248894e-04   1.513209e-26   264
  8.474933e-01   4.115081e-25   3.699119e-04   3.041701e-26   372
  8.485844e-01   4.447268e-25   3.995208e-04   3.367598e-26   360
  8.499161e-01   3.045893e-25   1.690810e-04   2.794320e-26   144
  8.506044e-01   2.476384e-25   2.348461e-04   2.043536e-26   296
  8.516909e-01   3.383582e-25   2.530345e-04   2.408839e-26   288
  8.529347e-01   2.816744e-25   3.781537e-04   1.815013e-26   480
  8.540076e-01   2.222158e-25   3.142096e-04   1.981915e-26   192
  8.550509e-01   3.183991e-25   3.370327e-04   2.056773e-26   192
  8.559992e-01   2.805122e-25   2.147949e-04   2.988993e-26   288
  8.573180e-01   2.087488e-25   1.869760e-04   1.709638e-26   108
  8.579823e-01   3.393141e-25   1.797545e-04   2.012358e-26   240
  8.591554e-01   1.935985e-25   3.353363e-04   1.102279e-26   384
  8.603605e-01   2.927281e-25   4.090722e-04   3.321334e-26   108
  8.614261e-01   4.047207e-25   2.398466e-04   3.536460e-26   348
  8.625466e-01   3.062462e-25   2.503134e-04   2.410651e-26   312
  8.635474e-01   2.975726e-25   2.432319e-04   4.273023e-26   96
  8.644677e-01   2.764380e-25   3.238194e-04   1.899326e-26   384
  8.654984e-01   2.711952e-25   2.227222e-04   2.176869e-26   144
  8.665066e-01   2.826200e-25   3.422225e-04   1.551120e-26   408
  8.677598e-01   2.075862e-25   1.526554e-04   1.740758e-26   144
  8.689437e-01   2.709794e-25   2.934816e-04   2.213343e-26   192
  8.696459e-01   2.930574e-25   3.303190e-04   2.340262e-26   144
  8.707904e-01   2.389224e-25   2.685615e-04   1.996385e-26   144
  8.718702e-01   2.642775e-25   3.282257e-04   1.687506e-26   336
  8.731927e-01   1.628734e-25   2.428454e-04   1.049133e-26   240
  8.740312e-01   2.717073e-25   1.102739e-04   4.617066e-26   96
  8.752007e-01   2.921768e-25   3.233803e-04   2.113186e-26   372
  8.763838e-01   2.403384e-25   3.846540e-04   2.891088e-26   132
  8.774230e-01   2.019037e-25   2.380193e-04   1.253413e-26   264
  8.783527e-01   2.263906e-25   1.827880e-04   2.281451e-26   168
  8.793449e-01   2.656679e-25   2.922429e-04   2.327916e-26   216
  8.802213e-01   2.057830e-25   1.787978e-04   1.497647e-26   216
  8.814979e-01   1.624093e-25   3.280196e-04   1.626361e-26   96
  8.826561e-01   3.659132e-25   2.140028e-04   4.712725e-26   120
  8.837183e-01   2.117520e-25   2.720578e-04   1.624355e-26   216
  8.845934e-01   1.933300e-25   1.188902e-04   1.536590e-26   200
  8.857519e-01   1.916456e-25   3.077557e-04   1.385342e-26   288
  8.872378e-01   1.337862e-25   8.097649e-05   1.105721e-26   144
  8.878635e-01   2.524270e-25   2.519939e-04   2.154467e-26   168
  8.891412e-01   3.029442e-25   2.835956e-04   3.802682e-26   159
  8.901386e-01   2.315061e-25   2.975600e-04   1.995378e-26   174
  8.911039e-01   2.603888e-25   2.698170e-04   2.375369e-26   144
  8.923678e-01   2.537112e-25   1.557998e-04   2.277783e-26   222
  8.932131e-01   1.868882e-25   1.572158e-04   1.350983e-26   168
  8.946732e-01   2.779969e-25   3.448346e-04   6.670980e-26   30
  8.952763e-01   1.226712e-25   3.044637e-04   1.457129e-26   72
  8.964123e-01   2.016269e-25   2.717302e-04   1.489999e-26   258
  8.976612e-01   1.857263e-25   1.701916e-04   1.280204e-26   264
  8.982857e-01   1.747714e-25   1.835347e-08   2.490534e-26   72
  8.995871e-01   1.433937e-25   3.373270e-04   1.251573e-26   174
  9.007654e-01   1.656615e-25   3.591909e-04   1.594065e-26   168
  9.017127e-01   1.166336e-25   1.123916e-08   1.409613e-26   48
  9.027297e-01   1.545393e-25   2.028435e-04   1.394779e-26   150
  9.039088e-01   2.341836e-25   3.731453e-04   1.727689e-26   168
  9.050911e-01   1.720464e-25   2.273028e-04   1.413555e-26   144
  9.061784e-01   2.020269e-25   2.123525e-04   2.432335e-26   102
  9.069882e-01   1.441060e-25   3.143182e-04   1.279537e-26   96
  9.082731e-01   1.433739e-25   3.119397e-04   1.236921e-26   120
  9.092246e-01   1.104633e-25   3.345635e-04   7.892515e-27   168
  9.102538e-01   2.353721e-25   2.470487e-04   2.111322e-26   126
  9.111308e-01   1.800994e-25   1.863241e-04   1.455096e-26   168
  9.123389e-01   1.377399e-25   2.987709e-04   1.591189e-26   72
  9.133947e-01   1.214632e-25   3.741278e-04   9.824233e-27   168
  9.143196e-01   2.076331e-25   1.025668e-04   3.840859e-26   78
  9.155870e-01   1.604849e-25   1.684070e-04   1.623367e-26   60
  9.166075e-01   2.221342e-25   2.731835e-04   3.127724e-26   96
  9.176659e-01   1.475380e-25   3.314854e-04   1.163723e-26   168
  9.186605e-01   1.437118e-25   2.097511e-04   1.439536e-26   86
  9.197042e-01   1.695229e-25   1.874678e-04   1.814497e-26   120
  9.212002e-01   1.420469e-25   1.336894e-04   9.600876e-27   168
  9.220069e-01   1.069409e-25   0.000000e+00   2.023221e-26   48
  9.230934e-01   1.541414e-25   2.435676e-04   1.323314e-26   120
  9.237177e-01   1.542623e-25   1.776924e-04   1.562036e-26   126
  9.252418e-01   1.627367e-25   3.125113e-04   1.647809e-26   96
  9.262310e-01   1.518025e-25   9.011285e-05   2.103421e-26   96
  9.270111e-01   1.426802e-25   1.059638e-08   1.898082e-26   72
  9.286731e-01   1.962141e-25   1.123916e-08   3.878627e-26   24
  9.297104e-01   1.656320e-25   1.854501e-04   1.696324e-26   120
  9.305196e-01   1.776975e-25   2.705147e-04   1.680088e-26   126
  9.314194e-01   1.323522e-25   2.255107e-04   9.737444e-27   96
  9.324708e-01   1.550812e-25   3.897482e-04   1.678634e-26   72
  9.336415e-01   1.398409e-25   1.685792e-04   1.200927e-26   144
  9.346046e-01   1.000899e-25   9.723254e-05   1.135555e-26   72
  9.355666e-01   1.666595e-25   1.942081e-04   2.407326e-26   54
  9.364132e-01   1.968458e-25   1.711436e-04   1.924931e-26   108
  9.381728e-01   1.907526e-25   1.677650e-04   2.589426e-26   72
  9.387206e-01   1.622552e-25   9.680617e-05   1.956700e-26   72
  9.400202e-01   1.505602e-25   1.946680e-08   5.621334e-26   24
  9.412498e-01   1.220792e-25   2.047976e-04   2.731873e-26   48
  9.419964e-01   1.243391e-25   1.560029e-04   1.512241e-26   102
  9.431203e-01   1.526831e-25   3.528137e-04   1.002026e-26   168
  9.445889e-01   1.749247e-25   1.924163e-04   2.322133e-26   72
  9.451330e-01   1.175045e-25   0.000000e+00   1.584865e-26   48
  9.462744e-01   1.560835e-25   3.309678e-04   1.553083e-26   120
  9.477807e-01   1.566080e-25   2.033864e-04   1.520107e-26   96
  9.492033e-01   1.512375e-25   1.798266e-08   2.747642e-26   30
  9.508942e-01   1.578752e-25   9.555995e-05   1.629248e-26   72
  9.516372e-01   1.788741e-25   1.123916e-08   2.786023e-26   24
  9.525916e-01   1.326936e-25   1.416435e-04   1.351601e-26   56
  9.536606e-01   1.133032e-25   2.021324e-04   1.014876e-26   96
  9.549399e-01   1.839559e-25   2.232036e-04   1.631963e-26   144
  9.559263e-01   1.110221e-25   1.267263e-04   1.275990e-26   54
  9.573592e-01   1.376432e-25   1.898493e-04   1.344616e-26   108
  9.588012e-01   1.499607e-25   1.005243e-04   2.225148e-26   48
  9.601739e-01   1.244614e-25   3.785063e-04   1.394269e-26   72
  9.634680e-01   1.378413e-25   2.500803e-04   1.282875e-26   78
  9.643808e-01   1.063339e-25   1.884669e-04   1.503572e-26   72
  9.654462e-01   1.002418e-25   1.882329e-04   1.241249e-26   72
  9.665603e-01   1.495967e-25   4.542266e-04   1.432138e-26   96
  9.674408e-01   1.437480e-25   1.878449e-04   1.595256e-26   72
  9.685029e-01   1.734002e-25   0.000000e+00   6.797329e-26   24
  9.695638e-01   1.113833e-25   3.748416e-04   9.375595e-27   72
  9.719599e-01   1.149890e-25   2.380359e-04   1.899587e-26   30
  9.724755e-01   1.825220e-25   0.000000e+00   3.043677e-26   24
  9.752466e-01   8.400516e-26   1.976584e-04   1.060456e-26   48
  9.761159e-01   1.326946e-25   4.253608e-04   1.318023e-26   120
  9.772870e-01   1.476938e-25   1.859776e-04   1.568139e-26   72
  9.784697e-01   9.703278e-26   1.857528e-04   1.488428e-26   36
  9.792826e-01   1.468392e-25   3.671339e-04   1.925778e-26   78
  9.815513e-01   1.544278e-25   1.963888e-04   1.949014e-26   48
  9.844928e-01   7.696411e-26   1.589457e-08   1.520266e-26   24
  9.865884e-01   1.060350e-25   1.367612e-04   1.148535e-26   56
  9.876436e-01   1.357000e-25   2.104496e-04   1.151807e-26   102
  9.889860e-01   1.497768e-25   1.498555e-08   1.598214e-26   72
  9.897653e-01   8.998509e-26   1.123916e-08   2.218826e-26   24
  9.911277e-01   1.684406e-25   1.944913e-04   2.921422e-26   48
  9.936528e-01   1.299739e-25   0.000000e+00   1.759959e-26   24
  9.967520e-01   2.008904e-25   0.000000e+00   4.011622e-26   6
  9.977185e-01   1.392304e-25   0.000000e+00   3.602934e-26   24
  9.983623e-01   1.412473e-25   1.820511e-04   1.768830e-26   72
  9.995384e-01   1.338831e-25   3.396336e-04   1.265065e-26   84
  1.000805e+00   1.024570e-25   0.000000e+00   1.625377e-26   24
  1.001190e+00   1.012541e-25   1.589457e-08   1.758044e-26   24
  1.003114e+00   1.881312e-25   1.946680e-08   5.362142e-26   24
  1.005800e+00   1.182740e-25   0.000000e+00   2.939478e-26   6
  1.009244e+00   1.204804e-25   1.910001e-04   1.614193e-26   48
  1.010072e+00   1.158073e-25   3.598129e-04   1.437756e-26   72
  1.011152e+00   1.603976e-25   1.906396e-04   3.179307e-26   48
  1.012867e+00   1.410000e-25   0.000000e+00   2.513227e-26   24
  1.015148e+00   9.922653e-26   0.000000e+00   1.760691e-26   6
  1.020262e+00   8.452432e-26   0.000000e+00   1.963935e-26   8
  1.020640e+00   1.025160e-25   1.123916e-08   1.553788e-26   48
  1.021546e+00   1.148519e-25   1.848806e-04   1.423690e-26   60
  1.022904e+00   1.331973e-25   0.000000e+00   2.002488e-26   24
  1.024787e+00   2.808188e-25   0.000000e+00   6.810665e-26   6
  1.031723e+00   1.304866e-25   0.000000e+00   3.031832e-26   24
  1.032283e+00   1.253149e-25   1.867372e-04   1.817794e-26   48
  1.033217e+00   2.052918e-25   0.000000e+00   2.804414e-26   24
  1.034708e+00   4.125264e-26   0.000000e+00   1.174104e-26   6
  1.043181e+00   1.178906e-25   1.742080e-04   1.989914e-26   36
  1.043797e+00   9.489835e-26   0.000000e+00   1.380321e-26   24
  1.044904e+00   1.484319e-25   0.000000e+00   3.551142e-26   6
  1.054545e+00   9.866112e-26   1.583190e-04   2.706094e-26   32
  1.055367e+00   1.744339e-25   0.000000e+00   4.766224e-26   6
  1.065728e+00   2.284043e-25   0.000000e+00   5.131199e-26   12
  1.066089e+00   5.746886e-26   0.000000e+00   1.473930e-26   6
  1.077063e+00   1.098677e-25   0.000000e+00   2.077513e-26   6
