# power spectrum of B
# redshift z=9.995300
# k              Pk             sigma(k)       sigma(Pk)      count
  1.963495e-02   2.134987e-17   0.000000e+00   1.369749e-18   6
  2.776802e-02   2.483144e-17   0.000000e+00   3.877078e-18   12
  3.400874e-02   1.552849e-17   3.725290e-10   3.208421e-18   8
  3.926991e-02   5.110134e-17   0.000000e+00   1.523327e-17   6
  4.390509e-02   4.830656e-17   7.024475e-10   6.287578e-18   24
  4.809562e-02   3.670649e-17   7.024475e-10   8.153405e-18   24
  5.553604e-02   3.601601e-17   0.000000e+00   1.087859e-17   12
  5.890486e-02   3.773426e-17   7.947286e-10   5.365442e-18   30
  6.209118e-02   3.752915e-17   0.000000e+00   4.235905e-18   24
  6.512178e-02   2.997295e-17   1.216675e-09   6.069216e-18   24
  6.801748e-02   2.624284e-17   7.450581e-10   1.235723e-18   8
  7.079483e-02   2.649121e-17   9.934107e-10   3.997860e-18   24
  7.346727e-02   2.674842e-17   0.000000e+00   3.582972e-18   48
  7.853982e-02   3.907826e-17   0.000000e+00   3.514482e-18   6
  8.095699e-02   2.836946e-17   9.934107e-10   2.881544e-18   48
  8.330406e-02   2.293502e-17   9.365966e-10   3.974755e-18   36
  8.558678e-02   2.572795e-17   9.934107e-10   3.534539e-18   24
  8.781018e-02   1.842108e-17   1.404895e-09   1.163501e-18   24
  8.997866e-02   2.107288e-17   0.000000e+00   2.756086e-18   48
  9.209610e-02   1.619278e-17   1.404895e-09   3.242847e-18   24
  9.619124e-02   1.773515e-17   1.404895e-09   2.867127e-18   24
  9.817477e-02   1.880869e-17   0.000000e+00   2.064579e-18   30
  1.001190e-01   1.687424e-17   0.000000e+00   1.760335e-18   72
  1.020262e-01   1.300649e-17   1.490116e-09   1.517029e-18   32
  1.057375e-01   1.549567e-17   0.000000e+00   1.140246e-18   72
  1.075451e-01   1.640195e-17   0.000000e+00   1.742622e-18   48
  1.110721e-01   1.531489e-17   0.000000e+00   3.486216e-18   12
  1.127942e-01   1.659439e-17   0.000000e+00   1.338874e-18   48
  1.144905e-01   1.459817e-17   0.000000e+00   1.826479e-18   48
  1.161620e-01   1.299005e-17   1.404895e-09   1.102600e-18   48
  1.178097e-01   1.576434e-17   1.589457e-09   1.507031e-18   30
  1.194348e-01   1.042492e-17   0.000000e+00   1.301761e-18   24
  1.210380e-01   1.685598e-17   2.961779e-09   1.233431e-18   72
  1.241824e-01   9.240023e-18   0.000000e+00   1.454111e-18   24
  1.257251e-01   1.356862e-17   0.000000e+00   1.149426e-18   96
  1.272490e-01   1.123231e-17   0.000000e+00   1.361256e-18   48
  1.287550e-01   8.699312e-18   2.433349e-09   1.266628e-18   24
  1.302436e-01   1.807130e-17   2.433349e-09   1.586975e-18   24
  1.317153e-01   8.520158e-18   0.000000e+00   6.075048e-19   72
  1.331707e-01   1.063202e-17   0.000000e+00   1.289469e-18   48
  1.360350e-01   6.407970e-18   1.490116e-09   1.725574e-18   8
  1.374447e-01   1.128134e-17   1.766064e-09   1.156544e-18   54
  1.388401e-01   1.007339e-17   0.000000e+00   7.923477e-19   84
  1.402216e-01   9.530894e-18   0.000000e+00   8.109934e-19   48
  1.415897e-01   1.135237e-17   1.986821e-09   1.785747e-18   24
  1.429446e-01   1.076632e-17   2.649095e-09   8.006594e-19   72
  1.442869e-01   8.433180e-18   0.000000e+00   4.633268e-19   96
  1.469345e-01   7.795733e-18   0.000000e+00   6.580098e-19   48
  1.482407e-01   8.380774e-18   0.000000e+00   9.021460e-19   48
  1.495354e-01   7.984390e-18   0.000000e+00   8.734257e-19   24
  1.508189e-01   8.741717e-18   0.000000e+00   6.890553e-19   72
  1.533539e-01   7.154989e-18   0.000000e+00   7.455338e-19   72
  1.546058e-01   6.437728e-18   0.000000e+00   4.394745e-19   96
  1.570796e-01   5.838666e-18   0.000000e+00   1.607128e-18   6
  1.583021e-01   6.150073e-18   0.000000e+00   3.355585e-19   96
  1.595151e-01   7.077186e-18   1.986821e-09   5.855709e-19   96
  1.607190e-01   4.559935e-18   0.000000e+00   5.149202e-19   24
  1.619140e-01   8.038469e-18   1.986821e-09   1.003511e-18   48
  1.631002e-01   8.101296e-18   0.000000e+00   5.483154e-19   96
  1.642778e-01   6.148762e-18   0.000000e+00   9.105906e-19   48
  1.666081e-01   6.156183e-18   1.873193e-09   5.663512e-19   36
  1.677611e-01   5.709352e-18   3.441276e-09   4.368316e-19   48
  1.689063e-01   5.590305e-18   3.893359e-09   3.928431e-19   120
  1.700437e-01   5.206582e-18   0.000000e+00   4.492530e-19   56
  1.711736e-01   3.869195e-18   1.986821e-09   4.215377e-19   24
  1.722960e-01   5.301320e-18   0.000000e+00   4.137797e-19   96
  1.734112e-01   5.062606e-18   0.000000e+00   5.574788e-19   48
  1.756204e-01   5.161467e-18   2.809790e-09   7.748286e-19   24
  1.767146e-01   4.813091e-18   0.000000e+00   3.269761e-19   102
  1.778021e-01   7.910571e-18   1.986821e-09   7.543766e-19   48
  1.788829e-01   6.121715e-18   0.000000e+00   5.069024e-19   72
  1.799573e-01   4.904226e-18   0.000000e+00   5.291920e-19   48
  1.810253e-01   5.777479e-18   0.000000e+00   6.718702e-19   48
  1.820871e-01   5.341091e-18   4.495664e-09   3.890332e-19   120
  1.841922e-01   4.038378e-18   2.809790e-09   4.336921e-19   24
  1.852358e-01   4.291584e-18   2.649095e-09   2.494705e-19   144
  1.862735e-01   4.874614e-18   3.178914e-09   3.304113e-19   120
  1.873055e-01   5.423786e-18   2.809790e-09   6.186744e-19   48
  1.893526e-01   4.114404e-18   2.809790e-09   3.877829e-19   48
  1.903679e-01   4.987519e-18   2.809790e-09   3.872723e-19   96
  1.930487e-01   4.492277e-18   4.711199e-04   4.736918e-19   72
  1.943761e-01   5.167580e-18   2.497591e-09   4.085918e-19   108
  1.953653e-01   4.249503e-18   0.000000e+00   3.302706e-19   72
  1.963495e-01   4.948392e-18   0.000000e+00   7.240021e-19   30
  1.973288e-01   3.828035e-18   0.000000e+00   2.101384e-19   168
  1.983033e-01   5.115989e-18   0.000000e+00   5.094276e-19   48
  2.002380e-01   3.794947e-18   0.000000e+00   2.733041e-19   72
  2.011984e-01   4.267551e-18   0.000000e+00   3.510913e-19   96
  2.021542e-01   3.910594e-18   5.298191e-09   4.415480e-19   72
  2.031055e-01   3.350926e-18   0.000000e+00   2.745877e-19   72
  2.047049e-01   4.051154e-18   4.350048e-04   2.876783e-19   104
  2.059331e-01   3.436677e-18   3.746387e-09   1.939555e-19   144
  2.087224e-01   3.633077e-18   6.282881e-09   2.331237e-19   96
  2.096439e-01   3.403296e-18   0.000000e+00   2.310982e-19   96
  2.111095e-01   3.832852e-18   4.475232e-04   2.643842e-19   120
  2.123845e-01   2.981725e-18   0.000000e+00   2.170685e-19   120
  2.132902e-01   3.687775e-18   0.000000e+00   3.317714e-19   72
  2.150901e-01   3.749875e-18   0.000000e+00   3.028466e-19   48
  2.159845e-01   3.598351e-18   4.890638e-09   3.806818e-19   78
  2.171286e-01   3.160839e-18   4.007142e-04   1.743406e-19   168
  2.195255e-01   3.159100e-18   4.588368e-09   2.218613e-19   144
  2.204018e-01   3.348445e-18   3.746387e-09   2.133184e-19   144
  2.229436e-01   2.667595e-18   2.307791e-04   1.400354e-19   156
  2.238729e-01   2.867694e-18   4.866699e-09   2.397848e-19   48
  2.247323e-01   2.795223e-18   3.178914e-09   2.132955e-19   120
  2.255884e-01   2.909400e-18   0.000000e+00   3.075330e-19   48
  2.271022e-01   2.717916e-18   3.532495e-04   1.532680e-19   216
  2.289809e-01   2.954797e-18   0.000000e+00   2.405923e-19   48
  2.298212e-01   3.060336e-18   2.809790e-09   2.303270e-19   96
  2.310160e-01   2.366676e-18   4.128272e-04   1.255493e-19   168
  2.323239e-01   2.500272e-18   2.809790e-09   2.120925e-19   48
  2.331522e-01   2.186379e-18   0.000000e+00   1.530317e-19   96
  2.339775e-01   2.282205e-18   0.000000e+00   2.176417e-19   48
  2.356194e-01   2.624760e-18   3.178914e-09   2.951156e-19   30
  2.364362e-01   2.743573e-18   0.000000e+00   1.901045e-19   96
  2.374123e-01   2.647760e-18   3.244455e-04   1.186644e-19   240
  2.386674e-01   3.241589e-18   3.500299e-04   3.452257e-19   32
  2.396752e-01   2.476433e-18   0.000000e+00   1.373753e-19   168
  2.404781e-01   2.288617e-18   0.000000e+00   1.756422e-19   120
  2.420760e-01   2.521148e-18   5.923557e-09   1.863517e-19   72
  2.428710e-01   2.182821e-18   2.649095e-09   1.268082e-19   144
  2.436634e-01   2.103521e-18   0.000000e+00   1.589115e-19   96
  2.444532e-01   1.752014e-18   0.000000e+00   1.237299e-19   96
  2.460253e-01   2.584440e-18   0.000000e+00   2.651061e-19   72
  2.468075e-01   1.718807e-18   3.973643e-09   1.264731e-19   96
  2.483647e-01   2.295400e-18   0.000000e+00   2.955128e-19   24
  2.491396e-01   1.983664e-18   0.000000e+00   1.031333e-19   192
  2.500522e-01   1.973518e-18   2.970416e-04   1.318593e-19   132
  2.514501e-01   2.242812e-18   0.000000e+00   1.415865e-19   96
  2.522156e-01   1.503709e-18   0.000000e+00   1.099009e-19   96
  2.529787e-01   1.960623e-18   3.178914e-09   1.064324e-19   120
  2.544981e-01   2.056798e-18   0.000000e+00   2.026722e-19   48
  2.557435e-01   2.239914e-18   3.599905e-04   1.355076e-19   222
  2.567603e-01   1.939073e-18   0.000000e+00   1.389031e-19   120
  2.575100e-01   1.659555e-18   4.866699e-09   2.587102e-19   24
  2.586015e-01   2.070281e-18   3.715625e-04   8.717507e-20   312
  2.609797e-01   2.175612e-18   3.483547e-04   1.381285e-19   72
  2.619630e-01   1.938496e-18   4.866699e-09   1.254198e-19   96
  2.629726e-01   2.003593e-18   3.547511e-04   1.090112e-19   192
  2.641613e-01   1.294539e-18   4.495664e-09   9.638331e-20   120
  2.648900e-01   1.691360e-18   0.000000e+00   8.915358e-20   144
  2.663415e-01   2.036247e-18   0.000000e+00   2.057125e-19   48
  2.673732e-01   1.711791e-18   3.567146e-04   6.992017e-20   336
  2.685040e-01   1.899200e-18   0.000000e+00   2.255849e-19   48
  2.699360e-01   1.611728e-18   0.000000e+00   8.532296e-20   192
  2.706492e-01   1.781073e-18   0.000000e+00   1.481857e-19   48
  2.726764e-01   1.189068e-18   2.476067e-04   1.316031e-19   56
  2.736844e-01   1.597081e-18   3.180112e-04   6.458928e-20   336
  2.748894e-01   1.574958e-18   3.532127e-09   1.785987e-19   54
  2.759390e-01   1.508822e-18   3.492904e-04   6.861218e-20   240
  2.781181e-01   1.557212e-18   3.344484e-04   7.533865e-20   228
  2.790651e-01   1.458245e-18   3.746387e-09   9.410146e-20   72
  2.799844e-01   1.573169e-18   3.244231e-04   9.865822e-20   144
  2.811298e-01   1.926348e-18   0.000000e+00   1.547378e-19   96
  2.818146e-01   1.456918e-18   4.495664e-09   7.327790e-20   240
  2.831793e-01   1.917442e-18   3.973643e-09   2.916309e-19   24
  2.840530e-01   1.393170e-18   3.064151e-04   5.410094e-20   336
  2.852142e-01   1.127375e-18   0.000000e+00   1.132264e-19   72
  2.862741e-01   1.641161e-18   3.332831e-04   1.272113e-19   168
  2.872346e-01   1.836466e-18   0.000000e+00   1.731602e-19   72
  2.885737e-01   1.554538e-18   0.000000e+00   1.328738e-19   96
  2.896108e-01   1.098134e-18   3.307829e-04   6.277598e-20   216
  2.905708e-01   1.097516e-18   0.000000e+00   7.692867e-20   96
  2.918946e-01   1.377685e-18   3.973643e-09   8.191617e-20   192
  2.925542e-01   1.265115e-18   3.746387e-09   6.984859e-20   144
  2.938691e-01   9.185956e-19   0.000000e+00   7.860088e-20   48
  2.947794e-01   1.185484e-18   3.189136e-04   5.668485e-20   246
  2.960164e-01   1.208623e-18   2.940434e-04   8.516450e-20   168
  2.971308e-01   1.375210e-18   7.786718e-09   1.151965e-19   120
  2.977788e-01   1.254865e-18   0.000000e+00   6.619661e-20   240
  2.990707e-01   1.582762e-18   0.000000e+00   2.218695e-19   24
  3.001001e-01   1.020987e-18   3.147475e-04   4.056369e-20   360
  3.013820e-01   1.271283e-18   3.134082e-04   1.010783e-19   120
  3.022763e-01   9.690748e-19   0.000000e+00   4.910756e-20   144
  3.029133e-01   1.125341e-18   0.000000e+00   1.060886e-19   96
  3.048165e-01   1.095624e-18   0.000000e+00   7.325515e-20   144
  3.054482e-01   1.251946e-18   0.000000e+00   1.056783e-19   132
  3.063360e-01   9.758639e-19   3.093292e-04   6.547155e-20   176
  3.076248e-01   1.053435e-18   3.123602e-04   4.816819e-20   312
  3.092116e-01   9.483291e-19   0.000000e+00   6.762938e-20   96
  3.098343e-01   8.121898e-19   0.000000e+00   5.447491e-20   144
  3.107899e-01   1.082876e-18   3.092271e-04   5.693775e-20   312
  3.123131e-01   5.194392e-19   0.000000e+00   5.175757e-20   48
  3.129297e-01   1.002411e-18   3.973643e-09   4.380176e-20   192
  3.141593e-01   1.152939e-18   0.000000e+00   2.159996e-19   6
  3.149762e-01   1.059095e-18   2.884066e-04   5.879301e-20   288
  3.162994e-01   1.120753e-18   3.047203e-04   6.554487e-20   192
  3.172124e-01   9.840768e-19   9.345130e-09   5.719258e-20   216
  3.178195e-01   8.837903e-19   0.000000e+00   5.758666e-20   72
  3.193321e-01   1.212152e-18   3.018264e-04   6.278099e-20   192
  3.203366e-01   8.851257e-19   2.241224e-04   4.455571e-20   288
  3.214381e-01   4.557529e-19   0.000000e+00   5.126178e-20   24
  3.222890e-01   8.171203e-19   2.952626e-04   3.043605e-20   456
  3.238280e-01   9.126112e-19   0.000000e+00   1.333907e-19   48
  3.247789e-01   9.377073e-19   2.908218e-04   5.457093e-20   240
  3.258718e-01   1.057888e-18   2.939082e-04   4.796195e-20   216
  3.267908e-01   9.339686e-19   0.000000e+00   7.451019e-20   72
  3.273801e-01   7.321599e-19   1.015467e-08   4.050762e-20   168
  3.290441e-01   8.794778e-19   2.184577e-04   4.061066e-20   288
  3.299773e-01   8.946489e-19   2.890570e-04   5.980810e-20   168
  3.314762e-01   9.432024e-19   0.000000e+00   6.653749e-20   192
  3.320572e-01   6.953968e-19   3.746387e-09   4.292362e-20   144
  3.332162e-01   1.095996e-18   3.746387e-09   1.451769e-19   36
  3.341991e-01   7.733452e-19   2.639705e-04   3.444308e-20   342
  3.351389e-01   9.349238e-19   2.710657e-04   6.738462e-20   144
  3.363470e-01   8.777555e-19   2.842800e-04   4.070505e-20   384
  3.378125e-01   7.017123e-19   7.786718e-09   4.834442e-20   120
  3.385379e-01   8.552308e-19   2.534951e-04   4.765288e-20   264
  3.395201e-01   7.452412e-19   1.256576e-08   5.394188e-20   192
  3.404451e-01   7.212089e-19   2.731894e-04   4.656913e-20   152
  3.412191e-01   7.604785e-19   7.492773e-09   6.793404e-20   144
  3.428472e-01   6.715550e-19   1.768108e-04   3.873714e-20   216
  3.436008e-01   7.510397e-19   2.362665e-04   3.628037e-20   312
  3.449274e-01   8.855004e-19   2.738281e-04   4.782650e-20   240
  3.457090e-01   5.991450e-19   3.973643e-09   3.716685e-20   96
  3.471927e-01   4.693112e-19   2.617995e-04   2.738998e-20   144
  3.481071e-01   7.544570e-19   2.573258e-04   3.241712e-20   456
  3.495904e-01   5.616660e-19   0.000000e+00   3.584134e-20   120
  3.501414e-01   7.427652e-19   0.000000e+00   6.564707e-20   144
  3.512407e-01   7.265244e-19   5.619580e-09   6.352465e-20   24
  3.519456e-01   5.855720e-19   2.473498e-04   2.327480e-20   336
  3.531645e-01   7.141939e-19   2.727931e-04   3.645216e-20   198
  3.543067e-01   6.208567e-19   2.652756e-04   3.087724e-20   432
  3.556041e-01   1.135857e-18   7.947286e-09   1.405623e-19   48
  3.562810e-01   7.257264e-19   2.341925e-04   3.229801e-20   384
  3.574963e-01   5.466219e-19   2.696052e-04   4.397930e-20   144
  3.585975e-01   6.070354e-19   2.676825e-04   3.266567e-20   264
  3.599147e-01   3.969933e-19   0.000000e+00   4.054301e-20   48
  3.607984e-01   5.855091e-19   2.545223e-04   3.126203e-20   276
  3.616510e-01   6.803326e-19   2.307176e-04   4.197320e-20   192
  3.627906e-01   5.863666e-19   2.592759e-04   2.264704e-20   552
  3.641741e-01   5.812087e-19   6.357829e-09   6.063731e-20   120
  3.649965e-01   4.094086e-19   2.624511e-04   2.383844e-20   216
  3.657587e-01   5.818701e-19   6.357829e-09   4.233799e-20   120
  3.671201e-01   5.539421e-19   2.584500e-04   2.545712e-20   408
  3.683844e-01   2.675812e-19   5.619580e-09   3.090991e-20   24
  3.691684e-01   5.542377e-19   2.610810e-04   2.834519e-20   384
  3.702633e-01   4.784715e-19   2.550855e-04   3.137253e-20   240
  3.712141e-01   5.580662e-19   2.569535e-04   3.382426e-20   168
  3.725471e-01   5.440841e-19   0.000000e+00   4.790292e-20   120
  3.734064e-01   5.154934e-19   2.678605e-04   2.404291e-20   350
  3.748037e-01   6.733579e-19   4.409502e-04   3.782937e-20   384
  3.756388e-01   6.241532e-19   0.000000e+00   5.844674e-20   144
  3.771752e-01   4.937764e-19   5.298191e-09   2.924868e-20   288
  3.779773e-01   5.707344e-19   2.524053e-04   3.657660e-20   336
  3.790686e-01   3.927589e-19   2.297941e-04   2.121896e-20   168
  3.797219e-01   5.145710e-19   1.506181e-08   2.808055e-20   336
  3.810732e-01   5.037139e-19   2.385126e-04   2.655209e-20   288
  3.818848e-01   5.301718e-19   2.247398e-04   2.711722e-20   264
  3.832590e-01   4.692124e-19   0.000000e+00   2.857339e-20   240
  3.837616e-01   5.090586e-19   0.000000e+00   4.706989e-20   96
  3.855656e-01   5.077907e-19   3.056310e-04   2.407191e-20   360
  3.864075e-01   5.006612e-19   2.253025e-04   4.078418e-20   168
  3.874713e-01   4.152119e-19   2.456032e-04   1.895086e-20   456
  3.887523e-01   3.993280e-19   7.064254e-09   2.531139e-20   108
  3.894728e-01   3.583268e-19   2.464311e-04   2.502447e-20   264
  3.903716e-01   3.838665e-19   2.198567e-04   2.450554e-20   264
  3.916025e-01   4.293202e-19   2.074668e-04   2.186923e-20   312
  3.931351e-01   4.788862e-19   1.541705e-04   3.214986e-20   270
  3.937775e-01   4.468876e-19   1.957388e-04   2.692787e-20   240
  3.949323e-01   4.906212e-19   2.421536e-04   2.633778e-20   384
  3.956334e-01   4.473049e-19   7.947286e-09   2.912895e-20   192
  3.969952e-01   5.311261e-19   1.942960e-04   3.408826e-20   240
  3.977852e-01   4.645678e-19   2.397927e-04   2.572709e-20   336
  3.992708e-01   4.321039e-19   2.413972e-04   2.044588e-20   480
  4.004761e-01   5.042185e-19   5.298191e-09   5.001566e-20   72
  4.011493e-01   4.823546e-19   2.353842e-04   4.562508e-20   240
  4.020650e-01   3.761186e-19   2.212289e-04   2.210143e-20   312
  4.031147e-01   3.192126e-19   2.390954e-04   1.795388e-20   240
  4.047009e-01   4.071166e-19   1.816506e-04   2.350798e-20   408
  4.053288e-01   4.093316e-19   1.663482e-04   2.185460e-20   336
  4.065560e-01   4.308810e-19   2.112212e-04   2.880176e-20   264
  4.071591e-01   2.250661e-19   0.000000e+00   1.309927e-20   144
  4.088370e-01   3.302702e-19   2.927651e-04   1.614187e-20   464
  4.097211e-01   3.427218e-19   2.328083e-04   2.160675e-20   168
  4.105939e-01   2.487639e-19   2.120376e-04   1.232569e-20   336
  4.121713e-01   3.969748e-19   2.227870e-04   2.039491e-20   414
  4.130606e-01   4.146233e-19   2.319080e-04   2.966994e-20   216
  4.141998e-01   6.369552e-19   5.619580e-09   6.004527e-20   96
  4.146649e-01   3.820371e-19   1.376510e-08   2.410119e-20   384
  4.162944e-01   3.656953e-19   2.314600e-04   1.754648e-20   492
  4.171676e-01   4.652769e-19   2.263480e-04   3.246700e-20   240
  4.181546e-01   3.588237e-19   2.298225e-04   1.966514e-20   312
  4.195176e-01   2.362396e-19   2.297469e-04   2.534986e-20   192
  4.203810e-01   3.253000e-19   2.226525e-04   1.711659e-20   504
  4.215265e-01   3.578596e-19   1.473998e-04   2.247512e-20   408
  4.224284e-01   2.555979e-19   4.515774e-04   1.800493e-20   168
  4.235571e-01   4.455334e-19   2.145032e-04   2.282687e-20   288
  4.245041e-01   3.276410e-19   2.238525e-04   2.079237e-20   288
  4.254743e-01   2.227080e-19   2.251410e-04   1.065638e-20   432
  4.268815e-01   2.729869e-19   2.129084e-04   2.059826e-20   216
  4.276334e-01   2.709547e-19   2.124592e-04   1.376594e-20   360
  4.289721e-01   3.346754e-19   2.073582e-04   1.901296e-20   312
  4.301803e-01   3.229419e-19   0.000000e+00   2.862508e-20   48
  4.308767e-01   2.714871e-19   2.223178e-04   1.232360e-20   432
  4.321240e-01   2.911753e-19   3.708284e-04   1.762348e-20   414
  4.328606e-01   3.219642e-19   8.470833e-09   2.430405e-20   312
  4.342347e-01   2.992635e-19   3.253813e-04   1.749809e-20   528
  4.351620e-01   3.249180e-19   1.707976e-04   2.234620e-20   264
  4.362761e-01   3.568172e-19   2.025191e-04   2.266248e-20   480
  4.377318e-01   3.092335e-19   0.000000e+00   2.315157e-20   288
  4.383604e-01   2.402380e-19   2.176005e-04   1.665639e-20   168
  4.395105e-01   3.321551e-19   3.444610e-04   1.717470e-20   504
  4.408036e-01   4.252725e-19   5.298191e-09   3.573514e-20   144
  4.416171e-01   2.295501e-19   2.212265e-04   8.504430e-21   464
  4.428396e-01   2.930249e-19   3.246624e-04   1.641170e-20   432
  4.434197e-01   2.517732e-19   5.619580e-09   2.172957e-20   192
  4.449189e-01   2.382914e-19   2.406833e-04   1.347314e-20   396
  4.458042e-01   2.118555e-19   2.162000e-04   1.625642e-20   288
  4.466990e-01   2.300963e-19   2.135686e-04   1.570111e-20   336
  4.481283e-01   2.360564e-19   1.352359e-04   1.396524e-20   432
  4.490354e-01   2.166781e-19   3.505126e-04   1.087360e-20   360
  4.500539e-01   2.217953e-19   2.073334e-04   1.013625e-20   384
  4.515004e-01   2.401325e-19   1.830116e-04   2.007948e-20   198
  4.521974e-01   2.568132e-19   2.080246e-04   1.489541e-20   552
  4.534970e-01   3.287063e-19   2.912202e-04   2.041941e-20   432
  4.545821e-01   2.386857e-19   1.112388e-08   1.823920e-20   168
  4.554927e-01   3.358973e-19   3.610065e-04   2.015563e-20   480
  4.566974e-01   2.103460e-19   0.000000e+00   1.617221e-20   120
  4.572396e-01   3.120952e-19   2.948545e-04   2.265054e-20   336
  4.585628e-01   2.095101e-19   2.080152e-04   9.289799e-21   672
  4.598711e-01   2.600069e-19   3.025866e-04   1.420266e-20   528
  4.604805e-01   1.257858e-19   9.082613e-09   8.745904e-21   168
  4.618883e-01   2.405636e-19   3.375333e-04   1.319599e-20   456
  4.627474e-01   2.886973e-19   2.061344e-04   2.833269e-20   168
  4.636392e-01   2.179811e-19   2.057643e-04   1.068898e-20   504
  4.651216e-01   1.529854e-19   2.647872e-04   1.097709e-20   336
  4.660180e-01   2.086322e-19   1.908802e-04   1.503012e-20   312
  4.670124e-01   2.360851e-19   1.865029e-04   1.346029e-20   504
  4.683210e-01   1.860409e-19   1.294009e-04   1.043898e-20   432
  4.689362e-01   1.999389e-19   1.999672e-04   1.383509e-20   312
  4.702151e-01   1.986540e-19   2.049761e-04   1.120246e-20   384
  4.715504e-01   3.062949e-19   1.741510e-04   4.086596e-20   126
  4.723748e-01   3.102037e-19   3.057676e-04   2.092567e-20   492
  4.734278e-01   2.453352e-19   1.958445e-04   1.522983e-20   528
  4.747438e-01   2.076812e-19   1.989360e-04   1.302783e-20   480
  4.755596e-01   2.482354e-19   2.748289e-04   1.451623e-20   432
  4.767402e-01   2.047888e-19   2.161166e-04   1.283954e-20   440
  4.781114e-01   2.942775e-19   1.074739e-04   2.031939e-20   312
  4.786259e-01   1.728516e-19   1.610586e-04   1.033080e-20   480
  4.796813e-01   2.122957e-19   3.153497e-04   1.384415e-20   408
  4.812233e-01   2.619682e-19   1.888588e-04   1.619223e-20   360
  4.818747e-01   2.033387e-19   1.822418e-04   1.343110e-20   408
  4.830820e-01   1.552754e-19   1.854542e-04   1.043394e-20   456
  4.844414e-01   2.090564e-19   1.772485e-04   1.627748e-20   264
  4.851959e-01   2.109786e-19   1.923591e-04   1.173149e-20   384
  4.862943e-01   1.692356e-19   3.238501e-04   9.110971e-21   672
  4.875640e-01   2.413838e-19   1.937042e-04   1.931043e-20   240
  4.882967e-01   1.556689e-19   1.965613e-04   1.005704e-20   264
  4.893308e-01   1.245447e-19   2.424259e-04   7.060201e-21   624
  4.908739e-01   1.379938e-19   0.000000e+00   1.622565e-20   150
  4.914232e-01   2.312053e-19   2.716574e-04   1.310662e-20   600
  4.925819e-01   2.257001e-19   1.874909e-04   1.206243e-20   672
  4.938939e-01   1.460741e-19   1.763484e-04   1.153105e-20   336
  4.946248e-01   2.238941e-19   1.918157e-04   1.587386e-20   408
  4.957926e-01   2.223567e-19   1.913639e-04   1.801677e-20   408
  4.970915e-01   2.109625e-19   9.676385e-05   1.308972e-20   360
  4.978921e-01   2.211167e-19   3.552857e-04   1.697842e-20   456
  4.988592e-01   1.621944e-19   1.932065e-04   1.368285e-20   384
  5.000902e-01   1.076437e-19   1.783541e-04   6.597801e-21   348
  5.007554e-01   1.989892e-19   2.198754e-04   1.090641e-20   576
  5.020050e-01   1.378365e-19   1.810385e-04   7.833023e-21   504
  5.032833e-01   1.648046e-19   2.553443e-04   1.082308e-20   432
  5.043991e-01   1.718005e-19   3.473946e-04   9.132991e-21   576
  5.051948e-01   1.357870e-19   0.000000e+00   1.278470e-20   264
  5.064571e-01   1.378350e-19   2.764393e-04   6.468249e-21   768
  5.075549e-01   7.244046e-20   3.721752e-04   3.671775e-21   240
  5.084277e-01   1.776507e-19   3.282233e-04   1.895738e-20   192
  5.096990e-01   1.302917e-19   2.416124e-04   7.461297e-21   504
  5.106418e-01   1.978290e-19   3.255818e-04   1.120625e-20   590
  5.115460e-01   1.989977e-19   3.647966e-04   1.465392e-20   384
  5.126798e-01   1.566149e-19   3.048625e-04   1.048018e-20   504
  5.140486e-01   1.898470e-19   2.933830e-04   1.121829e-20   648
  5.153764e-01   1.383384e-19   7.967896e-05   1.085525e-20   504
  5.159117e-01   1.241768e-19   1.817627e-04   8.132481e-21   312
  5.168569e-01   1.941694e-19   2.618753e-04   1.234991e-20   576
  5.181545e-01   1.815580e-19   1.822405e-04   1.869460e-20   240
  5.189109e-01   1.082185e-19   1.841453e-04   5.240320e-21   552
  5.199816e-01   1.788411e-19   1.729082e-04   1.204889e-20   600
  5.215067e-01   1.305010e-19   2.111937e-04   7.021587e-21   600
  5.224237e-01   1.282223e-19   3.382099e-04   1.017397e-20   312
  5.233368e-01   1.682043e-19   2.945474e-04   1.064441e-20   480
  5.244775e-01   9.745791e-20   1.837693e-04   5.628959e-21   576
  5.254818e-01   1.516570e-19   2.959085e-04   1.204689e-20   408
  5.263729e-01   5.301577e-20   3.451909e-04   5.129424e-21   216
  5.275243e-01   1.338018e-19   2.643774e-04   7.870474e-21   516
  5.287578e-01   1.212904e-19   2.522429e-04   5.893831e-21   744
  5.300304e-01   1.467804e-19   1.684760e-04   9.471923e-21   462
  5.307494e-01   1.569981e-19   1.712315e-04   1.520835e-20   432
  5.318647e-01   1.676595e-19   1.588547e-04   1.178637e-20   648
  5.331761e-01   1.575300e-19   2.324340e-04   1.270421e-20   528
  5.342295e-01   1.620191e-19   2.799086e-04   9.454857e-21   600
  5.352820e-01   2.342558e-19   3.528915e-04   2.015570e-20   240
  5.363014e-01   1.350669e-19   2.703115e-04   9.130247e-21   720
  5.374863e-01   1.385809e-19   2.138653e-04   7.963712e-21   720
  5.387997e-01   4.040589e-20   0.000000e+00   3.437382e-21   144
  5.394909e-01   1.569889e-19   2.757364e-04   9.908478e-21   720
  5.404742e-01   1.419852e-19   1.653370e-04   1.029330e-20   384
  5.417051e-01   9.835504e-20   1.832848e-04   5.891353e-21   672
  5.428730e-01   1.591082e-19   3.209115e-04   1.513188e-20   336
  5.434308e-01   1.128355e-19   0.000000e+00   9.664149e-21   288
  5.447967e-01   9.230045e-20   2.539800e-04   4.991942e-21   776
  5.460612e-01   9.454891e-20   2.173184e-04   5.504619e-21   720
  5.471231e-01   8.027436e-20   1.750659e-04   5.051647e-21   432
  5.479725e-01   1.166561e-19   2.495786e-04   7.042163e-21   504
  5.489174e-01   1.168018e-19   1.748652e-04   7.373453e-21   528
  5.502396e-01   1.268979e-19   2.382437e-04   1.168883e-20   438
  5.513273e-01   1.606020e-19   2.772938e-04   1.258930e-20   624
  5.521470e-01   1.377677e-19   3.396475e-04   1.234908e-20   312
  5.532738e-01   1.548015e-19   1.829935e-04   8.849728e-21   696
  5.544390e-01   1.211880e-19   1.655760e-04   8.549026e-21   552
  5.556509e-01   1.330064e-19   1.281006e-04   9.969868e-21   516
  5.564006e-01   1.529423e-19   2.558713e-04   1.122351e-20   528
  5.573133e-01   5.083028e-20   1.664001e-04   2.367847e-21   528
  5.586097e-01   1.206856e-19   2.194479e-04   7.497984e-21   864
  5.594897e-01   1.064703e-19   3.005985e-04   8.365228e-21   408
  5.603706e-01   1.781496e-19   2.978186e-04   1.402840e-20   192
  5.616191e-01   8.046287e-20   2.464592e-04   5.038157e-21   720
  5.626731e-01   9.466160e-20   2.272475e-04   6.356978e-21   696
  5.639255e-01   8.874836e-20   2.454294e-04   5.054398e-21   720
  5.650713e-01   1.054350e-19   3.326501e-04   6.560970e-21   432
  5.657395e-01   6.720167e-20   1.958109e-04   6.107171e-21   264
  5.669418e-01   8.631853e-20   2.704061e-04   4.734737e-21   672
  5.680171e-01   8.854871e-20   2.768544e-04   6.552746e-21   600
  5.692933e-01   4.237273e-20   1.620980e-04   3.292826e-21   270
  5.699366e-01   1.205721e-19   2.440026e-04   1.186873e-20   528
  5.709591e-01   1.104864e-19   1.670843e-04   7.197927e-21   840
  5.723613e-01   1.324080e-19   3.194952e-04   8.107644e-21   888
  5.736568e-01   8.779871e-20   2.380474e-04   6.050980e-21   744
  5.747517e-01   1.122474e-19   1.223216e-04   9.389522e-21   456
  5.752963e-01   1.856768e-19   1.671601e-04   1.629543e-20   360
  5.762282e-01   7.940425e-20   1.448348e-04   8.043896e-21   384
  5.776580e-01   9.866943e-20   2.323137e-04   5.810356e-21   816
  5.787308e-01   9.223006e-20   3.370546e-04   5.744898e-21   824
  5.800348e-01   8.804566e-20   1.566791e-04   8.864871e-21   360
  5.807331e-01   8.245407e-20   2.311994e-04   5.553856e-21   624
  5.816941e-01   1.231640e-19   1.562320e-04   1.077531e-20   360
  5.829744e-01   7.241867e-20   2.125215e-04   4.234371e-21   876
  5.841306e-01   7.184240e-20   2.524119e-04   4.793711e-21   696
  5.852967e-01   5.435392e-20   1.629911e-04   4.143765e-21   336
  5.859080e-01   9.385082e-20   1.628079e-04   6.591039e-21   504
  5.869176e-01   6.464481e-20   1.642187e-04   4.347363e-21   672
  5.884155e-01   5.639084e-20   3.269213e-04   3.259068e-21   720
  5.894543e-01   8.317322e-20   2.469541e-04   5.145053e-21   774
  5.906010e-01   1.302111e-19   1.413501e-04   1.210232e-20   384
  5.912015e-01   1.005292e-19   2.720183e-04   8.022765e-21   528
  5.921335e-01   9.647229e-20   2.592486e-04   7.471189e-21   744
  5.936327e-01   1.002365e-19   2.138251e-04   6.398448e-21   768
  5.946281e-01   8.265550e-20   2.400348e-04   6.874116e-21   552
  5.958700e-01   7.534834e-20   2.616108e-04   6.418107e-21   696
  5.967938e-01   9.770503e-20   3.179026e-04   8.019960e-21   408
  5.975272e-01   8.443399e-20   1.373364e-04   6.489277e-21   504
  5.986899e-01   6.113074e-20   2.467198e-04   3.123693e-21   888
  5.998339e-01   6.601477e-20   2.564132e-04   5.701650e-21   648
  6.010230e-01   6.240421e-20   2.542153e-04   4.478100e-21   648
  6.021418e-01   5.570904e-20   2.741064e-04   3.389740e-21   792
  6.033268e-01   5.399392e-20   4.010364e-04   3.923182e-21   600
  6.042000e-01   2.941114e-20   2.717856e-04   1.840776e-21   456
  6.051191e-01   5.347662e-20   1.324567e-04   3.507905e-21   648
  6.062996e-01   4.235249e-20   2.583099e-04   2.294597e-21   936
  6.075741e-01   6.282764e-20   1.586356e-04   3.804919e-21   384
  6.086836e-01   6.074493e-20   0.000000e+00   8.142106e-21   198
  6.095398e-01   5.448861e-20   4.024720e-04   3.259209e-21   1224
  6.104634e-01   7.298623e-20   2.931235e-04   5.900774e-21   420
  6.115558e-01   5.679675e-20   2.836822e-04   4.020774e-21   792
  6.126238e-01   4.872742e-20   2.345810e-04   3.313965e-21   680
  6.138428e-01   4.745186e-20   2.154033e-04   3.865892e-21   600
  6.148235e-01   4.239493e-20   3.123938e-04   2.708863e-21   840
  6.161330e-01   3.538442e-20   1.474979e-04   2.314211e-21   432
  6.166334e-01   4.876333e-20   1.382250e-04   3.185207e-21   720
  6.177213e-01   3.610770e-20   2.768404e-04   2.262565e-21   960
  6.190745e-01   3.478617e-20   2.467829e-04   3.113167e-21   528
  6.200634e-01   4.522976e-20   2.522592e-04   3.764779e-21   624
  6.212404e-01   3.990924e-20   1.982740e-04   2.321270e-21   816
  6.224086e-01   3.312985e-20   3.260658e-04   2.428935e-21   696
  6.236996e-01   2.320842e-20   1.798266e-08   2.129206e-21   240
  6.241851e-01   3.794308e-20   1.922888e-04   2.568583e-21   672
  6.252686e-01   3.049760e-20   3.436476e-04   2.009559e-21   864
  6.264840e-01   1.817627e-20   2.636938e-04   1.143694e-21   816
  6.275795e-01   2.250141e-20   1.509292e-04   1.758982e-21   648
  6.287594e-01   3.776815e-20   1.542771e-04   2.450866e-21   843
  6.297611e-01   3.197585e-20   2.775825e-04   2.559325e-21   780
  6.309548e-01   3.138035e-20   1.489456e-04   4.466828e-21   216
  6.316911e-01   2.945821e-20   3.591661e-04   1.964461e-21   1056
  6.328235e-01   2.042544e-20   2.938382e-04   3.525323e-21   228
  6.338720e-01   3.553277e-20   3.658358e-04   2.498955e-21   924
  6.349484e-01   2.374149e-20   1.357046e-04   1.336926e-21   696
  6.360882e-01   2.430930e-20   2.415153e-04   1.751595e-21   996
  6.372543e-01   1.478841e-20   1.425858e-04   1.578353e-21   576
  6.384675e-01   2.764268e-20   2.200718e-04   3.211448e-21   552
  6.393519e-01   2.663865e-20   2.627580e-04   1.880827e-21   516
  6.402494e-01   2.545800e-20   3.821047e-04   1.946900e-21   744
  6.412749e-01   9.805844e-21   1.874451e-04   7.847105e-22   576
  6.421669e-01   1.501044e-20   1.929285e-04   1.058187e-21   792
  6.434346e-01   1.735247e-20   2.205530e-04   1.492881e-21   792
  6.443636e-01   1.846595e-20   2.378641e-04   1.432090e-21   720
  6.456200e-01   1.360905e-20   2.711104e-04   8.750860e-22   656
  6.467974e-01   1.454483e-20   2.960385e-04   9.224474e-22   816
  6.480043e-01   1.769631e-20   1.596190e-04   1.824872e-21   492
  6.486903e-01   1.542846e-20   2.296231e-04   1.174929e-21   552
  6.499778e-01   1.091596e-20   3.992867e-04   9.544793e-22   780
  6.508139e-01   1.217321e-20   2.452771e-04   1.020820e-21   528
  6.517148e-01   8.304886e-21   2.863130e-04   7.171552e-22   600
  6.530425e-01   1.267066e-20   2.379487e-04   6.471893e-22   900
  6.539577e-01   1.092565e-20   1.317325e-04   7.506782e-22   696
  6.552168e-01   8.821847e-21   3.330907e-04   6.968435e-22   696
  6.564349e-01   4.755223e-21   1.351317e-04   2.095133e-22   552
  6.574592e-01   8.140955e-21   1.571457e-04   5.635029e-22   708
  6.585322e-01   8.654903e-21   2.594565e-04   5.342030e-22   876
  6.596487e-01   1.098450e-20   1.377663e-04   1.554102e-21   216
  6.603980e-01   9.230997e-21   3.768094e-04   5.164785e-22   1032
  6.615201e-01   5.815572e-21   4.195357e-04   4.185608e-22   600
  6.626848e-01   4.831973e-21   2.001869e-04   3.437191e-22   600
  6.635732e-01   7.503069e-21   3.535112e-04   4.548546e-22   528
  6.646233e-01   7.089505e-21   1.940622e-04   5.320737e-22   732
  6.657296e-01   9.246146e-21   1.432973e-04   8.998656e-22   336
  6.670031e-01   6.049345e-21   2.042271e-04   3.610901e-22   912
  6.679548e-01   3.554126e-21   2.049821e-04   1.723034e-22   624
  6.689946e-01   5.933852e-21   1.727341e-04   3.338352e-22   768
  6.702082e-01   4.836421e-21   3.116463e-04   2.210249e-22   792
  6.713995e-01   5.493964e-21   1.545014e-04   3.674576e-22   660
  6.722471e-01   5.329401e-21   2.276826e-04   4.417997e-22   504
  6.731238e-01   3.544593e-21   3.719898e-04   2.260698e-22   480
  6.744376e-01   3.266594e-21   3.440421e-04   1.724444e-22   912
  6.754664e-01   4.968375e-21   3.831443e-04   3.779551e-22   432
  6.764380e-01   5.163244e-21   2.275021e-04   3.858046e-22   564
  6.773006e-01   3.724798e-21   2.177508e-04   1.589486e-22   600
  6.785149e-01   5.038306e-21   3.035240e-04   2.428411e-22   876
  6.794272e-01   4.026489e-21   1.364735e-04   3.860430e-22   264
  6.806846e-01   3.389087e-21   2.648123e-04   2.457036e-22   560
  6.816953e-01   3.667362e-21   1.799457e-04   1.997712e-22   840
  6.829222e-01   2.826240e-21   2.774244e-04   1.721819e-22   1008
  6.840568e-01   1.956054e-21   1.241010e-04   9.707267e-23   456
  6.850930e-01   3.901377e-21   1.607553e-04   2.393196e-22   576
  6.860509e-01   3.174726e-21   2.470177e-04   1.741696e-22   612
  6.873140e-01   3.038107e-21   2.206269e-04   1.580461e-22   780
  6.883444e-01   2.668367e-21   2.528284e-04   1.395489e-22   648
  6.893992e-01   3.034704e-21   1.178213e-04   2.163558e-22   312
  6.900734e-01   2.229527e-21   2.993645e-04   1.274813e-22   528
  6.912414e-01   1.998246e-21   3.909551e-04   7.371831e-23   720
  6.923583e-01   3.015732e-21   3.921794e-04   1.987727e-22   576
  6.937124e-01   2.384101e-21   3.383053e-04   1.561003e-22   444
  6.945549e-01   2.301655e-21   3.317685e-04   8.601122e-23   996
  6.955874e-01   1.921370e-21   2.771265e-04   1.454948e-22   432
  6.965633e-01   2.431533e-21   3.033990e-04   1.507551e-22   504
  6.974062e-01   1.312885e-21   1.367883e-04   5.780660e-23   504
  6.986065e-01   2.484720e-21   2.692009e-04   1.152692e-22   876
  6.996926e-01   1.732271e-21   3.098246e-04   1.083483e-22   504
  7.008236e-01   1.679929e-21   1.975899e-04   8.834982e-23   696
  7.017583e-01   1.770166e-21   1.689187e-04   9.689587e-23   492
  7.030300e-01   1.507528e-21   2.418152e-04   8.422030e-23   432
  7.039719e-01   1.994340e-21   2.264335e-04   8.942164e-23   768
  7.050885e-01   1.661464e-21   2.820533e-04   8.777875e-23   648
  7.061547e-01   1.374462e-21   1.840095e-04   8.447782e-23   456
  7.073798e-01   1.685104e-21   2.530430e-04   9.220900e-23   552
  7.082306e-01   1.399492e-21   1.734358e-04   6.045881e-23   648
  7.094016e-01   1.163839e-21   2.826907e-04   4.159432e-23   840
  7.105454e-01   1.363803e-21   1.348092e-04   6.315264e-23   432
  7.116906e-01   1.587363e-21   1.651183e-04   9.517604e-23   600
  7.124870e-01   1.520057e-21   1.759227e-04   7.919861e-23   432
  7.138248e-01   1.457175e-21   1.751482e-04   6.613275e-23   560
  7.147308e-01   1.023847e-21   2.772412e-04   3.760425e-23   840
  7.158652e-01   1.132792e-21   1.642140e-04   5.855016e-23   504
  7.167662e-01   1.029367e-21   3.351509e-04   4.048873e-23   696
  7.180362e-01   1.402423e-21   1.830475e-04   7.546766e-23   384
  7.190254e-01   8.844368e-22   2.681431e-04   3.682678e-23   576
  7.202219e-01   9.325752e-22   1.654845e-04   4.909716e-23   360
  7.211864e-01   1.123531e-21   2.464465e-04   4.351560e-23   828
  7.222268e-01   9.142450e-22   2.195064e-04   5.753167e-23   372
  7.231800e-01   1.004814e-21   3.352284e-04   4.357694e-23   576
  7.244428e-01   1.060378e-21   1.403933e-04   4.070773e-23   636
  7.253425e-01   1.049962e-21   2.706420e-04   4.893854e-23   648
  7.265596e-01   7.729357e-22   2.200024e-04   3.582352e-23   576
  7.274333e-01   8.935813e-22   3.548870e-04   4.866785e-23   528
  7.285953e-01   9.936437e-22   1.517289e-04   5.709002e-23   360
  7.295571e-01   6.589515e-22   3.490332e-04   2.513539e-23   672
  7.308130e-01   9.337755e-22   1.787806e-04   3.257331e-23   804
  7.318582e-01   8.070492e-22   1.972163e-04   4.835862e-23   408
  7.330145e-01   1.078311e-21   1.219011e-04   5.977246e-23   384
  7.337931e-01   6.045093e-22   2.789567e-04   3.001395e-23   480
  7.348913e-01   7.259461e-22   1.802469e-04   4.654950e-23   432
  7.359446e-01   7.927003e-22   3.321566e-04   2.933799e-23   648
  7.371913e-01   6.808709e-22   2.061016e-04   2.712844e-23   624
  7.381033e-01   6.845250e-22   1.874668e-04   3.148697e-23   456
  7.393486e-01   6.066497e-22   2.560963e-04   2.389587e-23   588
  7.401831e-01   5.467165e-22   1.633884e-04   2.070415e-23   600
  7.414016e-01   6.399073e-22   2.548458e-04   2.772936e-23   708
  7.423640e-01   6.326353e-22   1.605479e-04   3.405930e-23   360
  7.434275e-01   6.282290e-22   1.845541e-04   2.758727e-23   552
  7.444470e-01   4.658459e-22   1.294691e-04   2.594206e-23   288
  7.454820e-01   5.644069e-22   2.434372e-04   3.040752e-23   528
  7.464545e-01   6.223536e-22   1.642340e-04   2.502749e-23   456
  7.475410e-01   5.732914e-22   2.912225e-04   2.929511e-23   608
  7.486338e-01   4.683070e-22   1.408967e-04   2.029010e-23   504
  7.498278e-01   3.900749e-22   3.024972e-04   1.452449e-23   540
  7.507642e-01   5.660644e-22   3.247222e-04   2.874747e-23   360
  7.517735e-01   6.182562e-22   1.470509e-04   2.624741e-23   540
  7.526661e-01   4.915026e-22   1.262606e-04   2.256949e-23   576
  7.539642e-01   4.928373e-22   2.927555e-04   1.960332e-23   588
  7.551985e-01   4.685512e-22   4.039143e-04   1.686011e-23   672
  7.562588e-01   4.901961e-22   3.087151e-04   1.910587e-23   552
  7.571135e-01   4.411138e-22   3.088712e-04   3.267730e-23   144
  7.582042e-01   4.831786e-22   2.624178e-04   1.931635e-23   600
  7.592383e-01   3.582633e-22   3.288668e-04   1.843949e-23   504
  7.603860e-01   4.232482e-22   3.378126e-04   2.665565e-23   336
  7.615932e-01   4.177184e-22   3.797028e-04   1.828217e-23   600
  7.626744e-01   3.699582e-22   2.450478e-04   1.634502e-23   636
  7.638413e-01   4.307943e-22   1.970206e-04   2.421431e-23   384
  7.646595e-01   3.880008e-22   2.748205e-04   1.671473e-23   504
  7.658387e-01   3.524105e-22   1.153383e-04   1.998839e-23   240
  7.667694e-01   4.168531e-22   2.709461e-04   1.543981e-23   744
  7.678860e-01   3.402938e-22   1.850150e-04   1.293553e-23   648
  7.688783e-01   5.347651e-22   1.228185e-04   4.561545e-23   120
  7.700414e-01   3.453230e-22   1.929319e-04   1.415067e-23   564
  7.709202e-01   3.669046e-22   3.030111e-04   1.718077e-23   432
  7.720932e-01   3.598916e-22   2.351965e-04   1.720753e-23   480
  7.729764e-01   2.164865e-22   1.731106e-04   1.024968e-23   456
  7.740189e-01   3.606734e-22   2.864725e-04   1.625322e-23   444
  7.752020e-01   2.613838e-22   4.383180e-04   1.207959e-23   528
  7.762412e-01   3.356244e-22   3.255297e-04   2.106467e-23   264
  7.772498e-01   2.931254e-22   3.336195e-04   1.358140e-23   444
  7.786065e-01   3.341736e-22   3.654311e-04   1.149592e-23   696
  7.797327e-01   3.244361e-22   1.954448e-04   1.867282e-23   384
  7.805563e-01   2.691301e-22   2.469609e-04   1.318584e-23   432
  7.818373e-01   2.673805e-22   1.706384e-04   1.308816e-23   488
  7.826690e-01   3.160106e-22   2.571733e-04   1.560329e-23   480
  7.838749e-01   2.722600e-22   2.868014e-04   1.406734e-23   480
  7.848089e-01   2.566651e-22   1.203331e-04   1.410395e-23   240
  7.858692e-01   3.337111e-22   2.810886e-04   1.651051e-23   600
  7.868694e-01   2.144314e-22   2.449399e-04   1.401579e-23   288
  7.879343e-01   2.720442e-22   2.356143e-04   1.322039e-23   480
  7.890129e-01   2.208378e-22   4.191157e-04   1.011621e-23   504
  7.900748e-01   2.697215e-22   1.798267e-04   1.564486e-23   216
  7.914291e-01   2.520862e-22   2.944050e-04   1.311435e-23   504
  7.924838e-01   2.106973e-22   2.367912e-04   9.166999e-24   456
  7.936384e-01   2.715207e-22   1.358038e-04   1.171643e-23   384
  7.944031e-01   2.815514e-22   2.756326e-04   1.389385e-23   480
  7.954897e-01   1.882956e-22   2.420363e-04   8.599453e-24   504
  7.964966e-01   2.315031e-22   1.535327e-04   1.596720e-23   312
  7.975815e-01   2.380284e-22   2.474127e-04   1.237029e-23   492
  7.985417e-01   2.288648e-22   2.318919e-04   1.479775e-23   312
  7.997779e-01   1.877684e-22   3.766899e-04   8.440468e-24   576
  8.008661e-01   2.222868e-22   3.477153e-04   1.432926e-23   336
  8.017699e-01   1.562254e-22   2.677247e-04   1.021714e-23   240
  8.030228e-01   1.872211e-22   3.549351e-04   8.954553e-24   468
  8.041047e-01   1.916338e-22   2.222407e-04   1.301567e-23   192
  8.052370e-01   1.797146e-22   2.229031e-04   1.069387e-23   324
  8.060669e-01   1.887735e-22   1.617794e-04   8.911831e-24   600
  8.071978e-01   2.280597e-22   2.624704e-04   1.356931e-23   456
  8.080377e-01   1.876911e-22   1.180592e-04   1.277510e-23   336
  8.094297e-01   2.311395e-22   3.535027e-04   1.159329e-23   612
  8.104424e-01   1.853057e-22   2.966749e-04   2.228120e-23   144
  8.114002e-01   1.949338e-22   3.462957e-04   9.700426e-24   552
  8.127025e-01   1.252049e-22   1.363755e-04   8.209471e-24   264
  8.134384e-01   1.899183e-22   3.157441e-04   1.293315e-23   336
  8.145992e-01   1.309353e-22   2.086329e-04   7.358815e-24   384
  8.156059e-01   2.041257e-22   1.174397e-04   1.605567e-23   216
  8.167203e-01   1.314026e-22   2.489964e-04   8.734105e-24   344
  8.177364e-01   1.326845e-22   3.715143e-04   7.072435e-24   408
  8.189746e-01   1.192326e-22   2.854845e-04   7.907157e-24   264
  8.200718e-01   1.590465e-22   3.979796e-04   7.605403e-24   612
  8.211681e-01   2.070547e-22   2.048307e-04   1.013553e-23   408
  8.222956e-01   1.652802e-22   2.051251e-04   1.197405e-23   444
  8.231239e-01   2.999383e-22   1.147249e-04   2.726978e-23   120
  8.242338e-01   1.772123e-22   3.169640e-04   1.142890e-23   336
  8.250576e-01   1.175284e-22   1.101437e-04   9.450977e-24   288
  8.261708e-01   1.294746e-22   3.427692e-04   5.660338e-24   552
  8.277012e-01   1.828098e-22   0.000000e+00   3.246006e-23   72
  8.284882e-01   1.222198e-22   3.404572e-04   6.091405e-24   504
  8.294074e-01   7.812493e-23   1.095558e-04   5.717526e-24   216
  8.305983e-01   1.174241e-22   1.956043e-04   8.695185e-24   312
  8.316675e-01   1.074388e-22   2.227263e-04   6.686399e-24   336
  8.326865e-01   1.181093e-22   3.087236e-04   1.175252e-23   204
  8.337014e-01   1.466441e-22   3.587838e-04   7.500095e-24   504
  8.347777e-01   1.747205e-22   3.416652e-04   1.226468e-23   396
  8.358127e-01   1.357758e-22   3.133249e-04   8.981561e-24   312
  8.370674e-01   1.849382e-22   1.914750e-04   1.305904e-23   216
  8.379516e-01   1.157179e-22   1.039172e-04   1.054739e-23   168
  8.390260e-01   1.144947e-22   2.623966e-04   5.847509e-24   588
  8.402521e-01   7.965243e-23   3.561727e-04   6.652514e-24   240
  8.412047e-01   9.005622e-23   3.145601e-04   7.658212e-24   264
  8.423219e-01   1.003906e-22   3.890183e-04   9.566200e-24   288
  8.433131e-01   9.616408e-23   1.942596e-04   8.216236e-24   288
  8.445693e-01   9.050982e-23   1.824406e-04   5.899113e-24   288
  8.454153e-01   8.137435e-23   2.113423e-04   6.267606e-24   192
  8.464795e-01   6.406809e-23   2.248894e-04   4.356446e-24   264
  8.474933e-01   1.762177e-22   3.699119e-04   1.052621e-23   372
  8.485844e-01   1.517935e-22   3.995208e-04   1.010882e-23   360
  8.499161e-01   1.568258e-22   1.690810e-04   1.724251e-23   144
  8.506044e-01   7.360992e-23   2.348461e-04   7.164059e-24   296
  8.516909e-01   9.089350e-23   2.530345e-04   7.183248e-24   288
  8.529347e-01   9.876182e-23   3.781537e-04   6.720444e-24   480
  8.540076e-01   6.457549e-23   3.142096e-04   7.306780e-24   192
  8.550509e-01   1.287975e-22   3.370327e-04   1.127842e-23   192
  8.559992e-01   1.013637e-22   2.147949e-04   9.731991e-24   288
  8.573180e-01   3.823270e-23   1.869760e-04   3.786270e-24   108
  8.579823e-01   9.671375e-23   1.797545e-04   6.973203e-24   240
  8.591554e-01   6.099764e-23   3.353363e-04   3.869901e-24   384
  8.603605e-01   9.955361e-23   4.090722e-04   1.270366e-23   108
  8.614261e-01   1.355961e-22   2.398466e-04   8.784432e-24   348
  8.625466e-01   8.105113e-23   2.503134e-04   7.148465e-24   312
  8.635474e-01   6.755147e-23   2.432319e-04   1.236760e-23   96
  8.644677e-01   7.527949e-23   3.238194e-04   6.065466e-24   384
  8.654984e-01   8.720516e-23   2.227222e-04   1.109264e-23   144
  8.665066e-01   7.746588e-23   3.422225e-04   5.078471e-24   408
  8.677598e-01   3.919275e-23   1.526554e-04   3.428275e-24   144
  8.689437e-01   7.415758e-23   2.934816e-04   9.207698e-24   192
  8.696459e-01   1.127267e-22   3.303190e-04   1.159054e-23   144
  8.707904e-01   4.019149e-23   2.685615e-04   3.843772e-24   144
  8.718702e-01   6.932225e-23   3.282257e-04   4.578206e-24   336
  8.731927e-01   3.856798e-23   2.428454e-04   2.888860e-24   240
  8.740312e-01   7.092168e-23   1.102739e-04   1.118495e-23   96
  8.752007e-01   9.526704e-23   3.233803e-04   8.501162e-24   372
  8.763838e-01   7.301294e-23   3.846540e-04   1.141460e-23   132
  8.774230e-01   3.522433e-23   2.380193e-04   2.078933e-24   264
  8.783527e-01   8.536795e-23   1.827880e-04   8.529021e-24   168
  8.793449e-01   6.852561e-23   2.922429e-04   6.296636e-24   216
  8.802213e-01   6.072211e-23   1.787978e-04   8.897937e-24   216
  8.814979e-01   3.261886e-23   3.280196e-04   3.181797e-24   96
  8.826561e-01   8.657739e-23   2.140028e-04   1.301792e-23   120
  8.837183e-01   4.313042e-23   2.720578e-04   3.949541e-24   216
  8.845934e-01   4.227293e-23   1.188902e-04   3.917830e-24   200
  8.857519e-01   4.701678e-23   3.077557e-04   4.787134e-24   288
  8.872378e-01   1.706535e-23   8.097649e-05   1.548877e-24   144
  8.878635e-01   4.993600e-23   2.519939e-04   5.912577e-24   168
  8.891412e-01   7.468873e-23   2.835956e-04   1.021798e-23   159
  8.901386e-01   4.866188e-23   2.975600e-04   7.793856e-24   174
  8.911039e-01   3.501049e-23   2.698170e-04   2.878629e-24   144
  8.923678e-01   4.889417e-23   1.557998e-04   5.889006e-24   222
  8.932131e-01   3.239211e-23   1.572158e-04   3.139955e-24   168
  8.946732e-01   1.304448e-22   3.448346e-04   4.292315e-23   30
  8.952763e-01   1.375409e-23   3.044637e-04   1.507217e-24   72
  8.964123e-01   3.731972e-23   2.717302e-04   3.487561e-24   258
  8.976612e-01   2.874728e-23   1.701916e-04   2.296343e-24   264
  8.982857e-01   3.075905e-23   1.835347e-08   5.323883e-24   72
  8.995871e-01   2.705809e-23   3.373270e-04   5.455110e-24   174
  9.007654e-01   3.475755e-23   3.591909e-04   5.123552e-24   168
  9.017127e-01   8.856353e-24   1.123916e-08   8.759281e-25   48
  9.027297e-01   2.019434e-23   2.028435e-04   3.184519e-24   150
  9.039088e-01   4.224058e-23   3.731453e-04   3.126789e-24   168
  9.050911e-01   2.020291e-23   2.273028e-04   1.456971e-24   144
  9.061784e-01   4.591560e-23   2.123525e-04   8.285535e-24   102
  9.069882e-01   1.391917e-23   3.143182e-04   1.214380e-24   96
  9.082731e-01   1.234443e-23   3.119397e-04   9.341693e-25   120
  9.092246e-01   1.014420e-23   3.345635e-04   7.469060e-25   168
  9.102538e-01   4.280420e-23   2.470487e-04   3.819168e-24   126
  9.111308e-01   1.980414e-23   1.863241e-04   2.129736e-24   168
  9.123389e-01   1.088484e-23   2.987709e-04   9.949827e-25   72
  9.133947e-01   1.244553e-23   3.741278e-04   1.012211e-24   168
  9.143196e-01   1.988877e-23   1.025668e-04   3.185048e-24   78
  9.155870e-01   1.046250e-23   1.684070e-04   7.551096e-25   60
  9.166075e-01   4.909147e-23   2.731835e-04   4.289062e-24   96
  9.176659e-01   1.519900e-23   3.314854e-04   1.000636e-24   168
  9.186605e-01   1.644103e-23   2.097511e-04   2.881195e-24   86
  9.197042e-01   7.127377e-24   1.874678e-04   7.299239e-25   120
  9.212002e-01   1.056581e-23   1.336894e-04   8.572853e-25   168
  9.220069e-01   7.625641e-24   0.000000e+00   7.451922e-25   48
  9.230934e-01   2.269657e-23   2.435676e-04   2.518863e-24   120
  9.237177e-01   1.359897e-23   1.776924e-04   2.012925e-24   126
  9.252418e-01   1.192616e-23   3.125113e-04   9.674765e-25   96
  9.262310e-01   1.477115e-23   9.011285e-05   1.222714e-24   96
  9.270111e-01   7.799506e-24   1.059638e-08   6.774338e-25   72
  9.286731e-01   8.771491e-24   1.123916e-08   9.026992e-25   24
  9.297104e-01   1.599672e-23   1.854501e-04   2.333666e-24   120
  9.305196e-01   1.234257e-23   2.705147e-04   1.340512e-24   126
  9.314194e-01   6.543525e-24   2.255107e-04   7.886827e-25   96
  9.324708e-01   3.934966e-24   3.897482e-04   2.909820e-25   72
  9.336415e-01   7.597415e-24   1.685792e-04   6.082456e-25   144
  9.346046e-01   8.284515e-24   9.723254e-05   7.952053e-25   72
  9.355666e-01   1.379467e-23   1.942081e-04   3.092821e-24   54
  9.364132e-01   1.499498e-23   1.711436e-04   2.477977e-24   108
  9.381728e-01   1.132891e-23   1.677650e-04   1.236700e-24   72
  9.387206e-01   9.876993e-24   9.680617e-05   9.381289e-25   72
  9.400202e-01   1.008564e-23   1.946680e-08   1.707797e-24   24
  9.412498e-01   2.942610e-24   2.047976e-04   3.243236e-25   48
  9.419964e-01   9.261919e-24   1.560029e-04   1.548002e-24   102
  9.431203e-01   6.772022e-24   3.528137e-04   6.425080e-25   168
  9.445889e-01   4.954583e-24   1.924163e-04   4.206923e-25   72
  9.451330e-01   4.342065e-24   0.000000e+00   5.901694e-25   48
  9.462744e-01   9.472035e-24   3.309678e-04   1.000240e-24   120
  9.477807e-01   6.609566e-24   2.033864e-04   5.481683e-25   96
  9.492033e-01   1.003117e-23   1.798266e-08   1.748941e-24   30
  9.508942e-01   1.184967e-23   9.555995e-05   1.455543e-24   72
  9.516372e-01   8.058968e-24   1.123916e-08   9.634894e-25   24
  9.525916e-01   2.905601e-24   1.416435e-04   3.142602e-25   56
  9.536606e-01   2.910420e-24   2.021324e-04   1.846782e-25   96
  9.549399e-01   6.242760e-24   2.232036e-04   4.947409e-25   144
  9.559263e-01   7.444001e-24   1.267263e-04   1.697745e-24   54
  9.573592e-01   4.107366e-24   1.898493e-04   2.907419e-25   108
  9.588012e-01   9.610686e-24   1.005243e-04   1.128603e-24   48
  9.601739e-01   5.231987e-24   3.785063e-04   5.378396e-25   72
  9.634680e-01   7.950696e-24   2.500803e-04   7.613371e-25   78
  9.643808e-01   2.503206e-24   1.884669e-04   2.514362e-25   72
  9.654462e-01   3.250171e-24   1.882329e-04   3.493241e-25   72
  9.665603e-01   4.588827e-24   4.542266e-04   5.132746e-25   96
  9.674408e-01   3.185427e-24   1.878449e-04   2.821026e-25   72
  9.685029e-01   3.796712e-24   0.000000e+00   4.596575e-25   24
  9.695638e-01   4.529734e-24   3.748416e-04   4.053540e-25   72
  9.719599e-01   4.033902e-24   2.380359e-04   6.961151e-25   30
  9.724755e-01   4.865884e-24   0.000000e+00   4.375111e-25   24
  9.752466e-01   2.132778e-24   1.976584e-04   2.550053e-25   48
  9.761159e-01   3.860659e-24   4.253608e-04   4.892061e-25   120
  9.772870e-01   2.229743e-24   1.859776e-04   1.808842e-25   72
  9.784697e-01   2.699928e-24   1.857528e-04   3.048335e-25   36
  9.792826e-01   4.387916e-24   3.671339e-04   5.902803e-25   78
  9.815513e-01   4.214018e-24   1.963888e-04   4.471441e-25   48
  9.844928e-01   5.422151e-24   1.589457e-08   4.888974e-25   24
  9.865884e-01   1.435308e-24   1.367612e-04   1.400658e-25   56
  9.876436e-01   1.961871e-24   2.104496e-04   1.763511e-25   102
  9.889860e-01   2.435322e-24   1.498555e-08   2.333974e-25   72
  9.897653e-01   3.635753e-24   1.123916e-08   5.120831e-25   24
  9.911277e-01   2.129803e-24   1.944913e-04   1.858765e-25   48
  9.936528e-01   2.780186e-24   0.000000e+00   5.093666e-25   24
  9.967520e-01   3.707602e-24   0.000000e+00   7.189479e-25   6
  9.977185e-01   9.983873e-25   0.000000e+00   1.379153e-25   24
  9.983623e-01   1.456247e-24   1.820511e-04   1.119263e-25   72
  9.995384e-01   2.308841e-24   3.396336e-04   1.590112e-25   84
  1.000805e+00   2.132131e-24   0.000000e+00   2.708758e-25   24
  1.001190e+00   2.790494e-24   1.589457e-08   2.170234e-25   24
  1.003114e+00   3.492044e-24   1.946680e-08   4.922629e-25   24
  1.005800e+00   2.841442e-24   0.000000e+00   4.260725e-25   6
  1.009244e+00   1.128689e-24   1.910001e-04   1.121422e-25   48
  1.010072e+00   1.478283e-24   3.598129e-04   1.134840e-25   72
  1.011152e+00   2.000583e-24   1.906396e-04   1.908824e-25   48
  1.012867e+00   2.247251e-24   0.000000e+00   2.592172e-25   24
  1.015148e+00   1.528636e-24   0.000000e+00   3.341799e-25   6
  1.020262e+00   8.246962e-25   0.000000e+00   1.979848e-25   8
  1.020640e+00   1.125708e-24   1.123916e-08   9.533976e-26   48
  1.021546e+00   1.280865e-24   1.848806e-04   1.081132e-25   60
  1.022904e+00   1.783242e-24   0.000000e+00   2.882707e-25   24
  1.024787e+00   2.700778e-24   0.000000e+00   6.341839e-25   6
  1.031723e+00   1.197307e-24   0.000000e+00   1.838703e-25   24
  1.032283e+00   1.286905e-24   1.867372e-04   1.105686e-25   48
  1.033217e+00   1.228331e-24   0.000000e+00   1.100514e-25   24
  1.034708e+00   1.190992e-24   0.000000e+00   3.038079e-25   6
  1.043181e+00   9.413827e-25   1.742080e-04   1.012521e-25   36
  1.043797e+00   7.600511e-25   0.000000e+00   8.220977e-26   24
  1.044904e+00   7.164949e-25   0.000000e+00   1.347664e-25   6
  1.054545e+00   8.975041e-25   1.583190e-04   1.034206e-25   32
  1.055367e+00   9.798008e-25   0.000000e+00   2.762759e-25   6
  1.065728e+00   8.916873e-25   0.000000e+00   1.698647e-25   12
  1.066089e+00   1.416065e-24   0.000000e+00   3.244593e-25   6
  1.077063e+00   3.315966e-25   0.000000e+00   8.003059e-26   6
