# power spectrum of B
# redshift z=-0.029939
# k              Pk             sigma(k)       sigma(Pk)      count
  1.963495e-02   7.418122e-17   0.000000e+00   3.619826e-18   6
  2.776802e-02   8.797776e-17   0.000000e+00   1.394280e-17   12
  3.400874e-02   5.433124e-17   3.725290e-10   1.049145e-17   8
  3.926991e-02   1.838206e-16   0.000000e+00   5.896175e-17   6
  4.390509e-02   1.652312e-16   7.024475e-10   2.026230e-17   24
  4.809562e-02   1.173778e-16   7.024475e-10   2.733711e-17   24
  5.553604e-02   1.177775e-16   0.000000e+00   3.508528e-17   12
  5.890486e-02   1.245562e-16   7.947286e-10   1.884686e-17   30
  6.209118e-02   1.402309e-16   0.000000e+00   1.440058e-17   24
  6.512178e-02   1.089369e-16   1.216675e-09   1.836938e-17   24
  6.801748e-02   6.785950e-17   7.450581e-10   4.035898e-18   8
  7.079483e-02   9.092248e-17   9.934107e-10   1.423588e-17   24
  7.346727e-02   8.860971e-17   0.000000e+00   1.135660e-17   48
  7.853982e-02   1.430398e-16   0.000000e+00   9.503396e-18   6
  8.095699e-02   8.456075e-17   9.934107e-10   8.161678e-18   48
  8.330406e-02   7.250541e-17   9.365966e-10   1.117532e-17   36
  8.558678e-02   9.295905e-17   9.934107e-10   1.237486e-17   24
  8.781018e-02   7.132529e-17   1.404895e-09   5.221165e-18   24
  8.997866e-02   7.170562e-17   0.000000e+00   8.971366e-18   48
  9.209610e-02   5.267355e-17   1.404895e-09   1.055830e-17   24
  9.619124e-02   6.809216e-17   1.404895e-09   1.122526e-17   24
  9.817477e-02   5.131274e-17   0.000000e+00   6.768262e-18   30
  1.001190e-01   6.112366e-17   0.000000e+00   5.474155e-18   72
  1.020262e-01   4.981530e-17   1.490116e-09   6.409700e-18   32
  1.057375e-01   5.135001e-17   0.000000e+00   4.146289e-18   72
  1.075451e-01   5.577889e-17   0.000000e+00   5.326675e-18   48
  1.110721e-01   4.965388e-17   0.000000e+00   1.076445e-17   12
  1.127942e-01   5.265462e-17   0.000000e+00   3.863472e-18   48
  1.144905e-01   5.312974e-17   0.000000e+00   6.463092e-18   48
  1.161620e-01   4.202071e-17   1.404895e-09   4.014298e-18   48
  1.178097e-01   4.770920e-17   1.589457e-09   5.509172e-18   30
  1.194348e-01   4.415294e-17   0.000000e+00   6.766439e-18   24
  1.210380e-01   5.605189e-17   2.961779e-09   4.487478e-18   72
  1.241824e-01   3.708631e-17   0.000000e+00   5.048543e-18   24
  1.257251e-01   4.479111e-17   0.000000e+00   2.921094e-18   96
  1.272490e-01   3.720928e-17   0.000000e+00   3.790085e-18   48
  1.287550e-01   3.835187e-17   2.433349e-09   4.711171e-18   24
  1.302436e-01   5.272787e-17   2.433349e-09   5.731820e-18   24
  1.317153e-01   3.330096e-17   0.000000e+00   2.544650e-18   72
  1.331707e-01   3.394406e-17   0.000000e+00   3.643327e-18   48
  1.360350e-01   2.140143e-17   1.490116e-09   5.067695e-18   8
  1.374447e-01   3.385404e-17   1.766064e-09   2.899041e-18   54
  1.388401e-01   3.522913e-17   0.000000e+00   3.013866e-18   84
  1.402216e-01   3.843054e-17   0.000000e+00   3.184236e-18   48
  1.415897e-01   3.230877e-17   1.986821e-09   5.475809e-18   24
  1.429446e-01   3.515723e-17   2.649095e-09   1.809552e-18   72
  1.442869e-01   3.181935e-17   0.000000e+00   2.169085e-18   96
  1.469345e-01   3.187801e-17   0.000000e+00   4.641309e-18   48
  1.482407e-01   3.122220e-17   0.000000e+00   4.041902e-18   48
  1.495354e-01   3.144663e-17   0.000000e+00   3.861859e-18   24
  1.508189e-01   3.436016e-17   0.000000e+00   2.821347e-18   72
  1.533539e-01   1.968208e-17   0.000000e+00   1.999772e-18   72
  1.546058e-01   2.321394e-17   0.000000e+00   1.864450e-18   96
  1.570796e-01   1.985244e-17   0.000000e+00   2.589379e-18   6
  1.583021e-01   2.390603e-17   0.000000e+00   2.135169e-18   96
  1.595151e-01   2.391881e-17   1.986821e-09   1.693758e-18   96
  1.607190e-01   1.639512e-17   0.000000e+00   2.655831e-18   24
  1.619140e-01   2.823170e-17   1.986821e-09   3.426746e-18   48
  1.631002e-01   2.829131e-17   0.000000e+00   2.079702e-18   96
  1.642778e-01   2.495969e-17   0.000000e+00   3.367890e-18   48
  1.666081e-01   1.848211e-17   1.873193e-09   2.582411e-18   36
  1.677611e-01   2.204327e-17   3.441276e-09   2.031076e-18   48
  1.689063e-01   1.926900e-17   3.893359e-09   1.180988e-18   120
  1.700437e-01   2.170168e-17   0.000000e+00   1.653553e-18   56
  1.711736e-01   1.636570e-17   1.986821e-09   3.353947e-18   24
  1.722960e-01   1.889755e-17   0.000000e+00   1.374964e-18   96
  1.734112e-01   1.958594e-17   0.000000e+00   2.031312e-18   48
  1.756204e-01   1.900353e-17   2.809790e-09   2.858321e-18   24
  1.767146e-01   1.949265e-17   0.000000e+00   1.286930e-18   102
  1.778021e-01   2.345113e-17   1.986821e-09   2.962483e-18   48
  1.788829e-01   2.480442e-17   0.000000e+00   1.580958e-18   72
  1.799573e-01   1.618355e-17   0.000000e+00   1.820818e-18   48
  1.810253e-01   1.969874e-17   0.000000e+00   1.931027e-18   48
  1.820871e-01   2.192135e-17   4.495664e-09   1.974129e-18   120
  1.841922e-01   1.553481e-17   2.809790e-09   1.544343e-18   24
  1.852358e-01   1.691206e-17   2.649095e-09   8.988377e-19   144
  1.862735e-01   1.952299e-17   3.178914e-09   1.439973e-18   120
  1.873055e-01   1.984038e-17   2.809790e-09   2.031771e-18   48
  1.893526e-01   1.808946e-17   2.809790e-09   1.564790e-18   48
  1.903679e-01   1.897354e-17   2.809790e-09   1.288705e-18   96
  1.930487e-01   1.422076e-17   4.711199e-04   1.301552e-18   72
  1.943761e-01   1.537825e-17   2.497591e-09   1.234722e-18   108
  1.953653e-01   1.771408e-17   0.000000e+00   1.345338e-18   72
  1.963495e-01   1.835309e-17   0.000000e+00   4.434653e-18   30
  1.973288e-01   1.583844e-17   0.000000e+00   9.303918e-19   168
  1.983033e-01   1.876651e-17   0.000000e+00   2.277027e-18   48
  2.002380e-01   1.722266e-17   0.000000e+00   1.394548e-18   72
  2.011984e-01   1.528737e-17   0.000000e+00   1.083722e-18   96
  2.021542e-01   1.401443e-17   5.298191e-09   1.232405e-18   72
  2.031055e-01   1.447131e-17   0.000000e+00   1.407287e-18   72
  2.047049e-01   1.475532e-17   4.350048e-04   8.277651e-19   104
  2.059331e-01   1.462570e-17   3.746387e-09   8.111286e-19   144
  2.087224e-01   1.488400e-17   6.282881e-09   1.393598e-18   96
  2.096439e-01   1.443868e-17   0.000000e+00   1.019179e-18   96
  2.111095e-01   1.762205e-17   4.475232e-04   1.185117e-18   120
  2.123845e-01   1.384637e-17   0.000000e+00   7.671774e-19   120
  2.132902e-01   1.462392e-17   0.000000e+00   1.522189e-18   72
  2.150901e-01   1.412941e-17   0.000000e+00   1.412128e-18   48
  2.159845e-01   1.215444e-17   4.890638e-09   9.214643e-19   78
  2.171286e-01   1.338812e-17   4.007142e-04   7.973712e-19   168
  2.195255e-01   1.107619e-17   4.588368e-09   5.883642e-19   144
  2.204018e-01   1.415266e-17   3.746387e-09   8.753727e-19   144
  2.229436e-01   1.268376e-17   2.307791e-04   7.427509e-19   156
  2.238729e-01   1.019955e-17   4.866699e-09   9.390834e-19   48
  2.247323e-01   1.122423e-17   3.178914e-09   7.272598e-19   120
  2.255884e-01   9.892214e-18   0.000000e+00   8.565520e-19   48
  2.271022e-01   1.134426e-17   3.532495e-04   5.651755e-19   216
  2.289809e-01   1.318396e-17   0.000000e+00   1.251010e-18   48
  2.298212e-01   1.186975e-17   2.809790e-09   8.342170e-19   96
  2.310160e-01   1.164872e-17   4.128272e-04   6.717824e-19   168
  2.323239e-01   9.980710e-18   2.809790e-09   9.160547e-19   48
  2.331522e-01   1.061449e-17   0.000000e+00   6.014999e-19   96
  2.339775e-01   1.158686e-17   0.000000e+00   1.068883e-18   48
  2.356194e-01   1.083643e-17   3.178914e-09   1.384672e-18   30
  2.364362e-01   1.079133e-17   0.000000e+00   6.450773e-19   96
  2.374123e-01   9.347387e-18   3.244455e-04   4.291566e-19   240
  2.386674e-01   1.233348e-17   3.500299e-04   1.624916e-18   32
  2.396752e-01   9.558647e-18   0.000000e+00   4.887596e-19   168
  2.404781e-01   1.067342e-17   0.000000e+00   6.023616e-19   120
  2.420760e-01   9.831783e-18   5.923557e-09   8.405674e-19   72
  2.428710e-01   9.828075e-18   2.649095e-09   5.554469e-19   144
  2.436634e-01   1.100791e-17   0.000000e+00   9.007776e-19   96
  2.444532e-01   1.017283e-17   0.000000e+00   5.991448e-19   96
  2.460253e-01   1.260666e-17   0.000000e+00   1.163123e-18   72
  2.468075e-01   1.017822e-17   3.973643e-09   6.890457e-19   96
  2.483647e-01   1.235180e-17   0.000000e+00   1.428231e-18   24
  2.491396e-01   9.118749e-18   0.000000e+00   5.547598e-19   192
  2.500522e-01   7.169765e-18   2.970416e-04   3.821536e-19   132
  2.514501e-01   8.520142e-18   0.000000e+00   6.321899e-19   96
  2.522156e-01   7.140669e-18   0.000000e+00   5.904563e-19   96
  2.529787e-01   8.841187e-18   3.178914e-09   5.680288e-19   120
  2.544981e-01   7.821846e-18   0.000000e+00   8.752207e-19   48
  2.557435e-01   9.440938e-18   3.599905e-04   4.354084e-19   222
  2.567603e-01   7.365409e-18   0.000000e+00   5.820769e-19   120
  2.575100e-01   8.317508e-18   4.866699e-09   1.449292e-18   24
  2.586015e-01   9.282881e-18   3.715625e-04   3.853427e-19   312
  2.609797e-01   1.043582e-17   3.483547e-04   7.525601e-19   72
  2.619630e-01   8.131395e-18   4.866699e-09   6.034663e-19   96
  2.629726e-01   8.929607e-18   3.547511e-04   4.910826e-19   192
  2.641613e-01   6.655971e-18   4.495664e-09   4.296994e-19   120
  2.648900e-01   7.363530e-18   0.000000e+00   4.099369e-19   144
  2.663415e-01   9.318499e-18   0.000000e+00   1.118168e-18   48
  2.673732e-01   8.357040e-18   3.567146e-04   3.248776e-19   336
  2.685040e-01   7.584952e-18   0.000000e+00   7.957632e-19   48
  2.699360e-01   8.020283e-18   0.000000e+00   4.058681e-19   192
  2.706492e-01   6.532842e-18   0.000000e+00   6.464583e-19   48
  2.726764e-01   7.135657e-18   2.476067e-04   4.944133e-19   56
  2.736844e-01   7.702594e-18   3.180112e-04   2.972504e-19   336
  2.748894e-01   6.640647e-18   3.532127e-09   6.417108e-19   54
  2.759390e-01   7.172582e-18   3.492904e-04   2.907004e-19   240
  2.781181e-01   7.661656e-18   3.344484e-04   4.133968e-19   228
  2.790651e-01   7.424838e-18   3.746387e-09   6.605060e-19   72
  2.799844e-01   6.766395e-18   3.244231e-04   4.313189e-19   144
  2.811298e-01   7.209436e-18   0.000000e+00   4.745784e-19   96
  2.818146e-01   6.320319e-18   4.495664e-09   2.873138e-19   240
  2.831793e-01   6.106833e-18   3.973643e-09   6.570215e-19   24
  2.840530e-01   7.033822e-18   3.064151e-04   2.778694e-19   336
  2.852142e-01   6.909432e-18   0.000000e+00   4.487249e-19   72
  2.862741e-01   7.264206e-18   3.332831e-04   4.555410e-19   168
  2.872346e-01   6.499700e-18   0.000000e+00   5.977904e-19   72
  2.885737e-01   7.160370e-18   0.000000e+00   4.958458e-19   96
  2.896108e-01   5.477641e-18   3.307829e-04   3.409302e-19   216
  2.905708e-01   5.974505e-18   0.000000e+00   3.737240e-19   96
  2.918946e-01   6.692124e-18   3.973643e-09   3.432854e-19   192
  2.925542e-01   5.831249e-18   3.746387e-09   3.158991e-19   144
  2.938691e-01   5.648208e-18   0.000000e+00   4.759701e-19   48
  2.947794e-01   6.070572e-18   3.189136e-04   2.871525e-19   246
  2.960164e-01   6.649953e-18   2.940434e-04   3.782397e-19   168
  2.971308e-01   6.472655e-18   7.786718e-09   4.383362e-19   120
  2.977788e-01   6.261412e-18   0.000000e+00   3.106089e-19   240
  2.990707e-01   6.192074e-18   0.000000e+00   1.200966e-18   24
  3.001001e-01   5.554670e-18   3.147475e-04   2.084227e-19   360
  3.013820e-01   6.103140e-18   3.134082e-04   4.071554e-19   120
  3.022763e-01   5.133635e-18   0.000000e+00   3.137948e-19   144
  3.029133e-01   5.763284e-18   0.000000e+00   3.839150e-19   96
  3.048165e-01   5.686134e-18   0.000000e+00   4.308610e-19   144
  3.054482e-01   6.399804e-18   0.000000e+00   4.002597e-19   132
  3.063360e-01   5.289028e-18   3.093292e-04   3.056703e-19   176
  3.076248e-01   5.037476e-18   3.123602e-04   2.071289e-19   312
  3.092116e-01   4.709850e-18   0.000000e+00   3.359451e-19   96
  3.098343e-01   4.433019e-18   0.000000e+00   2.489939e-19   144
  3.107899e-01   5.318313e-18   3.092271e-04   2.331114e-19   312
  3.123131e-01   4.903385e-18   0.000000e+00   5.194440e-19   48
  3.129297e-01   5.630384e-18   3.973643e-09   2.654914e-19   192
  3.141593e-01   1.198340e-17   0.000000e+00   1.344234e-18   6
  3.149762e-01   4.530366e-18   2.884066e-04   2.299006e-19   288
  3.162994e-01   5.099479e-18   3.047203e-04   3.110104e-19   192
  3.172124e-01   5.220573e-18   9.345130e-09   2.618195e-19   216
  3.178195e-01   5.591654e-18   0.000000e+00   5.159645e-19   72
  3.193321e-01   4.925468e-18   3.018264e-04   2.559395e-19   192
  3.203366e-01   4.246038e-18   2.241224e-04   1.880245e-19   288
  3.214381e-01   5.338364e-18   0.000000e+00   8.762810e-19   24
  3.222890e-01   4.791857e-18   2.952626e-04   1.678784e-19   456
  3.238280e-01   4.286800e-18   0.000000e+00   5.125268e-19   48
  3.247789e-01   4.242671e-18   2.908218e-04   2.004500e-19   240
  3.258718e-01   4.452552e-18   2.939082e-04   2.322286e-19   216
  3.267908e-01   4.578093e-18   0.000000e+00   3.290673e-19   72
  3.273801e-01   4.512262e-18   1.015467e-08   2.624319e-19   168
  3.290441e-01   4.248328e-18   2.184577e-04   1.798608e-19   288
  3.299773e-01   4.397656e-18   2.890570e-04   2.234504e-19   168
  3.314762e-01   3.817634e-18   0.000000e+00   2.098258e-19   192
  3.320572e-01   3.924389e-18   3.746387e-09   2.125675e-19   144
  3.332162e-01   4.978789e-18   3.746387e-09   3.682146e-19   36
  3.341991e-01   4.604956e-18   2.639705e-04   2.023772e-19   342
  3.351389e-01   3.928765e-18   2.710657e-04   2.317519e-19   144
  3.363470e-01   4.070094e-18   2.842800e-04   1.577912e-19   384
  3.378125e-01   4.345955e-18   7.786718e-09   2.662806e-19   120
  3.385379e-01   4.620683e-18   2.534951e-04   2.063198e-19   264
  3.395201e-01   3.631949e-18   1.256576e-08   1.924190e-19   192
  3.404451e-01   4.126422e-18   2.731894e-04   2.090246e-19   152
  3.412191e-01   4.299697e-18   7.492773e-09   2.854250e-19   144
  3.428472e-01   4.464972e-18   1.768108e-04   2.397282e-19   216
  3.436008e-01   4.129356e-18   2.362665e-04   1.598188e-19   312
  3.449274e-01   4.362950e-18   2.738281e-04   2.212051e-19   240
  3.457090e-01   3.315081e-18   3.973643e-09   2.656458e-19   96
  3.471927e-01   3.754168e-18   2.617995e-04   2.009684e-19   144
  3.481071e-01   3.994472e-18   2.573258e-04   1.607409e-19   456
  3.495904e-01   4.298221e-18   0.000000e+00   2.852957e-19   120
  3.501414e-01   3.855834e-18   0.000000e+00   2.456115e-19   144
  3.512407e-01   6.051191e-18   5.619580e-09   7.910635e-19   24
  3.519456e-01   3.252039e-18   2.473498e-04   1.437899e-19   336
  3.531645e-01   3.380046e-18   2.727931e-04   1.810707e-19   198
  3.543067e-01   3.765234e-18   2.652756e-04   1.286124e-19   432
  3.556041e-01   4.830708e-18   7.947286e-09   5.906893e-19   48
  3.562810e-01   3.850338e-18   2.341925e-04   1.549986e-19   384
  3.574963e-01   3.034579e-18   2.696052e-04   1.871659e-19   144
  3.585975e-01   3.860017e-18   2.676825e-04   1.838205e-19   264
  3.599147e-01   3.910746e-18   0.000000e+00   3.495533e-19   48
  3.607984e-01   3.717502e-18   2.545223e-04   1.737806e-19   276
  3.616510e-01   3.794751e-18   2.307176e-04   1.920617e-19   192
  3.627906e-01   3.510556e-18   2.592759e-04   1.169080e-19   552
  3.641741e-01   3.236690e-18   6.357829e-09   1.867834e-19   120
  3.649965e-01   3.099726e-18   2.624511e-04   1.599662e-19   216
  3.657587e-01   2.774305e-18   6.357829e-09   1.724425e-19   120
  3.671201e-01   3.299784e-18   2.584500e-04   1.316400e-19   408
  3.683844e-01   1.892426e-18   5.619580e-09   2.261256e-19   24
  3.691684e-01   3.188189e-18   2.610810e-04   1.148010e-19   384
  3.702633e-01   2.970483e-18   2.550855e-04   1.399298e-19   240
  3.712141e-01   3.379328e-18   2.569535e-04   1.939492e-19   168
  3.725471e-01   2.757093e-18   0.000000e+00   1.870208e-19   120
  3.734064e-01   3.136545e-18   2.678605e-04   1.363438e-19   350
  3.748037e-01   3.171016e-18   4.409502e-04   1.239237e-19   384
  3.756388e-01   2.823499e-18   0.000000e+00   1.778741e-19   144
  3.771752e-01   2.781892e-18   5.298191e-09   1.510260e-19   288
  3.779773e-01   3.232534e-18   2.524053e-04   1.355080e-19   336
  3.790686e-01   3.006888e-18   2.297941e-04   1.724903e-19   168
  3.797219e-01   3.382313e-18   1.506181e-08   1.354936e-19   336
  3.810732e-01   3.109622e-18   2.385126e-04   1.503342e-19   288
  3.818848e-01   3.078431e-18   2.247398e-04   1.129418e-19   264
  3.832590e-01   2.676268e-18   0.000000e+00   1.260294e-19   240
  3.837616e-01   2.162333e-18   0.000000e+00   1.573224e-19   96
  3.855656e-01   3.192383e-18   3.056310e-04   1.399370e-19   360
  3.864075e-01   3.276715e-18   2.253025e-04   2.166649e-19   168
  3.874713e-01   2.680960e-18   2.456032e-04   8.988258e-20   456
  3.887523e-01   3.047589e-18   7.064254e-09   2.362046e-19   108
  3.894728e-01   2.355791e-18   2.464311e-04   9.304328e-20   264
  3.903716e-01   2.582481e-18   2.198567e-04   1.142089e-19   264
  3.916025e-01   2.918942e-18   2.074668e-04   1.399979e-19   312
  3.931351e-01   2.539055e-18   1.541705e-04   1.196056e-19   270
  3.937775e-01   2.540280e-18   1.957388e-04   1.144774e-19   240
  3.949323e-01   2.742939e-18   2.421536e-04   1.043484e-19   384
  3.956334e-01   2.584215e-18   7.947286e-09   1.379661e-19   192
  3.969952e-01   2.889320e-18   1.942960e-04   1.333574e-19   240
  3.977852e-01   2.687226e-18   2.397927e-04   1.113508e-19   336
  3.992708e-01   2.889089e-18   2.413972e-04   1.155030e-19   480
  4.004761e-01   2.247612e-18   5.298191e-09   2.080378e-19   72
  4.011493e-01   3.058201e-18   2.353842e-04   1.770968e-19   240
  4.020650e-01   2.515109e-18   2.212289e-04   1.031052e-19   312
  4.031147e-01   2.334276e-18   2.390954e-04   1.209862e-19   240
  4.047009e-01   2.550453e-18   1.816506e-04   9.747110e-20   408
  4.053288e-01   2.321856e-18   1.663482e-04   8.820414e-20   336
  4.065560e-01   2.446195e-18   2.112212e-04   9.238851e-20   264
  4.071591e-01   1.922182e-18   0.000000e+00   1.131041e-19   144
  4.088370e-01   2.513353e-18   2.927651e-04   8.955136e-20   464
  4.097211e-01   2.343658e-18   2.328083e-04   1.501954e-19   168
  4.105939e-01   2.135553e-18   2.120376e-04   1.047551e-19   336
  4.121713e-01   2.399937e-18   2.227870e-04   9.272677e-20   414
  4.130606e-01   2.667425e-18   2.319080e-04   1.756437e-19   216
  4.141998e-01   3.546377e-18   5.619580e-09   3.036368e-19   96
  4.146649e-01   2.404270e-18   1.376510e-08   1.129414e-19   384
  4.162944e-01   2.465868e-18   2.314600e-04   9.807972e-20   492
  4.171676e-01   2.630594e-18   2.263480e-04   1.353584e-19   240
  4.181546e-01   2.260675e-18   2.298225e-04   8.920253e-20   312
  4.195176e-01   2.232220e-18   2.297469e-04   1.546058e-19   192
  4.203810e-01   2.200219e-18   2.226525e-04   7.356518e-20   504
  4.215265e-01   2.342564e-18   1.473998e-04   8.539772e-20   408
  4.224284e-01   1.765943e-18   4.515774e-04   9.412532e-20   168
  4.235571e-01   2.512975e-18   2.145032e-04   1.099830e-19   288
  4.245041e-01   2.287761e-18   2.238525e-04   1.078844e-19   288
  4.254743e-01   1.951912e-18   2.251410e-04   6.538102e-20   432
  4.268815e-01   1.961065e-18   2.129084e-04   1.082115e-19   216
  4.276334e-01   2.147755e-18   2.124592e-04   9.145016e-20   360
  4.289721e-01   2.282314e-18   2.073582e-04   9.493322e-20   312
  4.301803e-01   2.099894e-18   0.000000e+00   2.562846e-19   48
  4.308767e-01   2.050465e-18   2.223178e-04   6.886466e-20   432
  4.321240e-01   2.091972e-18   3.708284e-04   8.268089e-20   414
  4.328606e-01   2.009597e-18   8.470833e-09   9.023471e-20   312
  4.342347e-01   2.153830e-18   3.253813e-04   9.066512e-20   528
  4.351620e-01   2.307495e-18   1.707976e-04   1.082879e-19   264
  4.362761e-01   2.208933e-18   2.025191e-04   1.003959e-19   480
  4.377318e-01   1.881595e-18   0.000000e+00   9.833167e-20   288
  4.383604e-01   2.083511e-18   2.176005e-04   1.097207e-19   168
  4.395105e-01   2.218362e-18   3.444610e-04   8.062662e-20   504
  4.408036e-01   2.535030e-18   5.298191e-09   1.573625e-19   144
  4.416171e-01   1.749521e-18   2.212265e-04   6.421276e-20   464
  4.428396e-01   2.103918e-18   3.246624e-04   9.670042e-20   432
  4.434197e-01   1.821887e-18   5.619580e-09   9.530639e-20   192
  4.449189e-01   1.910007e-18   2.406833e-04   7.214979e-20   396
  4.458042e-01   1.819439e-18   2.162000e-04   8.207292e-20   288
  4.466990e-01   1.911605e-18   2.135686e-04   9.243091e-20   336
  4.481283e-01   1.713591e-18   1.352359e-04   7.465460e-20   432
  4.490354e-01   1.833904e-18   3.505126e-04   7.536488e-20   360
  4.500539e-01   2.017572e-18   2.073334e-04   7.625112e-20   384
  4.515004e-01   1.994167e-18   1.830116e-04   1.067353e-19   198
  4.521974e-01   1.744437e-18   2.080246e-04   6.460628e-20   552
  4.534970e-01   2.004859e-18   2.912202e-04   8.802917e-20   432
  4.545821e-01   1.938476e-18   1.112388e-08   1.165696e-19   168
  4.554927e-01   2.076909e-18   3.610065e-04   8.155444e-20   480
  4.566974e-01   1.454066e-18   0.000000e+00   8.565018e-20   120
  4.572396e-01   1.787022e-18   2.948545e-04   9.102467e-20   336
  4.585628e-01   1.677929e-18   2.080152e-04   5.558151e-20   672
  4.598711e-01   1.930245e-18   3.025866e-04   7.732182e-20   528
  4.604805e-01   1.708577e-18   9.082613e-09   9.430541e-20   168
  4.618883e-01   1.773136e-18   3.375333e-04   7.676369e-20   456
  4.627474e-01   1.768320e-18   2.061344e-04   1.261678e-19   168
  4.636392e-01   1.722896e-18   2.057643e-04   6.196385e-20   504
  4.651216e-01   1.498667e-18   2.647872e-04   6.820291e-20   336
  4.660180e-01   1.974849e-18   1.908802e-04   9.143759e-20   312
  4.670124e-01   1.545549e-18   1.865029e-04   6.249647e-20   504
  4.683210e-01   1.651698e-18   1.294009e-04   6.253180e-20   432
  4.689362e-01   1.629664e-18   1.999672e-04   6.842059e-20   312
  4.702151e-01   1.471055e-18   2.049761e-04   6.058532e-20   384
  4.715504e-01   2.112305e-18   1.741510e-04   2.102232e-19   126
  4.723748e-01   1.759616e-18   3.057676e-04   7.365498e-20   492
  4.734278e-01   1.779802e-18   1.958445e-04   6.674048e-20   528
  4.747438e-01   1.738888e-18   1.989360e-04   6.763250e-20   480
  4.755596e-01   1.827227e-18   2.748289e-04   7.524616e-20   432
  4.767402e-01   1.670492e-18   2.161166e-04   6.805142e-20   440
  4.781114e-01   1.869041e-18   1.074739e-04   9.315023e-20   312
  4.786259e-01   1.464936e-18   1.610586e-04   5.718505e-20   480
  4.796813e-01   1.668477e-18   3.153497e-04   6.546789e-20   408
  4.812233e-01   1.721005e-18   1.888588e-04   6.798450e-20   360
  4.818747e-01   1.421760e-18   1.822418e-04   5.703716e-20   408
  4.830820e-01   1.354120e-18   1.854542e-04   5.392185e-20   456
  4.844414e-01   1.628237e-18   1.772485e-04   8.766106e-20   264
  4.851959e-01   1.455152e-18   1.923591e-04   6.038153e-20   384
  4.862943e-01   1.404113e-18   3.238501e-04   5.149585e-20   672
  4.875640e-01   1.542156e-18   1.937042e-04   9.081910e-20   240
  4.882967e-01   1.333248e-18   1.965613e-04   7.534368e-20   264
  4.893308e-01   1.206825e-18   2.424259e-04   4.048382e-20   624
  4.908739e-01   1.256221e-18   0.000000e+00   8.791977e-20   150
  4.914232e-01   1.689083e-18   2.716574e-04   7.012012e-20   600
  4.925819e-01   1.558024e-18   1.874909e-04   5.576192e-20   672
  4.938939e-01   1.498140e-18   1.763484e-04   6.984844e-20   336
  4.946248e-01   1.603033e-18   1.918157e-04   7.952700e-20   408
  4.957926e-01   1.536173e-18   1.913639e-04   7.064022e-20   408
  4.970915e-01   1.487452e-18   9.676385e-05   6.476911e-20   360
  4.978921e-01   1.573649e-18   3.552857e-04   6.287158e-20   456
  4.988592e-01   1.307990e-18   1.932065e-04   5.341293e-20   384
  5.000902e-01   1.135496e-18   1.783541e-04   4.694935e-20   348
  5.007554e-01   1.525380e-18   2.198754e-04   6.434704e-20   576
  5.020050e-01   1.315550e-18   1.810385e-04   5.796154e-20   504
  5.032833e-01   1.321359e-18   2.553443e-04   5.248172e-20   432
  5.043991e-01   1.441258e-18   3.473946e-04   5.172565e-20   576
  5.051948e-01   1.163778e-18   0.000000e+00   6.773247e-20   264
  5.064571e-01   1.315137e-18   2.764393e-04   4.090506e-20   768
  5.075549e-01   1.023603e-18   3.721752e-04   4.958354e-20   240
  5.084277e-01   1.356221e-18   3.282233e-04   7.523057e-20   192
  5.096990e-01   1.255160e-18   2.416124e-04   5.183809e-20   504
  5.106418e-01   1.579974e-18   3.255818e-04   6.135303e-20   590
  5.115460e-01   1.431892e-18   3.647966e-04   6.807218e-20   384
  5.126798e-01   1.313568e-18   3.048625e-04   5.658439e-20   504
  5.140486e-01   1.471032e-18   2.933830e-04   6.429158e-20   648
  5.153764e-01   1.147531e-18   7.967896e-05   4.618923e-20   504
  5.159117e-01   1.265316e-18   1.817627e-04   6.262913e-20   312
  5.168569e-01   1.503681e-18   2.618753e-04   6.127226e-20   576
  5.181545e-01   1.597181e-18   1.822405e-04   9.966942e-20   240
  5.189109e-01   1.238933e-18   1.841453e-04   4.628524e-20   552
  5.199816e-01   1.449894e-18   1.729082e-04   6.267172e-20   600
  5.215067e-01   1.291386e-18   2.111937e-04   4.786981e-20   600
  5.224237e-01   1.176784e-18   3.382099e-04   5.659031e-20   312
  5.233368e-01   1.367785e-18   2.945474e-04   5.405175e-20   480
  5.244775e-01   1.082002e-18   1.837693e-04   4.461528e-20   576
  5.254818e-01   1.192658e-18   2.959085e-04   5.570341e-20   408
  5.263729e-01   7.797374e-19   3.451909e-04   4.094411e-20   216
  5.275243e-01   1.202582e-18   2.643774e-04   4.088690e-20   516
  5.287578e-01   1.232029e-18   2.522429e-04   3.981745e-20   744
  5.300304e-01   1.286003e-18   1.684760e-04   4.964154e-20   462
  5.307494e-01   1.159528e-18   1.712315e-04   6.568666e-20   432
  5.318647e-01   1.260215e-18   1.588547e-04   4.787744e-20   648
  5.331761e-01   1.269165e-18   2.324340e-04   5.768531e-20   528
  5.342295e-01   1.254481e-18   2.799086e-04   5.053004e-20   600
  5.352820e-01   1.643766e-18   3.528915e-04   9.403934e-20   240
  5.363014e-01   1.216042e-18   2.703115e-04   5.988793e-20   720
  5.374863e-01   1.209427e-18   2.138653e-04   4.046542e-20   720
  5.387997e-01   1.040422e-18   0.000000e+00   8.061836e-20   144
  5.394909e-01   1.363262e-18   2.757364e-04   5.235454e-20   720
  5.404742e-01   1.154389e-18   1.653370e-04   6.775145e-20   384
  5.417051e-01   1.136982e-18   1.832848e-04   3.837121e-20   672
  5.428730e-01   1.310007e-18   3.209115e-04   8.978456e-20   336
  5.434308e-01   1.234815e-18   0.000000e+00   6.772054e-20   288
  5.447967e-01   1.080069e-18   2.539800e-04   3.996539e-20   776
  5.460612e-01   9.836037e-19   2.173184e-04   3.344504e-20   720
  5.471231e-01   9.717198e-19   1.750659e-04   3.922676e-20   432
  5.479725e-01   1.112128e-18   2.495786e-04   4.878139e-20   504
  5.489174e-01   1.088747e-18   1.748652e-04   4.571098e-20   528
  5.502396e-01   1.079636e-18   2.382437e-04   5.531540e-20   438
  5.513273e-01   1.195171e-18   2.772938e-04   5.113862e-20   624
  5.521470e-01   1.082721e-18   3.396475e-04   5.963678e-20   312
  5.532738e-01   1.237474e-18   1.829935e-04   4.442330e-20   696
  5.544390e-01   1.181684e-18   1.655760e-04   4.928781e-20   552
  5.556509e-01   1.183962e-18   1.281006e-04   5.337581e-20   516
  5.564006e-01   1.264812e-18   2.558713e-04   6.762520e-20   528
  5.573133e-01   7.930003e-19   1.664001e-04   2.970299e-20   528
  5.586097e-01   1.034632e-18   2.194479e-04   3.712585e-20   864
  5.594897e-01   1.123476e-18   3.005985e-04   5.761058e-20   408
  5.603706e-01   1.362825e-18   2.978186e-04   1.209122e-19   192
  5.616191e-01   9.381609e-19   2.464592e-04   3.935617e-20   720
  5.626731e-01   9.807848e-19   2.272475e-04   3.454449e-20   696
  5.639255e-01   1.096353e-18   2.454294e-04   4.063942e-20   720
  5.650713e-01   1.042487e-18   3.326501e-04   4.692036e-20   432
  5.657395e-01   1.107831e-18   1.958109e-04   6.028617e-20   264
  5.669418e-01   9.245480e-19   2.704061e-04   3.692039e-20   672
  5.680171e-01   1.008848e-18   2.768544e-04   4.017838e-20   600
  5.692933e-01   7.848906e-19   1.620980e-04   3.736415e-20   270
  5.699366e-01   1.052885e-18   2.440026e-04   5.418581e-20   528
  5.709591e-01   1.061611e-18   1.670843e-04   3.933201e-20   840
  5.723613e-01   1.148609e-18   3.194952e-04   3.958986e-20   888
  5.736568e-01   9.846275e-19   2.380474e-04   3.919905e-20   744
  5.747517e-01   1.061121e-18   1.223216e-04   4.768015e-20   456
  5.752963e-01   1.581968e-18   1.671601e-04   9.693099e-20   360
  5.762282e-01   9.523540e-19   1.448348e-04   5.057732e-20   384
  5.776580e-01   1.002172e-18   2.323137e-04   3.887483e-20   816
  5.787308e-01   1.048320e-18   3.370546e-04   4.165833e-20   824
  5.800348e-01   1.064580e-18   1.566791e-04   7.075749e-20   360
  5.807331e-01   9.531841e-19   2.311994e-04   4.067111e-20   624
  5.816941e-01   1.114254e-18   1.562320e-04   5.692852e-20   360
  5.829744e-01   9.446255e-19   2.125215e-04   3.787976e-20   876
  5.841306e-01   9.499010e-19   2.524119e-04   3.511866e-20   696
  5.852967e-01   8.289813e-19   1.629911e-04   4.001412e-20   336
  5.859080e-01   1.116189e-18   1.628079e-04   5.764858e-20   504
  5.869176e-01   9.306901e-19   1.642187e-04   3.803568e-20   672
  5.884155e-01   8.860576e-19   3.269213e-04   3.082976e-20   720
  5.894543e-01   1.002168e-18   2.469541e-04   3.727437e-20   774
  5.906010e-01   1.222185e-18   1.413501e-04   8.345381e-20   384
  5.912015e-01   1.132694e-18   2.720183e-04   5.518358e-20   528
  5.921335e-01   1.063279e-18   2.592486e-04   4.707438e-20   744
  5.936327e-01   1.028704e-18   2.138251e-04   4.057168e-20   768
  5.946281e-01   9.275866e-19   2.400348e-04   4.521744e-20   552
  5.958700e-01   9.983396e-19   2.616108e-04   4.189260e-20   696
  5.967938e-01   1.118802e-18   3.179026e-04   6.771724e-20   408
  5.975272e-01   1.055905e-18   1.373364e-04   5.021688e-20   504
  5.986899e-01   9.815153e-19   2.467198e-04   3.846796e-20   888
  5.998339e-01   9.256679e-19   2.564132e-04   4.697718e-20   648
  6.010230e-01   9.875592e-19   2.542153e-04   4.635760e-20   648
  6.021418e-01   9.194354e-19   2.741064e-04   3.608412e-20   792
  6.033268e-01   8.891756e-19   4.010364e-04   4.298660e-20   600
  6.042000e-01   7.298127e-19   2.717856e-04   3.196077e-20   456
  6.051191e-01   8.810567e-19   1.324567e-04   3.731912e-20   648
  6.062996e-01   8.516722e-19   2.583099e-04   3.315898e-20   936
  6.075741e-01   1.096457e-18   1.586356e-04   4.884340e-20   384
  6.086836e-01   1.015294e-18   0.000000e+00   7.415342e-20   198
  6.095398e-01   9.258927e-19   4.024720e-04   3.145055e-20   1224
  6.104634e-01   1.225587e-18   2.931235e-04   6.607235e-20   420
  6.115558e-01   1.103646e-18   2.836822e-04   5.889653e-20   792
  6.126238e-01   1.006468e-18   2.345810e-04   5.119333e-20   680
  6.138428e-01   9.169520e-19   2.154033e-04   4.603049e-20   600
  6.148235e-01   9.470959e-19   3.123938e-04   3.511082e-20   840
  6.161330e-01   9.181603e-19   1.474979e-04   5.177152e-20   432
  6.166334e-01   1.120595e-18   1.382250e-04   5.418570e-20   720
  6.177213e-01   9.103992e-19   2.768404e-04   3.423911e-20   960
  6.190745e-01   9.387426e-19   2.467829e-04   6.188059e-20   528
  6.200634e-01   8.751568e-19   2.522592e-04   4.612597e-20   624
  6.212404e-01   9.932865e-19   1.982740e-04   4.406666e-20   816
  6.224086e-01   8.428014e-19   3.260658e-04   3.705981e-20   696
  6.236996e-01   7.332722e-19   1.798266e-08   4.183431e-20   240
  6.241851e-01   9.177311e-19   1.922888e-04   4.555028e-20   672
  6.252686e-01   8.505142e-19   3.436476e-04   3.474778e-20   864
  6.264840e-01   6.787435e-19   2.636938e-04   2.785495e-20   816
  6.275795e-01   7.772072e-19   1.509292e-04   3.861931e-20   648
  6.287594e-01   9.797856e-19   1.542771e-04   4.131710e-20   843
  6.297611e-01   8.676209e-19   2.775825e-04   4.619008e-20   780
  6.309548e-01   1.218016e-18   1.489456e-04   1.332183e-19   216
  6.316911e-01   8.738828e-19   3.591661e-04   3.161289e-20   1056
  6.328235e-01   7.512569e-19   2.938382e-04   5.722520e-20   228
  6.338720e-01   9.547319e-19   3.658358e-04   3.992459e-20   924
  6.349484e-01   8.452630e-19   1.357046e-04   3.352935e-20   696
  6.360882e-01   7.917978e-19   2.415153e-04   3.028608e-20   996
  6.372543e-01   6.483199e-19   1.425858e-04   3.393319e-20   576
  6.384675e-01   7.566344e-19   2.200718e-04   4.266493e-20   552
  6.393519e-01   9.028902e-19   2.627580e-04   4.918443e-20   516
  6.402494e-01   8.265880e-19   3.821047e-04   3.488789e-20   744
  6.412749e-01   5.589258e-19   1.874451e-04   2.397473e-20   576
  6.421669e-01   7.681046e-19   1.929285e-04   3.296547e-20   792
  6.434346e-01   7.717422e-19   2.205530e-04   3.182289e-20   792
  6.443636e-01   6.995217e-19   2.378641e-04   2.951893e-20   720
  6.456200e-01   6.863657e-19   2.711104e-04   2.853049e-20   656
  6.467974e-01   6.503938e-19   2.960385e-04   2.298976e-20   816
  6.480043e-01   7.194209e-19   1.596190e-04   4.838655e-20   492
  6.486903e-01   7.363424e-19   2.296231e-04   3.735789e-20   552
  6.499778e-01   5.836087e-19   3.992867e-04   2.420330e-20   780
  6.508139e-01   7.327201e-19   2.452771e-04   3.656590e-20   528
  6.517148e-01   5.677312e-19   2.863130e-04   2.334055e-20   600
  6.530425e-01   7.271924e-19   2.379487e-04   2.392484e-20   900
  6.539577e-01   6.671205e-19   1.317325e-04   3.561054e-20   696
  6.552168e-01   6.240825e-19   3.330907e-04   2.604501e-20   696
  6.564349e-01   5.190536e-19   1.351317e-04   1.805510e-20   552
  6.574592e-01   6.149725e-19   1.571457e-04   2.136796e-20   708
  6.585322e-01   5.814481e-19   2.594565e-04   2.521235e-20   876
  6.596487e-01   5.775047e-19   1.377663e-04   3.060108e-20   216
  6.603980e-01   6.110229e-19   3.768094e-04   2.031788e-20   1032
  6.615201e-01   4.801608e-19   4.195357e-04   1.742712e-20   600
  6.626848e-01   4.819388e-19   2.001869e-04   2.075728e-20   600
  6.635732e-01   6.237825e-19   3.535112e-04   2.680173e-20   528
  6.646233e-01   5.541038e-19   1.940622e-04   2.235047e-20   732
  6.657296e-01   6.401481e-19   1.432973e-04   4.291219e-20   336
  6.670031e-01   5.188025e-19   2.042271e-04   2.267023e-20   912
  6.679548e-01   4.557912e-19   2.049821e-04   2.029092e-20   624
  6.689946e-01   5.378290e-19   1.727341e-04   1.744435e-20   768
  6.702082e-01   5.567858e-19   3.116463e-04   1.881356e-20   792
  6.713995e-01   5.637341e-19   1.545014e-04   2.666708e-20   660
  6.722471e-01   5.265554e-19   2.276826e-04   2.985679e-20   504
  6.731238e-01   4.338860e-19   3.719898e-04   1.908300e-20   480
  6.744376e-01   4.210701e-19   3.440421e-04   1.331617e-20   912
  6.754664e-01   4.883511e-19   3.831443e-04   2.699977e-20   432
  6.764380e-01   5.383461e-19   2.275021e-04   2.117769e-20   564
  6.773006e-01   4.873429e-19   2.177508e-04   1.918082e-20   600
  6.785149e-01   5.248426e-19   3.035240e-04   1.753070e-20   876
  6.794272e-01   5.519200e-19   1.364735e-04   3.528468e-20   264
  6.806846e-01   4.353050e-19   2.648123e-04   2.110454e-20   560
  6.816953e-01   4.595759e-19   1.799457e-04   1.438732e-20   840
  6.829222e-01   3.892881e-19   2.774244e-04   1.104323e-20   1008
  6.840568e-01   3.482309e-19   1.241010e-04   1.692564e-20   456
  6.850930e-01   4.813832e-19   1.607553e-04   2.069172e-20   576
  6.860509e-01   5.142279e-19   2.470177e-04   2.267225e-20   612
  6.873140e-01   4.232478e-19   2.206269e-04   1.351155e-20   780
  6.883444e-01   4.143398e-19   2.528284e-04   1.551282e-20   648
  6.893992e-01   4.207583e-19   1.178213e-04   2.158871e-20   312
  6.900734e-01   3.653748e-19   2.993645e-04   1.276507e-20   528
  6.912414e-01   3.755703e-19   3.909551e-04   1.217651e-20   720
  6.923583e-01   3.956792e-19   3.921794e-04   1.663869e-20   576
  6.937124e-01   3.678278e-19   3.383053e-04   1.579097e-20   444
  6.945549e-01   4.090497e-19   3.317685e-04   1.196665e-20   996
  6.955874e-01   3.556774e-19   2.771265e-04   1.515017e-20   432
  6.965633e-01   4.423673e-19   3.033990e-04   2.248164e-20   504
  6.974062e-01   2.782491e-19   1.367883e-04   1.054251e-20   504
  6.986065e-01   4.081536e-19   2.692009e-04   1.178287e-20   876
  6.996926e-01   3.626041e-19   3.098246e-04   1.364477e-20   504
  7.008236e-01   3.476066e-19   1.975899e-04   1.076537e-20   696
  7.017583e-01   3.470623e-19   1.689187e-04   1.198490e-20   492
  7.030300e-01   3.218796e-19   2.418152e-04   1.332481e-20   432
  7.039719e-01   4.141845e-19   2.264335e-04   1.551790e-20   768
  7.050885e-01   3.523609e-19   2.820533e-04   1.183608e-20   648
  7.061547e-01   3.456332e-19   1.840095e-04   1.538630e-20   456
  7.073798e-01   3.491702e-19   2.530430e-04   1.330140e-20   552
  7.082306e-01   3.180238e-19   1.734358e-04   1.074567e-20   648
  7.094016e-01   3.185820e-19   2.826907e-04   8.910397e-21   840
  7.105454e-01   3.357425e-19   1.348092e-04   1.381374e-20   432
  7.116906e-01   3.384173e-19   1.651183e-04   1.380090e-20   600
  7.124870e-01   3.730355e-19   1.759227e-04   1.454547e-20   432
  7.138248e-01   3.513805e-19   1.751482e-04   1.311863e-20   560
  7.147308e-01   3.122521e-19   2.772412e-04   8.854049e-21   840
  7.158652e-01   3.128317e-19   1.642140e-04   1.203678e-20   504
  7.167662e-01   2.896607e-19   3.351509e-04   9.330145e-21   696
  7.180362e-01   3.747984e-19   1.830475e-04   1.678467e-20   384
  7.190254e-01   3.059515e-19   2.681431e-04   1.142722e-20   576
  7.202219e-01   2.938370e-19   1.654845e-04   1.219336e-20   360
  7.211864e-01   3.198673e-19   2.464465e-04   1.080276e-20   828
  7.222268e-01   2.732924e-19   2.195064e-04   1.155423e-20   372
  7.231800e-01   2.892889e-19   3.352284e-04   1.107766e-20   576
  7.244428e-01   3.256946e-19   1.403933e-04   1.148373e-20   636
  7.253425e-01   2.967119e-19   2.706420e-04   9.403759e-21   648
  7.265596e-01   2.660175e-19   2.200024e-04   8.854087e-21   576
  7.274333e-01   2.855769e-19   3.548870e-04   1.097293e-20   528
  7.285953e-01   3.112644e-19   1.517289e-04   2.135447e-20   360
  7.295571e-01   2.622122e-19   3.490332e-04   7.760675e-21   672
  7.308130e-01   2.876011e-19   1.787806e-04   9.369799e-21   804
  7.318582e-01   2.909540e-19   1.972163e-04   1.332120e-20   408
  7.330145e-01   2.978709e-19   1.219011e-04   1.256435e-20   384
  7.337931e-01   2.409685e-19   2.789567e-04   9.440211e-21   480
  7.348913e-01   2.801816e-19   1.802469e-04   1.153086e-20   432
  7.359446e-01   2.714947e-19   3.321566e-04   8.456741e-21   648
  7.371913e-01   2.494133e-19   2.061016e-04   8.391100e-21   624
  7.381033e-01   2.776528e-19   1.874668e-04   1.026738e-20   456
  7.393486e-01   2.548747e-19   2.560963e-04   9.601680e-21   588
  7.401831e-01   2.288868e-19   1.633884e-04   7.070642e-21   600
  7.414016e-01   2.587411e-19   2.548458e-04   9.338713e-21   708
  7.423640e-01   2.714690e-19   1.605479e-04   1.404062e-20   360
  7.434275e-01   2.693803e-19   1.845541e-04   1.057804e-20   552
  7.444470e-01   2.664016e-19   1.294691e-04   1.664551e-20   288
  7.454820e-01   2.393384e-19   2.434372e-04   9.449735e-21   528
  7.464545e-01   2.760079e-19   1.642340e-04   1.040488e-20   456
  7.475410e-01   2.653546e-19   2.912225e-04   8.771623e-21   608
  7.486338e-01   2.146517e-19   1.408967e-04   8.672613e-21   504
  7.498278e-01   2.216614e-19   3.024972e-04   8.482242e-21   540
  7.507642e-01   2.626625e-19   3.247222e-04   1.127393e-20   360
  7.517735e-01   2.721587e-19   1.470509e-04   9.914268e-21   540
  7.526661e-01   2.402571e-19   1.262606e-04   9.637718e-21   576
  7.539642e-01   2.416858e-19   2.927555e-04   8.639718e-21   588
  7.551985e-01   2.307203e-19   4.039143e-04   7.490112e-21   672
  7.562588e-01   2.352192e-19   3.087151e-04   7.921681e-21   552
  7.571135e-01   2.178476e-19   3.088712e-04   1.473497e-20   144
  7.582042e-01   2.291957e-19   2.624178e-04   8.434624e-21   600
  7.592383e-01   1.985172e-19   3.288668e-04   8.385717e-21   504
  7.603860e-01   2.164567e-19   3.378126e-04   1.078971e-20   336
  7.615932e-01   2.391398e-19   3.797028e-04   8.153223e-21   600
  7.626744e-01   1.966139e-19   2.450478e-04   7.622507e-21   636
  7.638413e-01   2.305143e-19   1.970206e-04   1.024100e-20   384
  7.646595e-01   2.372186e-19   2.748205e-04   8.854467e-21   504
  7.658387e-01   2.008384e-19   1.153383e-04   1.102873e-20   240
  7.667694e-01   2.350159e-19   2.709461e-04   7.174153e-21   744
  7.678860e-01   2.062621e-19   1.850150e-04   6.316447e-21   648
  7.688783e-01   2.799033e-19   1.228185e-04   1.950163e-20   120
  7.700414e-01   2.195748e-19   1.929319e-04   7.802027e-21   564
  7.709202e-01   2.267932e-19   3.030111e-04   9.396257e-21   432
  7.720932e-01   2.159842e-19   2.351965e-04   8.459707e-21   480
  7.729764e-01   1.734745e-19   1.731106e-04   7.771796e-21   456
  7.740189e-01   2.105370e-19   2.864725e-04   9.680855e-21   444
  7.752020e-01   2.031844e-19   4.383180e-04   8.909899e-21   528
  7.762412e-01   2.307135e-19   3.255297e-04   1.600661e-20   264
  7.772498e-01   2.234145e-19   3.336195e-04   9.983137e-21   444
  7.786065e-01   2.095477e-19   3.654311e-04   6.314895e-21   696
  7.797327e-01   2.250534e-19   1.954448e-04   9.406283e-21   384
  7.805563e-01   1.812888e-19   2.469609e-04   8.031059e-21   432
  7.818373e-01   2.046274e-19   1.706384e-04   8.455580e-21   488
  7.826690e-01   2.319570e-19   2.571733e-04   9.782626e-21   480
  7.838749e-01   1.656262e-19   2.868014e-04   6.622882e-21   480
  7.848089e-01   1.818015e-19   1.203331e-04   9.071355e-21   240
  7.858692e-01   2.174570e-19   2.810886e-04   8.253943e-21   600
  7.868694e-01   1.665704e-19   2.449399e-04   8.480221e-21   288
  7.879343e-01   1.991031e-19   2.356143e-04   7.376795e-21   480
  7.890129e-01   1.597809e-19   4.191157e-04   5.527640e-21   504
  7.900748e-01   1.847643e-19   1.798267e-04   9.703842e-21   216
  7.914291e-01   1.903571e-19   2.944050e-04   7.845023e-21   504
  7.924838e-01   1.792409e-19   2.367912e-04   9.099314e-21   456
  7.936384e-01   2.042178e-19   1.358038e-04   8.219264e-21   384
  7.944031e-01   2.018252e-19   2.756326e-04   8.511071e-21   480
  7.954897e-01   1.712879e-19   2.420363e-04   7.102342e-21   504
  7.964966e-01   1.724350e-19   1.535327e-04   9.412672e-21   312
  7.975815e-01   1.800263e-19   2.474127e-04   6.632675e-21   492
  7.985417e-01   1.835277e-19   2.318919e-04   8.855127e-21   312
  7.997779e-01   1.611070e-19   3.766899e-04   5.022571e-21   576
  8.008661e-01   1.826264e-19   3.477153e-04   9.323986e-21   336
  8.017699e-01   1.514986e-19   2.677247e-04   8.505825e-21   240
  8.030228e-01   1.884603e-19   3.549351e-04   7.320867e-21   468
  8.041047e-01   1.677899e-19   2.222407e-04   1.165812e-20   192
  8.052370e-01   1.609001e-19   2.229031e-04   9.554949e-21   324
  8.060669e-01   1.636435e-19   1.617794e-04   5.855298e-21   600
  8.071978e-01   1.797872e-19   2.624704e-04   7.058575e-21   456
  8.080377e-01   1.890139e-19   1.180592e-04   1.087734e-20   336
  8.094297e-01   1.833383e-19   3.535027e-04   6.758099e-21   612
  8.104424e-01   1.562027e-19   2.966749e-04   1.659039e-20   144
  8.114002e-01   1.803434e-19   3.462957e-04   7.724811e-21   552
  8.127025e-01   1.516169e-19   1.363755e-04   9.155927e-21   264
  8.134384e-01   1.704797e-19   3.157441e-04   8.115891e-21   336
  8.145992e-01   1.464146e-19   2.086329e-04   6.432459e-21   384
  8.156059e-01   2.121491e-19   1.174397e-04   1.510465e-20   216
  8.167203e-01   1.164369e-19   2.489964e-04   5.151756e-21   344
  8.177364e-01   1.622790e-19   3.715143e-04   8.531772e-21   408
  8.189746e-01   1.326540e-19   2.854845e-04   7.749530e-21   264
  8.200718e-01   1.690826e-19   3.979796e-04   6.182980e-21   612
  8.211681e-01   1.905071e-19   2.048307e-04   7.885493e-21   408
  8.222956e-01   1.595836e-19   2.051251e-04   6.770349e-21   444
  8.231239e-01   2.077915e-19   1.147249e-04   1.526512e-20   120
  8.242338e-01   1.675704e-19   3.169640e-04   8.809670e-21   336
  8.250576e-01   1.587411e-19   1.101437e-04   9.813910e-21   288
  8.261708e-01   1.553385e-19   3.427692e-04   5.871650e-21   552
  8.277012e-01   1.421152e-19   0.000000e+00   1.544831e-20   72
  8.284882e-01   1.417027e-19   3.404572e-04   6.013178e-21   504
  8.294074e-01   1.061119e-19   1.095558e-04   6.056738e-21   216
  8.305983e-01   1.404769e-19   1.956043e-04   7.003763e-21   312
  8.316675e-01   1.391506e-19   2.227263e-04   7.067132e-21   336
  8.326865e-01   1.499233e-19   3.087236e-04   9.041736e-21   204
  8.337014e-01   1.613369e-19   3.587838e-04   7.974206e-21   504
  8.347777e-01   1.837532e-19   3.416652e-04   8.970912e-21   396
  8.358127e-01   1.644322e-19   3.133249e-04   8.265205e-21   312
  8.370674e-01   2.187378e-19   1.914750e-04   1.599978e-20   216
  8.379516e-01   1.290145e-19   1.039172e-04   8.756970e-21   168
  8.390260e-01   1.325520e-19   2.623966e-04   5.295203e-21   588
  8.402521e-01   1.234107e-19   3.561727e-04   7.713987e-21   240
  8.412047e-01   1.139464e-19   3.145601e-04   7.630238e-21   264
  8.423219e-01   1.286544e-19   3.890183e-04   7.180162e-21   288
  8.433131e-01   1.276422e-19   1.942596e-04   7.138873e-21   288
  8.445693e-01   1.291987e-19   1.824406e-04   6.097324e-21   288
  8.454153e-01   1.231166e-19   2.113423e-04   6.765256e-21   192
  8.464795e-01   1.098759e-19   2.248894e-04   5.886781e-21   264
  8.474933e-01   1.893447e-19   3.699119e-04   9.885513e-21   372
  8.485844e-01   1.819227e-19   3.995208e-04   1.007389e-20   360
  8.499161e-01   1.486904e-19   1.690810e-04   1.310131e-20   144
  8.506044e-01   1.191345e-19   2.348461e-04   7.876874e-21   296
  8.516909e-01   1.093374e-19   2.530345e-04   6.144377e-21   288
  8.529347e-01   1.428750e-19   3.781537e-04   6.079255e-21   480
  8.540076e-01   1.136144e-19   3.142096e-04   7.197880e-21   192
  8.550509e-01   1.466644e-19   3.370327e-04   1.007540e-20   192
  8.559992e-01   1.023295e-19   2.147949e-04   5.748145e-21   288
  8.573180e-01   9.151866e-20   1.869760e-04   6.148134e-21   108
  8.579823e-01   1.376100e-19   1.797545e-04   9.044958e-21   240
  8.591554e-01   1.095312e-19   3.353363e-04   5.034350e-21   384
  8.603605e-01   1.297953e-19   4.090722e-04   1.320846e-20   108
  8.614261e-01   1.675141e-19   2.398466e-04   8.648470e-21   348
  8.625466e-01   1.353106e-19   2.503134e-04   8.589293e-21   312
  8.635474e-01   1.221218e-19   2.432319e-04   1.317542e-20   96
  8.644677e-01   1.184171e-19   3.238194e-04   6.081344e-21   384
  8.654984e-01   1.062532e-19   2.227222e-04   7.469340e-21   144
  8.665066e-01   1.214665e-19   3.422225e-04   5.386776e-21   408
  8.677598e-01   1.054937e-19   1.526554e-04   6.233487e-21   144
  8.689437e-01   1.317570e-19   2.934816e-04   1.502124e-20   192
  8.696459e-01   1.535517e-19   3.303190e-04   1.294987e-20   144
  8.707904e-01   1.072919e-19   2.685615e-04   7.842212e-21   144
  8.718702e-01   1.344606e-19   3.282257e-04   7.682369e-21   336
  8.731927e-01   8.008098e-20   2.428454e-04   3.738028e-21   240
  8.740312e-01   1.239576e-19   1.102739e-04   1.158727e-20   96
  8.752007e-01   1.318928e-19   3.233803e-04   5.990361e-21   372
  8.763838e-01   1.024068e-19   3.846540e-04   1.133262e-20   132
  8.774230e-01   9.660574e-20   2.380193e-04   4.522169e-21   264
  8.783527e-01   1.352400e-19   1.827880e-04   1.343113e-20   168
  8.793449e-01   1.265131e-19   2.922429e-04   8.009623e-21   216
  8.802213e-01   1.232287e-19   1.787978e-04   9.840391e-21   216
  8.814979e-01   9.244491e-20   3.280196e-04   6.482595e-21   96
  8.826561e-01   9.761937e-20   2.140028e-04   8.015643e-21   120
  8.837183e-01   9.407498e-20   2.720578e-04   4.863914e-21   216
  8.845934e-01   8.248566e-20   1.188902e-04   4.753245e-21   200
  8.857519e-01   9.842635e-20   3.077557e-04   5.581825e-21   288
  8.872378e-01   8.078614e-20   8.097649e-05   4.654859e-21   144
  8.878635e-01   9.809120e-20   2.519939e-04   6.007826e-21   168
  8.891412e-01   1.364571e-19   2.835956e-04   1.567224e-20   159
  8.901386e-01   1.164046e-19   2.975600e-04   1.072929e-20   174
  8.911039e-01   1.089968e-19   2.698170e-04   7.290198e-21   144
  8.923678e-01   1.039314e-19   1.557998e-04   6.024792e-21   222
  8.932131e-01   9.642225e-20   1.572158e-04   5.564538e-21   168
  8.946732e-01   1.288133e-19   3.448346e-04   2.542594e-20   30
  8.952763e-01   5.759008e-20   3.044637e-04   5.986158e-21   72
  8.964123e-01   1.033600e-19   2.717302e-04   6.890840e-21   258
  8.976612e-01   9.167652e-20   1.701916e-04   4.549692e-21   264
  8.982857e-01   7.262932e-20   1.835347e-08   6.100631e-21   72
  8.995871e-01   8.085781e-20   3.373270e-04   5.703806e-21   174
  9.007654e-01   9.107705e-20   3.591909e-04   4.804449e-21   168
  9.017127e-01   6.883706e-20   1.123916e-08   5.451948e-21   48
  9.027297e-01   7.799080e-20   2.028435e-04   5.166827e-21   150
  9.039088e-01   9.477447e-20   3.731453e-04   6.552294e-21   168
  9.050911e-01   6.846972e-20   2.273028e-04   4.476047e-21   144
  9.061784e-01   1.169084e-19   2.123525e-04   1.413580e-20   102
  9.069882e-01   7.531467e-20   3.143182e-04   4.574590e-21   96
  9.082731e-01   7.014784e-20   3.119397e-04   4.150568e-21   120
  9.092246e-01   6.957007e-20   3.345635e-04   4.361022e-21   168
  9.102538e-01   9.272006e-20   2.470487e-04   6.466256e-21   126
  9.111308e-01   7.736764e-20   1.863241e-04   4.545590e-21   168
  9.123389e-01   7.877344e-20   2.987709e-04   6.115463e-21   72
  9.133947e-01   6.527793e-20   3.741278e-04   4.196991e-21   168
  9.143196e-01   7.855524e-20   1.025668e-04   8.236494e-21   78
  9.155870e-01   7.324071e-20   1.684070e-04   5.508567e-21   60
  9.166075e-01   1.054497e-19   2.731835e-04   8.559281e-21   96
  9.176659e-01   7.074444e-20   3.314854e-04   3.830023e-21   168
  9.186605e-01   5.729115e-20   2.097511e-04   4.066130e-21   86
  9.197042e-01   6.286886e-20   1.874678e-04   3.354255e-21   120
  9.212002e-01   6.083618e-20   1.336894e-04   3.499836e-21   168
  9.220069e-01   6.639177e-20   0.000000e+00   6.562997e-21   48
  9.230934e-01   9.403175e-20   2.435676e-04   6.830792e-21   120
  9.237177e-01   6.781531e-20   1.776924e-04   5.633136e-21   126
  9.252418e-01   7.738884e-20   3.125113e-04   6.163558e-21   96
  9.262310e-01   6.361496e-20   9.011285e-05   4.015415e-21   96
  9.270111e-01   6.616861e-20   1.059638e-08   3.404415e-21   72
  9.286731e-01   6.974542e-20   1.123916e-08   6.000099e-21   24
  9.297104e-01   6.875288e-20   1.854501e-04   4.608754e-21   120
  9.305196e-01   7.169108e-20   2.705147e-04   5.334182e-21   126
  9.314194e-01   6.508067e-20   2.255107e-04   4.207970e-21   96
  9.324708e-01   6.103766e-20   3.897482e-04   4.878435e-21   72
  9.336415e-01   5.167387e-20   1.685792e-04   3.863978e-21   144
  9.346046e-01   6.105875e-20   9.723254e-05   4.927380e-21   72
  9.355666e-01   6.121493e-20   1.942081e-04   6.597319e-21   54
  9.364132e-01   7.829239e-20   1.711436e-04   5.118463e-21   108
  9.381728e-01   6.582806e-20   1.677650e-04   6.156820e-21   72
  9.387206e-01   7.301549e-20   9.680617e-05   6.232297e-21   72
  9.400202e-01   8.302273e-20   1.946680e-08   9.044391e-21   24
  9.412498e-01   5.571118e-20   2.047976e-04   4.384089e-21   48
  9.419964e-01   6.482902e-20   1.560029e-04   5.075723e-21   102
  9.431203e-01   5.935781e-20   3.528137e-04   3.533876e-21   168
  9.445889e-01   5.466672e-20   1.924163e-04   3.961224e-21   72
  9.451330e-01   5.463892e-20   0.000000e+00   4.434319e-21   48
  9.462744e-01   6.933790e-20   3.309678e-04   5.043511e-21   120
  9.477807e-01   7.229167e-20   2.033864e-04   5.304944e-21   96
  9.492033e-01   8.627726e-20   1.798266e-08   9.101126e-21   30
  9.508942e-01   6.367398e-20   9.555995e-05   4.301455e-21   72
  9.516372e-01   7.413069e-20   1.123916e-08   9.397810e-21   24
  9.525916e-01   4.948726e-20   1.416435e-04   4.629139e-21   56
  9.536606e-01   4.527720e-20   2.021324e-04   2.879163e-21   96
  9.549399e-01   6.314212e-20   2.232036e-04   4.375253e-21   144
  9.559263e-01   5.622555e-20   1.267263e-04   4.397901e-21   54
  9.573592e-01   5.790527e-20   1.898493e-04   4.118094e-21   108
  9.588012e-01   8.333570e-20   1.005243e-04   8.458836e-21   48
  9.601739e-01   6.249769e-20   3.785063e-04   4.911102e-21   72
  9.634680e-01   6.183123e-20   2.500803e-04   4.488585e-21   78
  9.643808e-01   4.976664e-20   1.884669e-04   2.644581e-21   72
  9.654462e-01   5.222326e-20   1.882329e-04   3.848378e-21   72
  9.665603e-01   4.706912e-20   4.542266e-04   3.248976e-21   96
  9.674408e-01   5.050794e-20   1.878449e-04   3.702607e-21   72
  9.685029e-01   5.404234e-20   0.000000e+00   1.126320e-20   24
  9.695638e-01   5.784176e-20   3.748416e-04   5.010968e-21   72
  9.719599e-01   6.033515e-20   2.380359e-04   7.171974e-21   30
  9.724755e-01   7.464351e-20   0.000000e+00   1.191185e-20   24
  9.752466e-01   5.583502e-20   1.976584e-04   4.557394e-21   48
  9.761159e-01   5.004066e-20   4.253608e-04   3.108985e-21   120
  9.772870e-01   5.027636e-20   1.859776e-04   3.675719e-21   72
  9.784697e-01   5.995927e-20   1.857528e-04   4.992023e-21   36
  9.792826e-01   6.470511e-20   3.671339e-04   5.049954e-21   78
  9.815513e-01   5.292504e-20   1.963888e-04   5.254884e-21   48
  9.844928e-01   6.324991e-20   1.589457e-08   7.140578e-21   24
  9.865884e-01   4.097550e-20   1.367612e-04   3.960401e-21   56
  9.876436e-01   4.610561e-20   2.104496e-04   2.788968e-21   102
  9.889860e-01   5.605144e-20   1.498555e-08   5.407837e-21   72
  9.897653e-01   7.373513e-20   1.123916e-08   1.098329e-20   24
  9.911277e-01   5.540553e-20   1.944913e-04   4.711460e-21   48
  9.936528e-01   4.789134e-20   0.000000e+00   4.432627e-21   24
  9.967520e-01   2.594988e-20   0.000000e+00   4.048200e-21   6
  9.977185e-01   4.242355e-20   0.000000e+00   4.105781e-21   24
  9.983623e-01   5.198204e-20   1.820511e-04   4.634407e-21   72
  9.995384e-01   4.344421e-20   3.396336e-04   3.382989e-21   84
  1.000805e+00   5.893275e-20   0.000000e+00   8.417220e-21   24
  1.001190e+00   3.814075e-20   1.589457e-08   3.447396e-21   24
  1.003114e+00   4.044118e-20   1.946680e-08   6.088784e-21   24
  1.005800e+00   9.863771e-20   0.000000e+00   2.102147e-20   6
  1.009244e+00   5.914560e-20   1.910001e-04   4.366485e-21   48
  1.010072e+00   4.655501e-20   3.598129e-04   3.902791e-21   72
  1.011152e+00   4.345515e-20   1.906396e-04   3.636956e-21   48
  1.012867e+00   4.911183e-20   0.000000e+00   7.725721e-21   24
  1.015148e+00   4.488587e-20   0.000000e+00   1.266904e-20   6
  1.020262e+00   4.906720e-20   0.000000e+00   4.825251e-21   8
  1.020640e+00   4.309016e-20   1.123916e-08   6.510949e-21   48
  1.021546e+00   5.514619e-20   1.848806e-04   5.336538e-21   60
  1.022904e+00   4.120757e-20   0.000000e+00   5.007752e-21   24
  1.024787e+00   4.968671e-20   0.000000e+00   9.323032e-21   6
  1.031723e+00   5.076188e-20   0.000000e+00   7.492021e-21   24
  1.032283e+00   5.211352e-20   1.867372e-04   5.191821e-21   48
  1.033217e+00   3.230757e-20   0.000000e+00   4.061967e-21   24
  1.034708e+00   7.674632e-20   0.000000e+00   2.186151e-20   6
  1.043181e+00   5.534180e-20   1.742080e-04   6.770019e-21   36
  1.043797e+00   3.526380e-20   0.000000e+00   5.096767e-21   24
  1.044904e+00   4.770179e-20   0.000000e+00   1.501131e-20   6
  1.054545e+00   6.450906e-20   1.583190e-04   7.779138e-21   32
  1.055367e+00   2.793372e-20   0.000000e+00   4.920053e-21   6
  1.065728e+00   6.009307e-20   0.000000e+00   9.818639e-21   12
  1.066089e+00   6.574521e-20   0.000000e+00   1.176837e-20   6
  1.077063e+00   5.376665e-20   0.000000e+00   1.825053e-20   6
