# power spectrum of phi
# redshift z=2.925221
# k              Pk             sigma(k)       sigma(Pk)      count
  1.963495e-02   1.659448e-10   0.000000e+00   6.697915e-11   6
  2.776802e-02   6.750354e-11   0.000000e+00   1.350649e-11   12
  3.400874e-02   3.833726e-11   3.725290e-10   8.068890e-12   8
  3.926991e-02   1.072858e-10   0.000000e+00   1.168249e-11   6
  4.390509e-02   6.326019e-11   7.024475e-10   2.010494e-11   24
  4.809562e-02   7.945586e-11   7.024475e-10   1.373982e-11   24
  5.553604e-02   2.918998e-11   0.000000e+00   1.299637e-11   12
  5.890486e-02   3.250236e-11   7.947286e-10   5.668698e-12   30
  6.209118e-02   4.105853e-11   0.000000e+00   8.809157e-12   24
  6.512178e-02   3.538883e-11   1.216675e-09   8.787184e-12   24
  6.801748e-02   3.697874e-11   7.450581e-10   7.216777e-12   8
  7.079483e-02   3.120898e-11   9.934107e-10   3.975015e-12   24
  7.346727e-02   2.789476e-11   0.000000e+00   3.979730e-12   48
  7.853982e-02   3.102802e-11   0.000000e+00   1.366659e-11   6
  8.095699e-02   2.323382e-11   9.934107e-10   3.338091e-12   48
  8.330406e-02   2.092087e-11   9.365966e-10   2.321919e-12   36
  8.558678e-02   2.838661e-11   9.934107e-10   6.053317e-12   24
  8.781018e-02   1.665512e-11   1.404895e-09   2.642507e-12   24
  8.997866e-02   1.396044e-11   0.000000e+00   1.810357e-12   48
  9.209610e-02   1.830346e-11   1.404895e-09   2.645474e-12   24
  9.619124e-02   1.566876e-11   1.404895e-09   2.283332e-12   24
  9.817477e-02   9.238657e-12   0.000000e+00   1.579151e-12   30
  1.001190e-01   1.065036e-11   0.000000e+00   1.146689e-12   72
  1.020262e-01   1.032023e-11   1.490116e-09   2.204286e-12   32
  1.057375e-01   1.218733e-11   0.000000e+00   1.417261e-12   72
  1.075451e-01   7.255406e-12   0.000000e+00   1.094993e-12   48
  1.110721e-01   3.828662e-12   0.000000e+00   1.200371e-12   12
  1.127942e-01   7.435649e-12   0.000000e+00   1.061484e-12   48
  1.144905e-01   6.441950e-12   0.000000e+00   5.976883e-13   48
  1.161620e-01   7.908804e-12   1.404895e-09   1.061675e-12   48
  1.178097e-01   9.801321e-12   1.589457e-09   1.758157e-12   30
  1.194348e-01   1.028868e-11   0.000000e+00   2.185761e-12   24
  1.210380e-01   1.004140e-11   2.961779e-09   1.093480e-12   72
  1.241824e-01   4.845064e-12   0.000000e+00   1.088816e-12   24
  1.257251e-01   7.544113e-12   0.000000e+00   7.250206e-13   96
  1.272490e-01   5.778598e-12   0.000000e+00   8.824549e-13   48
  1.287550e-01   4.497925e-12   2.433349e-09   9.869375e-13   24
  1.302436e-01   3.102457e-12   2.433349e-09   6.482448e-13   24
  1.317153e-01   7.985749e-12   0.000000e+00   9.289205e-13   72
  1.331707e-01   6.199717e-12   0.000000e+00   8.976810e-13   48
  1.360350e-01   4.319085e-12   1.490116e-09   1.135375e-12   8
  1.374447e-01   7.858375e-12   1.766064e-09   1.060684e-12   54
  1.388401e-01   4.694305e-12   0.000000e+00   7.317299e-13   84
  1.402216e-01   6.315740e-12   0.000000e+00   8.687258e-13   48
  1.415897e-01   3.489619e-12   1.986821e-09   5.671175e-13   24
  1.429446e-01   4.403990e-12   2.649095e-09   4.803047e-13   72
  1.442869e-01   5.594091e-12   0.000000e+00   6.549997e-13   96
  1.469345e-01   6.659535e-12   0.000000e+00   7.173755e-13   48
  1.482407e-01   4.100847e-12   0.000000e+00   4.580085e-13   48
  1.495354e-01   3.633827e-12   0.000000e+00   6.997210e-13   24
  1.508189e-01   3.842426e-12   0.000000e+00   4.117746e-13   72
  1.533539e-01   3.537184e-12   0.000000e+00   4.303022e-13   72
  1.546058e-01   3.418235e-12   0.000000e+00   3.734707e-13   96
  1.570796e-01   5.736950e-12   0.000000e+00   2.447096e-12   6
  1.583021e-01   3.803765e-12   0.000000e+00   4.384015e-13   96
  1.595151e-01   3.948405e-12   1.986821e-09   4.193920e-13   96
  1.607190e-01   1.945308e-12   0.000000e+00   4.607221e-13   24
  1.619140e-01   2.809062e-12   1.986821e-09   3.385758e-13   48
  1.631002e-01   2.789027e-12   0.000000e+00   2.821571e-13   96
  1.642778e-01   2.675592e-12   0.000000e+00   4.329338e-13   48
  1.666081e-01   2.570679e-12   1.873193e-09   4.263310e-13   36
  1.677611e-01   2.522110e-12   3.441276e-09   3.297841e-13   48
  1.689063e-01   2.832100e-12   3.893359e-09   2.618868e-13   120
  1.700437e-01   2.602600e-12   0.000000e+00   3.628389e-13   56
  1.711736e-01   1.338483e-12   1.986821e-09   2.515689e-13   24
  1.722960e-01   1.985847e-12   0.000000e+00   1.957696e-13   96
  1.734112e-01   2.097503e-12   0.000000e+00   2.490308e-13   48
  1.756204e-01   2.706827e-12   2.809790e-09   4.682131e-13   24
  1.767146e-01   2.817841e-12   0.000000e+00   3.112533e-13   102
  1.778021e-01   3.207756e-12   1.986821e-09   5.261897e-13   48
  1.788829e-01   2.625989e-12   0.000000e+00   2.540565e-13   72
  1.799573e-01   2.362238e-12   0.000000e+00   2.316824e-13   48
  1.810253e-01   2.671664e-12   0.000000e+00   5.115722e-13   48
  1.820871e-01   2.345390e-12   4.495664e-09   2.127409e-13   120
  1.841922e-01   2.555005e-12   2.809790e-09   3.258523e-13   24
  1.852358e-01   1.846246e-12   2.649095e-09   1.593600e-13   144
  1.862735e-01   1.790146e-12   3.178914e-09   2.097934e-13   120
  1.873055e-01   1.771860e-12   2.809790e-09   2.794777e-13   48
  1.893526e-01   2.162285e-12   2.809790e-09   3.064359e-13   48
  1.903679e-01   1.729521e-12   2.809790e-09   1.591087e-13   96
  1.930487e-01   1.853642e-12   4.711199e-04   2.182739e-13   72
  1.943761e-01   1.688995e-12   2.497591e-09   1.409760e-13   108
  1.953653e-01   1.809890e-12   0.000000e+00   1.827951e-13   72
  1.963495e-01   1.151732e-12   0.000000e+00   2.284789e-13   30
  1.973288e-01   1.857201e-12   0.000000e+00   1.323216e-13   168
  1.983033e-01   2.312187e-12   0.000000e+00   2.425820e-13   48
  2.002380e-01   1.324876e-12   0.000000e+00   1.619390e-13   72
  2.011984e-01   1.820852e-12   0.000000e+00   1.962542e-13   96
  2.021542e-01   1.519176e-12   5.298191e-09   2.027925e-13   72
  2.031055e-01   1.695913e-12   0.000000e+00   1.655153e-13   72
  2.047049e-01   1.782571e-12   4.350048e-04   1.467557e-13   104
  2.059331e-01   1.495310e-12   3.746387e-09   1.067598e-13   144
  2.087224e-01   9.480698e-13   6.282881e-09   9.538002e-14   96
  2.096439e-01   9.875191e-13   0.000000e+00   1.032669e-13   96
  2.111095e-01   1.404176e-12   4.475232e-04   1.305352e-13   120
  2.123845e-01   1.173155e-12   0.000000e+00   9.914739e-14   120
  2.132902e-01   1.589030e-12   0.000000e+00   1.734217e-13   72
  2.150901e-01   1.570353e-12   0.000000e+00   1.799687e-13   48
  2.159845e-01   1.441930e-12   4.890638e-09   1.876956e-13   78
  2.171286e-01   1.361311e-12   4.007142e-04   1.132594e-13   168
  2.195255e-01   1.270479e-12   4.588368e-09   1.038333e-13   144
  2.204018e-01   1.604419e-12   3.746387e-09   1.134101e-13   144
  2.229436e-01   1.169958e-12   2.307791e-04   1.080782e-13   156
  2.238729e-01   1.080610e-12   4.866699e-09   2.344942e-13   48
  2.247323e-01   1.071130e-12   3.178914e-09   1.008187e-13   120
  2.255884e-01   9.192956e-13   0.000000e+00   1.426105e-13   48
  2.271022e-01   1.131195e-12   3.532495e-04   8.674001e-14   216
  2.289809e-01   5.820193e-13   0.000000e+00   7.005898e-14   48
  2.298212e-01   8.005745e-13   2.809790e-09   6.489865e-14   96
  2.310160e-01   9.438164e-13   4.128272e-04   8.448205e-14   168
  2.323239e-01   6.829653e-13   2.809790e-09   9.395543e-14   48
  2.331522e-01   9.612491e-13   0.000000e+00   8.930293e-14   96
  2.339775e-01   8.659873e-13   0.000000e+00   1.442404e-13   48
  2.356194e-01   1.139108e-12   3.178914e-09   1.429303e-13   30
  2.364362e-01   8.717067e-13   0.000000e+00   7.047433e-14   96
  2.374123e-01   8.762468e-13   3.244455e-04   6.544649e-14   240
  2.386674e-01   1.503981e-12   3.500299e-04   2.288512e-13   32
  2.396752e-01   6.657085e-13   0.000000e+00   4.607806e-14   168
  2.404781e-01   6.999431e-13   0.000000e+00   7.169828e-14   120
  2.420760e-01   7.559727e-13   5.923557e-09   9.567750e-14   72
  2.428710e-01   1.020348e-12   2.649095e-09   1.018916e-13   144
  2.436634e-01   7.576398e-13   0.000000e+00   6.757478e-14   96
  2.444532e-01   8.665586e-13   0.000000e+00   6.651945e-14   96
  2.460253e-01   1.251241e-12   0.000000e+00   1.501399e-13   72
  2.468075e-01   6.576582e-13   3.973643e-09   6.730343e-14   96
  2.483647e-01   1.194531e-12   0.000000e+00   2.324817e-13   24
  2.491396e-01   8.216924e-13   0.000000e+00   5.751950e-14   192
  2.500522e-01   7.567813e-13   2.970416e-04   6.443882e-14   132
  2.514501e-01   7.487345e-13   0.000000e+00   6.971545e-14   96
  2.522156e-01   4.890768e-13   0.000000e+00   4.693553e-14   96
  2.529787e-01   6.789174e-13   3.178914e-09   5.432505e-14   120
  2.544981e-01   7.102589e-13   0.000000e+00   6.959890e-14   48
  2.557435e-01   6.378793e-13   3.599905e-04   3.744004e-14   222
  2.567603e-01   7.749218e-13   0.000000e+00   6.840520e-14   120
  2.575100e-01   4.868621e-13   4.866699e-09   1.173690e-13   24
  2.586015e-01   8.218606e-13   3.715625e-04   5.055328e-14   312
  2.609797e-01   8.362963e-13   3.483547e-04   7.988158e-14   72
  2.619630e-01   6.454811e-13   4.866699e-09   6.222879e-14   96
  2.629726e-01   6.829102e-13   3.547511e-04   5.696205e-14   192
  2.641613e-01   6.541946e-13   4.495664e-09   7.454857e-14   120
  2.648900e-01   5.590146e-13   0.000000e+00   4.662312e-14   144
  2.663415e-01   7.341866e-13   0.000000e+00   9.744041e-14   48
  2.673732e-01   5.568880e-13   3.567146e-04   3.759962e-14   336
  2.685040e-01   6.110404e-13   0.000000e+00   5.985049e-14   48
  2.699360e-01   5.868062e-13   0.000000e+00   5.063747e-14   192
  2.706492e-01   4.010238e-13   0.000000e+00   4.953079e-14   48
  2.726764e-01   3.701000e-13   2.476067e-04   3.888503e-14   56
  2.736844e-01   5.301159e-13   3.180112e-04   3.153589e-14   336
  2.748894e-01   4.250609e-13   3.532127e-09   7.119800e-14   54
  2.759390e-01   4.988309e-13   3.492904e-04   3.239611e-14   240
  2.781181e-01   5.231143e-13   3.344484e-04   4.278570e-14   228
  2.790651e-01   5.031482e-13   3.746387e-09   5.918568e-14   72
  2.799844e-01   5.203693e-13   3.244231e-04   4.334359e-14   144
  2.811298e-01   5.037137e-13   0.000000e+00   4.823198e-14   96
  2.818146e-01   4.846567e-13   4.495664e-09   3.488202e-14   240
  2.831793e-01   2.830725e-13   3.973643e-09   4.317647e-14   24
  2.840530e-01   4.991104e-13   3.064151e-04   2.865566e-14   336
  2.852142e-01   2.999250e-13   0.000000e+00   3.327965e-14   72
  2.862741e-01   5.706683e-13   3.332831e-04   4.714791e-14   168
  2.872346e-01   4.954832e-13   0.000000e+00   6.467308e-14   72
  2.885737e-01   6.629016e-13   0.000000e+00   7.105009e-14   96
  2.896108e-01   3.691615e-13   3.307829e-04   2.559116e-14   216
  2.905708e-01   3.329136e-13   0.000000e+00   2.768345e-14   96
  2.918946e-01   4.473394e-13   3.973643e-09   3.231513e-14   192
  2.925542e-01   3.964173e-13   3.746387e-09   2.520520e-14   144
  2.938691e-01   2.791829e-13   0.000000e+00   2.793728e-14   48
  2.947794e-01   4.341049e-13   3.189136e-04   3.328539e-14   246
  2.960164e-01   4.900959e-13   2.940434e-04   4.383433e-14   168
  2.971308e-01   3.996737e-13   7.786718e-09   5.275028e-14   120
  2.977788e-01   3.549399e-13   0.000000e+00   2.580767e-14   240
  2.990707e-01   4.682115e-13   0.000000e+00   1.059448e-13   24
  3.001001e-01   3.562121e-13   3.147475e-04   1.939170e-14   360
  3.013820e-01   4.920352e-13   3.134082e-04   4.549774e-14   120
  3.022763e-01   3.994882e-13   0.000000e+00   3.722660e-14   144
  3.029133e-01   5.049315e-13   0.000000e+00   4.779068e-14   96
  3.048165e-01   3.355794e-13   0.000000e+00   2.712184e-14   144
  3.054482e-01   5.045425e-13   0.000000e+00   5.207167e-14   132
  3.063360e-01   3.288249e-13   3.093292e-04   2.859693e-14   176
  3.076248e-01   3.360471e-13   3.123602e-04   1.952107e-14   312
  3.092116e-01   3.415564e-13   0.000000e+00   4.137940e-14   96
  3.098343e-01   2.460693e-13   0.000000e+00   2.243651e-14   144
  3.107899e-01   3.250340e-13   3.092271e-04   2.255516e-14   312
  3.123131e-01   3.150518e-13   0.000000e+00   4.542002e-14   48
  3.129297e-01   3.181780e-13   3.973643e-09   2.349447e-14   192
  3.141593e-01   2.270952e-13   0.000000e+00   4.911708e-14   6
  3.149762e-01   3.040095e-13   2.884066e-04   1.845569e-14   288
  3.162994e-01   3.200457e-13   3.047203e-04   2.674706e-14   192
  3.172124e-01   2.952398e-13   9.345130e-09   2.255749e-14   216
  3.178195e-01   3.551671e-13   0.000000e+00   4.566765e-14   72
  3.193321e-01   3.386740e-13   3.018264e-04   3.781911e-14   192
  3.203366e-01   3.403306e-13   2.241224e-04   2.647368e-14   288
  3.214381e-01   2.629457e-13   0.000000e+00   5.559714e-14   24
  3.222890e-01   2.789116e-13   2.952626e-04   1.594402e-14   456
  3.238280e-01   3.225328e-13   0.000000e+00   6.239863e-14   48
  3.247789e-01   3.430690e-13   2.908218e-04   2.328919e-14   240
  3.258718e-01   3.331069e-13   2.939082e-04   2.472960e-14   216
  3.267908e-01   2.585149e-13   0.000000e+00   2.960786e-14   72
  3.273801e-01   2.167728e-13   1.015467e-08   1.707764e-14   168
  3.290441e-01   2.777514e-13   2.184577e-04   1.908565e-14   288
  3.299773e-01   2.917152e-13   2.890570e-04   2.449205e-14   168
  3.314762e-01   2.698737e-13   0.000000e+00   2.170357e-14   192
  3.320572e-01   2.184349e-13   3.746387e-09   1.405146e-14   144
  3.332162e-01   3.616847e-13   3.746387e-09   4.145197e-14   36
  3.341991e-01   2.109815e-13   2.639705e-04   1.211791e-14   342
  3.351389e-01   2.439617e-13   2.710657e-04   2.571056e-14   144
  3.363470e-01   2.808732e-13   2.842800e-04   2.163838e-14   384
  3.378125e-01   2.787639e-13   7.786718e-09   2.967078e-14   120
  3.385379e-01   2.862407e-13   2.534951e-04   1.725910e-14   264
  3.395201e-01   2.472811e-13   1.256576e-08   1.863681e-14   192
  3.404451e-01   2.213007e-13   2.731894e-04   2.079264e-14   152
  3.412191e-01   2.302136e-13   7.492773e-09   2.362349e-14   144
  3.428472e-01   1.813707e-13   1.768108e-04   1.528386e-14   216
  3.436008e-01   2.751750e-13   2.362665e-04   1.963407e-14   312
  3.449274e-01   2.263847e-13   2.738281e-04   1.673095e-14   240
  3.457090e-01   2.001507e-13   3.973643e-09   1.687460e-14   96
  3.471927e-01   1.520713e-13   2.617995e-04   1.229812e-14   144
  3.481071e-01   2.143422e-13   2.573258e-04   1.217247e-14   456
  3.495904e-01   1.293454e-13   0.000000e+00   1.106644e-14   120
  3.501414e-01   1.900745e-13   0.000000e+00   1.683722e-14   144
  3.512407e-01   1.837709e-13   5.619580e-09   2.107800e-14   24
  3.519456e-01   1.713202e-13   2.473498e-04   1.033111e-14   336
  3.531645e-01   2.000694e-13   2.727931e-04   1.833674e-14   198
  3.543067e-01   2.203457e-13   2.652756e-04   1.627798e-14   432
  3.556041e-01   2.820611e-13   7.947286e-09   4.967007e-14   48
  3.562810e-01   2.560099e-13   2.341925e-04   1.706697e-14   384
  3.574963e-01   2.123529e-13   2.696052e-04   2.490567e-14   144
  3.585975e-01   2.797178e-13   2.676825e-04   2.694517e-14   264
  3.599147e-01   1.940328e-13   0.000000e+00   1.870586e-14   48
  3.607984e-01   1.727013e-13   2.545223e-04   1.343942e-14   276
  3.616510e-01   2.084910e-13   2.307176e-04   1.955322e-14   192
  3.627906e-01   1.668939e-13   2.592759e-04   8.120315e-15   552
  3.641741e-01   1.441383e-13   6.357829e-09   1.584417e-14   120
  3.649965e-01   1.331884e-13   2.624511e-04   1.034882e-14   216
  3.657587e-01   1.527736e-13   6.357829e-09   1.307735e-14   120
  3.671201e-01   1.995254e-13   2.584500e-04   1.175084e-14   408
  3.683844e-01   5.025027e-14   5.619580e-09   6.977316e-15   24
  3.691684e-01   1.757974e-13   2.610810e-04   1.268240e-14   384
  3.702633e-01   1.298495e-13   2.550855e-04   9.177782e-15   240
  3.712141e-01   1.565063e-13   2.569535e-04   1.288801e-14   168
  3.725471e-01   1.150315e-13   0.000000e+00   1.245405e-14   120
  3.734064e-01   2.053014e-13   2.678605e-04   1.686511e-14   350
  3.748037e-01   1.826338e-13   4.409502e-04   1.349488e-14   384
  3.756388e-01   2.310864e-13   0.000000e+00   2.959859e-14   144
  3.771752e-01   1.545559e-13   5.298191e-09   1.540278e-14   288
  3.779773e-01   1.657129e-13   2.524053e-04   1.377497e-14   336
  3.790686e-01   1.263859e-13   2.297941e-04   1.289450e-14   168
  3.797219e-01   2.029183e-13   1.506181e-08   1.421117e-14   336
  3.810732e-01   1.160336e-13   2.385126e-04   7.680774e-15   288
  3.818848e-01   1.527042e-13   2.247398e-04   1.106873e-14   264
  3.832590e-01   1.498527e-13   0.000000e+00   1.522627e-14   240
  3.837616e-01   1.231114e-13   0.000000e+00   1.646631e-14   96
  3.855656e-01   1.433067e-13   3.056310e-04   1.054883e-14   360
  3.864075e-01   1.285312e-13   2.253025e-04   1.408866e-14   168
  3.874713e-01   1.413810e-13   2.456032e-04   8.470553e-15   456
  3.887523e-01   1.145740e-13   7.064254e-09   1.327302e-14   108
  3.894728e-01   8.892726e-14   2.464311e-04   5.850832e-15   264
  3.903716e-01   1.251669e-13   2.198567e-04   1.038529e-14   264
  3.916025e-01   1.309512e-13   2.074668e-04   8.031458e-15   312
  3.931351e-01   1.443966e-13   1.541705e-04   1.599637e-14   270
  3.937775e-01   1.643957e-13   1.957388e-04   1.492370e-14   240
  3.949323e-01   1.443422e-13   2.421536e-04   1.144295e-14   384
  3.956334e-01   1.241555e-13   7.947286e-09   8.572052e-15   192
  3.969952e-01   1.445387e-13   1.942960e-04   1.249843e-14   240
  3.977852e-01   1.491723e-13   2.397927e-04   1.146942e-14   336
  3.992708e-01   1.303986e-13   2.413972e-04   7.476861e-15   480
  4.004761e-01   1.437428e-13   5.298191e-09   2.023696e-14   72
  4.011493e-01   1.441140e-13   2.353842e-04   1.474684e-14   240
  4.020650e-01   1.192088e-13   2.212289e-04   8.442187e-15   312
  4.031147e-01   1.068138e-13   2.390954e-04   8.115881e-15   240
  4.047009e-01   1.190915e-13   1.816506e-04   9.284090e-15   408
  4.053288e-01   1.090040e-13   1.663482e-04   8.383683e-15   336
  4.065560e-01   1.125635e-13   2.112212e-04   9.244944e-15   264
  4.071591e-01   7.502726e-14   0.000000e+00   5.539584e-15   144
  4.088370e-01   1.075518e-13   2.927651e-04   7.290543e-15   464
  4.097211e-01   8.287811e-14   2.328083e-04   6.904399e-15   168
  4.105939e-01   1.007431e-13   2.120376e-04   9.185144e-15   336
  4.121713e-01   1.064224e-13   2.227870e-04   8.664448e-15   414
  4.130606e-01   1.972057e-13   2.319080e-04   1.955793e-14   216
  4.141998e-01   1.962783e-13   5.619580e-09   2.542708e-14   96
  4.146649e-01   1.164373e-13   1.376510e-08   1.095891e-14   384
  4.162944e-01   1.110431e-13   2.314600e-04   8.352045e-15   492
  4.171676e-01   1.393441e-13   2.263480e-04   1.135554e-14   240
  4.181546e-01   1.063377e-13   2.298225e-04   7.833385e-15   312
  4.195176e-01   7.023867e-14   2.297469e-04   6.760374e-15   192
  4.203810e-01   9.918034e-14   2.226525e-04   7.675342e-15   504
  4.215265e-01   1.161962e-13   1.473998e-04   9.213661e-15   408
  4.224284e-01   7.596897e-14   4.515774e-04   6.417675e-15   168
  4.235571e-01   1.305305e-13   2.145032e-04   8.869112e-15   288
  4.245041e-01   8.933714e-14   2.238525e-04   6.568547e-15   288
  4.254743e-01   6.930061e-14   2.251410e-04   4.680297e-15   432
  4.268815e-01   1.003359e-13   2.129084e-04   7.181624e-15   216
  4.276334e-01   8.821411e-14   2.124592e-04   6.325677e-15   360
  4.289721e-01   9.533051e-14   2.073582e-04   6.956821e-15   312
  4.301803e-01   1.187118e-13   0.000000e+00   1.848520e-14   48
  4.308767e-01   7.467341e-14   2.223178e-04   4.914948e-15   432
  4.321240e-01   8.510900e-14   3.708284e-04   7.201044e-15   414
  4.328606e-01   9.138632e-14   8.470833e-09   8.625591e-15   312
  4.342347e-01   9.969294e-14   3.253813e-04   8.595200e-15   528
  4.351620e-01   1.064582e-13   1.707976e-04   1.125103e-14   264
  4.362761e-01   1.038774e-13   2.025191e-04   8.641275e-15   480
  4.377318e-01   9.427608e-14   0.000000e+00   8.047828e-15   288
  4.383604e-01   7.374642e-14   2.176005e-04   7.011097e-15   168
  4.395105e-01   1.049187e-13   3.444610e-04   6.257532e-15   504
  4.408036e-01   1.672916e-13   5.298191e-09   1.951487e-14   144
  4.416171e-01   6.184175e-14   2.212265e-04   3.944228e-15   464
  4.428396e-01   7.212585e-14   3.246624e-04   5.040537e-15   432
  4.434197e-01   9.429795e-14   5.619580e-09   1.051802e-14   192
  4.449189e-01   6.828463e-14   2.406833e-04   6.280440e-15   396
  4.458042e-01   6.270576e-14   2.162000e-04   4.471196e-15   288
  4.466990e-01   6.296340e-14   2.135686e-04   5.023888e-15   336
  4.481283e-01   7.524694e-14   1.352359e-04   4.964079e-15   432
  4.490354e-01   8.046927e-14   3.505126e-04   5.893949e-15   360
  4.500539e-01   6.720289e-14   2.073334e-04   4.083231e-15   384
  4.515004e-01   5.938783e-14   1.830116e-04   5.134392e-15   198
  4.521974e-01   7.747959e-14   2.080246e-04   6.149335e-15   552
  4.534970e-01   1.181873e-13   2.912202e-04   1.435205e-14   432
  4.545821e-01   6.514818e-14   1.112388e-08   5.783740e-15   168
  4.554927e-01   1.128233e-13   3.610065e-04   1.007628e-14   480
  4.566974e-01   5.413010e-14   0.000000e+00   4.992167e-15   120
  4.572396e-01   7.798315e-14   2.948545e-04   5.999581e-15   336
  4.585628e-01   7.379583e-14   2.080152e-04   4.940350e-15   672
  4.598711e-01   8.839253e-14   3.025866e-04   5.581072e-15   528
  4.604805e-01   4.473532e-14   9.082613e-09   3.835970e-15   168
  4.618883e-01   9.047019e-14   3.375333e-04   7.517740e-15   456
  4.627474e-01   9.802216e-14   2.061344e-04   1.185248e-14   168
  4.636392e-01   7.022449e-14   2.057643e-04   4.572344e-15   504
  4.651216e-01   4.954237e-14   2.647872e-04   4.486412e-15   336
  4.660180e-01   6.956630e-14   1.908802e-04   6.145440e-15   312
  4.670124e-01   6.751963e-14   1.865029e-04   5.585399e-15   504
  4.683210e-01   5.336900e-14   1.294009e-04   3.202264e-15   432
  4.689362e-01   5.165864e-14   1.999672e-04   3.218924e-15   312
  4.702151e-01   5.703829e-14   2.049761e-04   3.772069e-15   384
  4.715504e-01   9.762467e-14   1.741510e-04   1.639633e-14   126
  4.723748e-01   7.486013e-14   3.057676e-04   5.579135e-15   492
  4.734278e-01   7.878801e-14   1.958445e-04   6.628166e-15   528
  4.747438e-01   5.453091e-14   1.989360e-04   4.854998e-15   480
  4.755596e-01   8.045080e-14   2.748289e-04   6.964792e-15   432
  4.767402e-01   7.262280e-14   2.161166e-04   5.084914e-15   440
  4.781114e-01   8.507847e-14   1.074739e-04   8.688598e-15   312
  4.786259e-01   5.817437e-14   1.610586e-04   5.507870e-15   480
  4.796813e-01   5.968154e-14   3.153497e-04   5.179184e-15   408
  4.812233e-01   9.052607e-14   1.888588e-04   8.088096e-15   360
  4.818747e-01   6.273000e-14   1.822418e-04   4.856251e-15   408
  4.830820e-01   4.817468e-14   1.854542e-04   4.201586e-15   456
  4.844414e-01   6.529630e-14   1.772485e-04   4.535760e-15   264
  4.851959e-01   5.511890e-14   1.923591e-04   5.067733e-15   384
  4.862943e-01   4.806936e-14   3.238501e-04   2.997096e-15   672
  4.875640e-01   6.775591e-14   1.937042e-04   7.032081e-15   240
  4.882967e-01   4.084332e-14   1.965613e-04   3.186119e-15   264
  4.893308e-01   3.587613e-14   2.424259e-04   2.210112e-15   624
  4.908739e-01   4.433744e-14   0.000000e+00   8.606524e-15   150
  4.914232e-01   7.683119e-14   2.716574e-04   5.970012e-15   600
  4.925819e-01   6.068707e-14   1.874909e-04   3.983066e-15   672
  4.938939e-01   5.547565e-14   1.763484e-04   7.121130e-15   336
  4.946248e-01   7.806383e-14   1.918157e-04   7.048488e-15   408
  4.957926e-01   6.185129e-14   1.913639e-04   6.960423e-15   408
  4.970915e-01   5.724960e-14   9.676385e-05   4.019981e-15   360
  4.978921e-01   6.412551e-14   3.552857e-04   4.942113e-15   456
  4.988592e-01   5.140945e-14   1.932065e-04   4.462667e-15   384
  5.000902e-01   3.418456e-14   1.783541e-04   2.965188e-15   348
  5.007554e-01   6.475678e-14   2.198754e-04   5.485005e-15   576
  5.020050e-01   4.446969e-14   1.810385e-04   3.619329e-15   504
  5.032833e-01   4.398392e-14   2.553443e-04   3.568907e-15   432
  5.043991e-01   4.597452e-14   3.473946e-04   3.060760e-15   576
  5.051948e-01   4.511946e-14   0.000000e+00   5.058331e-15   264
  5.064571e-01   4.321152e-14   2.764393e-04   2.376724e-15   768
  5.075549e-01   1.889393e-14   3.721752e-04   1.325363e-15   240
  5.084277e-01   4.912637e-14   3.282233e-04   5.460501e-15   192
  5.096990e-01   3.365174e-14   2.416124e-04   1.882969e-15   504
  5.106418e-01   5.728105e-14   3.255818e-04   4.461213e-15   590
  5.115460e-01   6.246361e-14   3.647966e-04   6.283141e-15   384
  5.126798e-01   4.339651e-14   3.048625e-04   3.356990e-15   504
  5.140486e-01   6.388550e-14   2.933830e-04   4.984740e-15   648
  5.153764e-01   4.031717e-14   7.967896e-05   3.396843e-15   504
  5.159117e-01   4.172720e-14   1.817627e-04   4.029301e-15   312
  5.168569e-01   6.606424e-14   2.618753e-04   5.438251e-15   576
  5.181545e-01   6.972448e-14   1.822405e-04   7.854227e-15   240
  5.189109e-01   3.442169e-14   1.841453e-04   2.158430e-15   552
  5.199816e-01   5.820648e-14   1.729082e-04   4.766290e-15   600
  5.215067e-01   3.957788e-14   2.111937e-04   2.897516e-15   600
  5.224237e-01   3.854302e-14   3.382099e-04   3.991633e-15   312
  5.233368e-01   4.961939e-14   2.945474e-04   3.886786e-15   480
  5.244775e-01   3.637205e-14   1.837693e-04   3.190452e-15   576
  5.254818e-01   4.918247e-14   2.959085e-04   4.842925e-15   408
  5.263729e-01   1.487851e-14   3.451909e-04   1.177142e-15   216
  5.275243e-01   3.278709e-14   2.643774e-04   2.295929e-15   516
  5.287578e-01   3.547152e-14   2.522429e-04   2.113802e-15   744
  5.300304e-01   4.148785e-14   1.684760e-04   2.915932e-15   462
  5.307494e-01   4.844592e-14   1.712315e-04   5.964871e-15   432
  5.318647e-01   5.496100e-14   1.588547e-04   4.568582e-15   648
  5.331761e-01   4.683912e-14   2.324340e-04   4.809329e-15   528
  5.342295e-01   4.198051e-14   2.799086e-04   3.185822e-15   600
  5.352820e-01   8.138239e-14   3.528915e-04   9.147064e-15   240
  5.363014e-01   4.306814e-14   2.703115e-04   3.349859e-15   720
  5.374863e-01   3.922976e-14   2.138653e-04   2.688862e-15   720
  5.387997e-01   1.432752e-14   0.000000e+00   1.561933e-15   144
  5.394909e-01   4.414943e-14   2.757364e-04   3.094452e-15   720
  5.404742e-01   4.665157e-14   1.653370e-04   4.106519e-15   384
  5.417051e-01   3.397730e-14   1.832848e-04   2.051451e-15   672
  5.428730e-01   4.816196e-14   3.209115e-04   4.216855e-15   336
  5.434308e-01   4.219638e-14   0.000000e+00   4.636012e-15   288
  5.447967e-01   3.658616e-14   2.539800e-04   2.834645e-15   776
  5.460612e-01   3.056771e-14   2.173184e-04   2.000688e-15   720
  5.471231e-01   2.485439e-14   1.750659e-04   1.876838e-15   432
  5.479725e-01   4.607551e-14   2.495786e-04   4.093390e-15   504
  5.489174e-01   3.459363e-14   1.748652e-04   2.462439e-15   528
  5.502396e-01   3.848192e-14   2.382437e-04   3.656630e-15   438
  5.513273e-01   4.535209e-14   2.772938e-04   4.697055e-15   624
  5.521470e-01   5.063430e-14   3.396475e-04   7.732790e-15   312
  5.532738e-01   4.763997e-14   1.829935e-04   3.093539e-15   696
  5.544390e-01   3.697480e-14   1.655760e-04   3.329504e-15   552
  5.556509e-01   4.377285e-14   1.281006e-04   4.324235e-15   516
  5.564006e-01   5.044461e-14   2.558713e-04   4.411505e-15   528
  5.573133e-01   1.490372e-14   1.664001e-04   7.082222e-16   528
  5.586097e-01   3.614596e-14   2.194479e-04   2.619071e-15   864
  5.594897e-01   3.201748e-14   3.005985e-04   2.960747e-15   408
  5.603706e-01   6.351997e-14   2.978186e-04   7.127332e-15   192
  5.616191e-01   2.729986e-14   2.464592e-04   2.134373e-15   720
  5.626731e-01   3.401882e-14   2.272475e-04   2.740685e-15   696
  5.639255e-01   3.176230e-14   2.454294e-04   2.122934e-15   720
  5.650713e-01   3.092987e-14   3.326501e-04   2.376229e-15   432
  5.657395e-01   1.952588e-14   1.958109e-04   1.842480e-15   264
  5.669418e-01   2.725403e-14   2.704061e-04   1.587953e-15   672
  5.680171e-01   2.856173e-14   2.768544e-04   1.927336e-15   600
  5.692933e-01   1.582171e-14   1.620980e-04   2.028599e-15   270
  5.699366e-01   3.608888e-14   2.440026e-04   3.651765e-15   528
  5.709591e-01   3.800183e-14   1.670843e-04   3.321897e-15   840
  5.723613e-01   4.726033e-14   3.194952e-04   3.477590e-15   888
  5.736568e-01   2.779981e-14   2.380474e-04   2.384642e-15   744
  5.747517e-01   3.172893e-14   1.223216e-04   3.018720e-15   456
  5.752963e-01   5.759196e-14   1.671601e-04   5.234114e-15   360
  5.762282e-01   3.429904e-14   1.448348e-04   5.289016e-15   384
  5.776580e-01   2.729966e-14   2.323137e-04   1.791555e-15   816
  5.787308e-01   3.238772e-14   3.370546e-04   2.261664e-15   824
  5.800348e-01   2.748137e-14   1.566791e-04   3.353448e-15   360
  5.807331e-01   2.805333e-14   2.311994e-04   1.954458e-15   624
  5.816941e-01   3.683000e-14   1.562320e-04   4.553132e-15   360
  5.829744e-01   2.709653e-14   2.125215e-04   2.215688e-15   876
  5.841306e-01   2.267048e-14   2.524119e-04   1.679208e-15   696
  5.852967e-01   1.886881e-14   1.629911e-04   1.571003e-15   336
  5.859080e-01   3.555114e-14   1.628079e-04   3.381854e-15   504
  5.869176e-01   2.473882e-14   1.642187e-04   2.213869e-15   672
  5.884155e-01   1.806859e-14   3.269213e-04   1.165797e-15   720
  5.894543e-01   3.314998e-14   2.469541e-04   2.834485e-15   774
  5.906010e-01   5.727874e-14   1.413501e-04   7.252022e-15   384
  5.912015e-01   4.180903e-14   2.720183e-04   4.207788e-15   528
  5.921335e-01   3.621624e-14   2.592486e-04   2.943970e-15   744
  5.936327e-01   3.685761e-14   2.138251e-04   2.842729e-15   768
  5.946281e-01   3.697866e-14   2.400348e-04   4.023914e-15   552
  5.958700e-01   2.498464e-14   2.616108e-04   1.982372e-15   696
  5.967938e-01   3.867954e-14   3.179026e-04   4.272078e-15   408
  5.975272e-01   3.560859e-14   1.373364e-04   3.678674e-15   504
  5.986899e-01   2.624034e-14   2.467198e-04   1.996350e-15   888
  5.998339e-01   2.515824e-14   2.564132e-04   2.253954e-15   648
  6.010230e-01   2.524682e-14   2.542153e-04   2.251790e-15   648
  6.021418e-01   2.771118e-14   2.741064e-04   2.316548e-15   792
  6.033268e-01   1.981822e-14   4.010364e-04   1.628320e-15   600
  6.042000e-01   1.337388e-14   2.717856e-04   9.292734e-16   456
  6.051191e-01   2.301923e-14   1.324567e-04   1.853040e-15   648
  6.062996e-01   1.769924e-14   2.583099e-04   1.245920e-15   936
  6.075741e-01   2.626715e-14   1.586356e-04   2.164917e-15   384
  6.086836e-01   1.628475e-14   0.000000e+00   2.120519e-15   198
  6.095398e-01   1.320030e-14   4.024720e-04   7.408030e-16   1224
  6.104634e-01   1.840398e-14   2.931235e-04   1.444944e-15   420
  6.115558e-01   1.653743e-14   2.836822e-04   1.294944e-15   792
  6.126238e-01   1.404919e-14   2.345810e-04   9.982582e-16   680
  6.138428e-01   1.237505e-14   2.154033e-04   1.113796e-15   600
  6.148235e-01   1.194628e-14   3.123938e-04   7.909818e-16   840
  6.161330e-01   1.328306e-14   1.474979e-04   9.476169e-16   432
  6.166334e-01   1.586392e-14   1.382250e-04   1.063497e-15   720
  6.177213e-01   1.137980e-14   2.768404e-04   6.635909e-16   960
  6.190745e-01   1.192901e-14   2.467829e-04   1.160652e-15   528
  6.200634e-01   1.381740e-14   2.522592e-04   1.041597e-15   624
  6.212404e-01   1.398231e-14   1.982740e-04   8.429549e-16   816
  6.224086e-01   1.208040e-14   3.260658e-04   7.685346e-16   696
  6.236996e-01   8.227039e-15   1.798266e-08   7.665822e-16   240
  6.241851e-01   1.335235e-14   1.922888e-04   9.861170e-16   672
  6.252686e-01   1.262271e-14   3.436476e-04   8.756216e-16   864
  6.264840e-01   8.241269e-15   2.636938e-04   5.112591e-16   816
  6.275795e-01   9.469881e-15   1.509292e-04   6.991198e-16   648
  6.287594e-01   1.451065e-14   1.542771e-04   9.921232e-16   843
  6.297611e-01   1.149710e-14   2.775825e-04   8.597518e-16   780
  6.309548e-01   1.241816e-14   1.489456e-04   2.462607e-15   216
  6.316911e-01   1.052241e-14   3.591661e-04   6.019060e-16   1056
  6.328235e-01   7.546380e-15   2.938382e-04   8.351002e-16   228
  6.338720e-01   1.516121e-14   3.658358e-04   1.050047e-15   924
  6.349484e-01   1.024717e-14   1.357046e-04   5.810129e-16   696
  6.360882e-01   1.075904e-14   2.415153e-04   7.057391e-16   996
  6.372543e-01   7.133884e-15   1.425858e-04   6.331437e-16   576
  6.384675e-01   1.218903e-14   2.200718e-04   1.302646e-15   552
  6.393519e-01   1.282782e-14   2.627580e-04   1.233115e-15   516
  6.402494e-01   1.145964e-14   3.821047e-04   8.384827e-16   744
  6.412749e-01   5.881834e-15   1.874451e-04   4.214364e-16   576
  6.421669e-01   8.251877e-15   1.929285e-04   5.281919e-16   792
  6.434346e-01   8.321389e-15   2.205530e-04   6.369938e-16   792
  6.443636e-01   8.970922e-15   2.378641e-04   6.915544e-16   720
  6.456200e-01   8.836231e-15   2.711104e-04   6.371598e-16   656
  6.467974e-01   8.379306e-15   2.960385e-04   5.586967e-16   816
  6.480043e-01   9.044730e-15   1.596190e-04   8.410757e-16   492
  6.486903e-01   9.119112e-15   2.296231e-04   6.975576e-16   552
  6.499778e-01   5.819836e-15   3.992867e-04   4.106574e-16   780
  6.508139e-01   6.542954e-15   2.452771e-04   4.362088e-16   528
  6.517148e-01   5.494454e-15   2.863130e-04   4.478126e-16   600
  6.530425e-01   7.990382e-15   2.379487e-04   4.204273e-16   900
  6.539577e-01   6.846907e-15   1.317325e-04   4.652827e-16   696
  6.552168e-01   7.383969e-15   3.330907e-04   5.267013e-16   696
  6.564349e-01   4.833195e-15   1.351317e-04   2.870979e-16   552
  6.574592e-01   5.294741e-15   1.571457e-04   3.890316e-16   708
  6.585322e-01   5.708631e-15   2.594565e-04   3.251823e-16   876
  6.596487e-01   7.433380e-15   1.377663e-04   1.168199e-15   216
  6.603980e-01   6.839757e-15   3.768094e-04   3.288257e-16   1032
  6.615201e-01   5.150506e-15   4.195357e-04   4.409771e-16   600
  6.626848e-01   4.201402e-15   2.001869e-04   3.290396e-16   600
  6.635732e-01   5.410134e-15   3.535112e-04   3.385059e-16   528
  6.646233e-01   5.676076e-15   1.940622e-04   4.193008e-16   732
  6.657296e-01   7.153295e-15   1.432973e-04   6.793873e-16   336
  6.670031e-01   4.414118e-15   2.042271e-04   2.734453e-16   912
  6.679548e-01   3.487794e-15   2.049821e-04   1.715628e-16   624
  6.689946e-01   4.492046e-15   1.727341e-04   2.684672e-16   768
  6.702082e-01   4.499629e-15   3.116463e-04   2.219518e-16   792
  6.713995e-01   4.963899e-15   1.545014e-04   2.865356e-16   660
  6.722471e-01   4.617218e-15   2.276826e-04   3.833226e-16   504
  6.731238e-01   3.688467e-15   3.719898e-04   2.522407e-16   480
  6.744376e-01   3.400622e-15   3.440421e-04   1.827702e-16   912
  6.754664e-01   5.084494e-15   3.831443e-04   4.080071e-16   432
  6.764380e-01   4.057047e-15   2.275021e-04   2.534744e-16   564
  6.773006e-01   3.952774e-15   2.177508e-04   2.167823e-16   600
  6.785149e-01   4.707984e-15   3.035240e-04   2.651656e-16   876
  6.794272e-01   5.034557e-15   1.364735e-04   5.008049e-16   264
  6.806846e-01   3.011241e-15   2.648123e-04   2.189258e-16   560
  6.816953e-01   4.200056e-15   1.799457e-04   2.533471e-16   840
  6.829222e-01   2.964977e-15   2.774244e-04   1.360416e-16   1008
  6.840568e-01   2.668655e-15   1.241010e-04   1.469242e-16   456
  6.850930e-01   3.232666e-15   1.607553e-04   1.735300e-16   576
  6.860509e-01   3.442152e-15   2.470177e-04   2.059274e-16   612
  6.873140e-01   3.340410e-15   2.206269e-04   1.841872e-16   780
  6.883444e-01   3.579246e-15   2.528284e-04   1.928980e-16   648
  6.893992e-01   2.779461e-15   1.178213e-04   2.176213e-16   312
  6.900734e-01   3.008606e-15   2.993645e-04   1.805718e-16   528
  6.912414e-01   2.618280e-15   3.909551e-04   1.159346e-16   720
  6.923583e-01   2.867058e-15   3.921794e-04   1.885827e-16   576
  6.937124e-01   3.266536e-15   3.383053e-04   2.789593e-16   444
  6.945549e-01   3.429033e-15   3.317685e-04   1.617950e-16   996
  6.955874e-01   2.356432e-15   2.771265e-04   1.503802e-16   432
  6.965633e-01   3.439760e-15   3.033990e-04   1.979548e-16   504
  6.974062e-01   2.154597e-15   1.367883e-04   1.306501e-16   504
  6.986065e-01   3.100637e-15   2.692009e-04   1.380088e-16   876
  6.996926e-01   2.531639e-15   3.098246e-04   1.844633e-16   504
  7.008236e-01   2.247653e-15   1.975899e-04   1.117318e-16   696
  7.017583e-01   2.415986e-15   1.689187e-04   1.391877e-16   492
  7.030300e-01   2.646933e-15   2.418152e-04   1.839273e-16   432
  7.039719e-01   2.796386e-15   2.264335e-04   1.445234e-16   768
  7.050885e-01   2.248288e-15   2.820533e-04   1.240839e-16   648
  7.061547e-01   2.519133e-15   1.840095e-04   1.802410e-16   456
  7.073798e-01   2.473005e-15   2.530430e-04   1.401318e-16   552
  7.082306e-01   2.183447e-15   1.734358e-04   1.220286e-16   648
  7.094016e-01   1.810366e-15   2.826907e-04   7.966957e-17   840
  7.105454e-01   2.407170e-15   1.348092e-04   1.263491e-16   432
  7.116906e-01   2.222976e-15   1.651183e-04   1.212910e-16   600
  7.124870e-01   2.281066e-15   1.759227e-04   1.293632e-16   432
  7.138248e-01   2.217616e-15   1.751482e-04   1.194970e-16   560
  7.147308e-01   1.866762e-15   2.772412e-04   7.393416e-17   840
  7.158652e-01   2.184244e-15   1.642140e-04   1.228699e-16   504
  7.167662e-01   2.043291e-15   3.351509e-04   1.020849e-16   696
  7.180362e-01   2.311931e-15   1.830475e-04   1.617925e-16   384
  7.190254e-01   1.677270e-15   2.681431e-04   8.214312e-17   576
  7.202219e-01   1.691514e-15   1.654845e-04   9.316568e-17   360
  7.211864e-01   2.051021e-15   2.464465e-04   9.803770e-17   828
  7.222268e-01   1.838495e-15   2.195064e-04   1.291878e-16   372
  7.231800e-01   1.760514e-15   3.352284e-04   8.075251e-17   576
  7.244428e-01   1.955595e-15   1.403933e-04   8.830097e-17   636
  7.253425e-01   1.850569e-15   2.706420e-04   9.338238e-17   648
  7.265596e-01   1.548947e-15   2.200024e-04   8.315244e-17   576
  7.274333e-01   1.857409e-15   3.548870e-04   1.080774e-16   528
  7.285953e-01   1.966784e-15   1.517289e-04   1.358792e-16   360
  7.295571e-01   1.390070e-15   3.490332e-04   5.758073e-17   672
  7.308130e-01   1.804716e-15   1.787806e-04   8.355661e-17   804
  7.318582e-01   1.569792e-15   1.972163e-04   8.576088e-17   408
  7.330145e-01   1.763261e-15   1.219011e-04   1.138962e-16   384
  7.337931e-01   1.400703e-15   2.789567e-04   8.770917e-17   480
  7.348913e-01   1.727171e-15   1.802469e-04   1.308319e-16   432
  7.359446e-01   2.009166e-15   3.321566e-04   8.961311e-17   648
  7.371913e-01   1.516479e-15   2.061016e-04   6.542377e-17   624
  7.381033e-01   1.303881e-15   1.874668e-04   7.497595e-17   456
  7.393486e-01   1.501488e-15   2.560963e-04   6.957697e-17   588
  7.401831e-01   1.340888e-15   1.633884e-04   6.334050e-17   600
  7.414016e-01   1.539345e-15   2.548458e-04   8.201876e-17   708
  7.423640e-01   1.467785e-15   1.605479e-04   1.021641e-16   360
  7.434275e-01   1.470348e-15   1.845541e-04   7.562961e-17   552
  7.444470e-01   1.149740e-15   1.294691e-04   9.711635e-17   288
  7.454820e-01   1.189320e-15   2.434372e-04   6.380537e-17   528
  7.464545e-01   1.743473e-15   1.642340e-04   8.449300e-17   456
  7.475410e-01   1.627649e-15   2.912225e-04   9.813174e-17   608
  7.486338e-01   1.245437e-15   1.408967e-04   6.625796e-17   504
  7.498278e-01   1.082115e-15   3.024972e-04   6.360386e-17   540
  7.507642e-01   1.357889e-15   3.247222e-04   7.702926e-17   360
  7.517735e-01   1.407479e-15   1.470509e-04   7.063744e-17   540
  7.526661e-01   1.237606e-15   1.262606e-04   6.378557e-17   576
  7.539642e-01   1.431484e-15   2.927555e-04   7.007492e-17   588
  7.551985e-01   1.148863e-15   4.039143e-04   5.165909e-17   672
  7.562588e-01   1.430652e-15   3.087151e-04   7.078526e-17   552
  7.571135e-01   8.802088e-16   3.088712e-04   8.961995e-17   144
  7.582042e-01   1.502911e-15   2.624178e-04   7.667257e-17   600
  7.592383e-01   8.986034e-16   3.288668e-04   4.637647e-17   504
  7.603860e-01   1.224264e-15   3.378126e-04   7.962877e-17   336
  7.615932e-01   1.132308e-15   3.797028e-04   5.409516e-17   600
  7.626744e-01   1.002435e-15   2.450478e-04   4.602302e-17   636
  7.638413e-01   1.065711e-15   1.970206e-04   6.162969e-17   384
  7.646595e-01   1.287476e-15   2.748205e-04   6.835946e-17   504
  7.658387e-01   9.548875e-16   1.153383e-04   9.505025e-17   240
  7.667694e-01   1.115088e-15   2.709461e-04   4.871160e-17   744
  7.678860e-01   9.547294e-16   1.850150e-04   4.857164e-17   648
  7.688783e-01   1.906848e-15   1.228185e-04   1.833249e-16   120
  7.700414e-01   1.100844e-15   1.929319e-04   5.212534e-17   564
  7.709202e-01   1.099034e-15   3.030111e-04   5.719710e-17   432
  7.720932e-01   1.017141e-15   2.351965e-04   5.788271e-17   480
  7.729764e-01   7.616669e-16   1.731106e-04   4.137396e-17   456
  7.740189e-01   1.007770e-15   2.864725e-04   5.107909e-17   444
  7.752020e-01   8.569759e-16   4.383180e-04   4.575926e-17   528
  7.762412e-01   9.770150e-16   3.255297e-04   7.913574e-17   264
  7.772498e-01   9.736990e-16   3.336195e-04   5.507190e-17   444
  7.786065e-01   1.039366e-15   3.654311e-04   4.092659e-17   696
  7.797327e-01   1.279372e-15   1.954448e-04   8.486465e-17   384
  7.805563e-01   8.195648e-16   2.469609e-04   4.828687e-17   432
  7.818373e-01   8.302374e-16   1.706384e-04   4.344493e-17   488
  7.826690e-01   1.006249e-15   2.571733e-04   5.837296e-17   480
  7.838749e-01   8.804285e-16   2.868014e-04   5.425733e-17   480
  7.848089e-01   7.459749e-16   1.203331e-04   4.672540e-17   240
  7.858692e-01   9.003719e-16   2.810886e-04   4.849835e-17   600
  7.868694e-01   6.399998e-16   2.449399e-04   3.846942e-17   288
  7.879343e-01   9.184191e-16   2.356143e-04   4.750975e-17   480
  7.890129e-01   6.665637e-16   4.191157e-04   3.510294e-17   504
  7.900748e-01   9.082945e-16   1.798267e-04   7.674912e-17   216
  7.914291e-01   9.588654e-16   2.944050e-04   5.638250e-17   504
  7.924838e-01   8.624991e-16   2.367912e-04   5.357337e-17   456
  7.936384e-01   1.060164e-15   1.358038e-04   7.512273e-17   384
  7.944031e-01   1.035700e-15   2.756326e-04   6.401928e-17   480
  7.954897e-01   7.613972e-16   2.420363e-04   4.484682e-17   504
  7.964966e-01   7.844294e-16   1.535327e-04   5.020694e-17   312
  7.975815e-01   9.363489e-16   2.474127e-04   5.135344e-17   492
  7.985417e-01   1.007126e-15   2.318919e-04   6.324300e-17   312
  7.997779e-01   7.942295e-16   3.766899e-04   4.271896e-17   576
  8.008661e-01   8.292365e-16   3.477153e-04   5.395487e-17   336
  8.017699e-01   4.613130e-16   2.677247e-04   3.465039e-17   240
  8.030228e-01   7.989402e-16   3.549351e-04   4.311431e-17   468
  8.041047e-01   6.614816e-16   2.222407e-04   5.164635e-17   192
  8.052370e-01   7.268421e-16   2.229031e-04   5.643559e-17   324
  8.060669e-01   7.615911e-16   1.617794e-04   3.925728e-17   600
  8.071978e-01   7.657598e-16   2.624704e-04   4.379068e-17   456
  8.080377e-01   7.269801e-16   1.180592e-04   5.285373e-17   336
  8.094297e-01   7.968795e-16   3.535027e-04   3.901414e-17   612
  8.104424e-01   5.851620e-16   2.966749e-04   7.863379e-17   144
  8.114002e-01   7.282898e-16   3.462957e-04   3.721097e-17   552
  8.127025e-01   5.461324e-16   1.363755e-04   4.041078e-17   264
  8.134384e-01   8.519098e-16   3.157441e-04   5.804144e-17   336
  8.145992e-01   6.288547e-16   2.086329e-04   3.795693e-17   384
  8.156059e-01   7.347175e-16   1.174397e-04   5.846082e-17   216
  8.167203e-01   4.876594e-16   2.489964e-04   3.151395e-17   344
  8.177364e-01   6.053821e-16   3.715143e-04   3.857573e-17   408
  8.189746e-01   6.465921e-16   2.854845e-04   4.964457e-17   264
  8.200718e-01   7.372054e-16   3.979796e-04   4.087170e-17   612
  8.211681e-01   8.764059e-16   2.048307e-04   4.697353e-17   408
  8.222956e-01   6.564430e-16   2.051251e-04   4.117413e-17   444
  8.231239e-01   1.233897e-15   1.147249e-04   1.284708e-16   120
  8.242338e-01   6.811580e-16   3.169640e-04   4.375135e-17   336
  8.250576e-01   5.474247e-16   1.101437e-04   4.630978e-17   288
  8.261708e-01   6.211335e-16   3.427692e-04   3.034027e-17   552
  8.277012e-01   6.381822e-16   0.000000e+00   1.859424e-16   72
  8.284882e-01   5.753483e-16   3.404572e-04   2.819161e-17   504
  8.294074e-01   4.453410e-16   1.095558e-04   4.173709e-17   216
  8.305983e-01   6.033448e-16   1.956043e-04   4.824977e-17   312
  8.316675e-01   4.927836e-16   2.227263e-04   3.510743e-17   336
  8.326865e-01   4.479473e-16   3.087236e-04   3.441147e-17   204
  8.337014e-01   7.216963e-16   3.587838e-04   5.015569e-17   504
  8.347777e-01   7.907959e-16   3.416652e-04   4.835622e-17   396
  8.358127e-01   6.380470e-16   3.133249e-04   3.893081e-17   312
  8.370674e-01   9.538854e-16   1.914750e-04   8.167186e-17   216
  8.379516e-01   4.547826e-16   1.039172e-04   3.997387e-17   168
  8.390260e-01   5.791418e-16   2.623966e-04   3.575259e-17   588
  8.402521e-01   4.135013e-16   3.561727e-04   3.430701e-17   240
  8.412047e-01   4.980327e-16   3.145601e-04   5.688257e-17   264
  8.423219e-01   5.217534e-16   3.890183e-04   4.187764e-17   288
  8.433131e-01   4.847321e-16   1.942596e-04   3.905634e-17   288
  8.445693e-01   5.905170e-16   1.824406e-04   4.559572e-17   288
  8.454153e-01   4.653735e-16   2.113423e-04   3.413635e-17   192
  8.464795e-01   3.492686e-16   2.248894e-04   2.464920e-17   264
  8.474933e-01   8.095560e-16   3.699119e-04   6.232078e-17   372
  8.485844e-01   7.567873e-16   3.995208e-04   5.457323e-17   360
  8.499161e-01   5.222722e-16   1.690810e-04   4.873061e-17   144
  8.506044e-01   4.586134e-16   2.348461e-04   4.497087e-17   296
  8.516909e-01   4.258634e-16   2.530345e-04   2.891090e-17   288
  8.529347e-01   4.418726e-16   3.781537e-04   3.457429e-17   480
  8.540076e-01   4.167088e-16   3.142096e-04   4.314055e-17   192
  8.550509e-01   4.447685e-16   3.370327e-04   3.476056e-17   192
  8.559992e-01   4.281473e-16   2.147949e-04   2.991117e-17   288
  8.573180e-01   3.237948e-16   1.869760e-04   2.864152e-17   108
  8.579823e-01   5.481363e-16   1.797545e-04   4.294219e-17   240
  8.591554e-01   3.507452e-16   3.353363e-04   2.082767e-17   384
  8.603605e-01   6.815710e-16   4.090722e-04   7.016462e-17   108
  8.614261e-01   6.920743e-16   2.398466e-04   5.561826e-17   348
  8.625466e-01   5.256896e-16   2.503134e-04   4.934570e-17   312
  8.635474e-01   4.282738e-16   2.432319e-04   7.124249e-17   96
  8.644677e-01   5.014206e-16   3.238194e-04   3.614442e-17   384
  8.654984e-01   5.493782e-16   2.227222e-04   6.707106e-17   144
  8.665066e-01   5.117142e-16   3.422225e-04   3.606838e-17   408
  8.677598e-01   2.684977e-16   1.526554e-04   2.036738e-17   144
  8.689437e-01   5.097165e-16   2.934816e-04   6.109056e-17   192
  8.696459e-01   4.748212e-16   3.303190e-04   4.366046e-17   144
  8.707904e-01   2.765544e-16   2.685615e-04   2.200779e-17   144
  8.718702e-01   4.121908e-16   3.282257e-04   2.658931e-17   336
  8.731927e-01   2.822548e-16   2.428454e-04   1.909974e-17   240
  8.740312e-01   3.171035e-16   1.102739e-04   4.729624e-17   96
  8.752007e-01   5.494444e-16   3.233803e-04   5.061654e-17   372
  8.763838e-01   4.348361e-16   3.846540e-04   6.598186e-17   132
  8.774230e-01   2.625583e-16   2.380193e-04   1.701532e-17   264
  8.783527e-01   5.291803e-16   1.827880e-04   5.584643e-17   168
  8.793449e-01   4.243284e-16   2.922429e-04   3.615720e-17   216
  8.802213e-01   3.909886e-16   1.787978e-04   5.113288e-17   216
  8.814979e-01   1.788166e-16   3.280196e-04   1.922389e-17   96
  8.826561e-01   5.121381e-16   2.140028e-04   6.691361e-17   120
  8.837183e-01   3.565808e-16   2.720578e-04   2.739834e-17   216
  8.845934e-01   2.568556e-16   1.188902e-04   1.731719e-17   200
  8.857519e-01   3.848094e-16   3.077557e-04   3.849045e-17   288
  8.872378e-01   1.834054e-16   8.097649e-05   1.475200e-17   144
  8.878635e-01   2.327010e-16   2.519939e-04   1.746668e-17   168
  8.891412e-01   3.442334e-16   2.835956e-04   3.500532e-17   159
  8.901386e-01   2.765306e-16   2.975600e-04   2.593953e-17   174
  8.911039e-01   3.169936e-16   2.698170e-04   3.086515e-17   144
  8.923678e-01   3.544063e-16   1.557998e-04   3.719623e-17   222
  8.932131e-01   2.649652e-16   1.572158e-04   2.093444e-17   168
  8.946732e-01   4.520600e-16   3.448346e-04   7.928034e-17   30
  8.952763e-01   1.810674e-16   3.044637e-04   2.124651e-17   72
  8.964123e-01   3.158114e-16   2.717302e-04   3.073060e-17   258
  8.976612e-01   2.915682e-16   1.701916e-04   2.059534e-17   264
  8.982857e-01   3.058600e-16   1.835347e-08   4.853918e-17   72
  8.995871e-01   1.739576e-16   3.373270e-04   1.392569e-17   174
  9.007654e-01   2.505425e-16   3.591909e-04   2.258516e-17   168
  9.017127e-01   1.418111e-16   1.123916e-08   1.672937e-17   48
  9.027297e-01   2.147072e-16   2.028435e-04   2.035198e-17   150
  9.039088e-01   3.153126e-16   3.731453e-04   2.663898e-17   168
  9.050911e-01   2.156508e-16   2.273028e-04   1.844581e-17   144
  9.061784e-01   3.546711e-16   2.123525e-04   4.544089e-17   102
  9.069882e-01   1.939046e-16   3.143182e-04   1.664854e-17   96
  9.082731e-01   1.554580e-16   3.119397e-04   1.262886e-17   120
  9.092246e-01   1.391589e-16   3.345635e-04   1.296674e-17   168
  9.102538e-01   2.905077e-16   2.470487e-04   2.608703e-17   126
  9.111308e-01   2.482585e-16   1.863241e-04   3.194509e-17   168
  9.123389e-01   1.768986e-16   2.987709e-04   2.861260e-17   72
  9.133947e-01   1.658170e-16   3.741278e-04   1.329909e-17   168
  9.143196e-01   2.046358e-16   1.025668e-04   3.285601e-17   78
  9.155870e-01   2.217083e-16   1.684070e-04   2.497715e-17   60
  9.166075e-01   3.335429e-16   2.731835e-04   3.729331e-17   96
  9.176659e-01   2.076000e-16   3.314854e-04   1.904719e-17   168
  9.186605e-01   1.803686e-16   2.097511e-04   1.658673e-17   86
  9.197042e-01   1.445634e-16   1.874678e-04   1.068539e-17   120
  9.212002e-01   1.411183e-16   1.336894e-04   9.370765e-18   168
  9.220069e-01   1.164619e-16   0.000000e+00   1.421753e-17   48
  9.230934e-01   2.193415e-16   2.435676e-04   2.747142e-17   120
  9.237177e-01   1.727003e-16   1.776924e-04   1.656766e-17   126
  9.252418e-01   2.021074e-16   3.125113e-04   2.077454e-17   96
  9.262310e-01   1.959538e-16   9.011285e-05   1.770182e-17   96
  9.270111e-01   1.730848e-16   1.059638e-08   1.992353e-17   72
  9.286731e-01   1.790342e-16   1.123916e-08   3.986043e-17   24
  9.297104e-01   2.246188e-16   1.854501e-04   2.196188e-17   120
  9.305196e-01   1.951644e-16   2.705147e-04   2.508241e-17   126
  9.314194e-01   1.465921e-16   2.255107e-04   1.681587e-17   96
  9.324708e-01   1.047893e-16   3.897482e-04   1.170116e-17   72
  9.336415e-01   1.825852e-16   1.685792e-04   1.310093e-17   144
  9.346046e-01   1.940887e-16   9.723254e-05   2.272361e-17   72
  9.355666e-01   1.891703e-16   1.942081e-04   3.273113e-17   54
  9.364132e-01   1.945808e-16   1.711436e-04   2.083372e-17   108
  9.381728e-01   1.535690e-16   1.677650e-04   1.997674e-17   72
  9.387206e-01   2.294084e-16   9.680617e-05   2.180819e-17   72
  9.400202e-01   1.415070e-16   1.946680e-08   2.504496e-17   24
  9.412498e-01   1.236617e-16   2.047976e-04   1.536168e-17   48
  9.419964e-01   1.549437e-16   1.560029e-04   1.614417e-17   102
  9.431203e-01   1.419363e-16   3.528137e-04   1.283669e-17   168
  9.445889e-01   1.213549e-16   1.924163e-04   1.158355e-17   72
  9.451330e-01   1.690415e-16   0.000000e+00   2.376155e-17   48
  9.462744e-01   1.779159e-16   3.309678e-04   1.778649e-17   120
  9.477807e-01   1.564407e-16   2.033864e-04   1.470368e-17   96
  9.492033e-01   2.044359e-16   1.798266e-08   3.953067e-17   30
  9.508942e-01   2.052505e-16   9.555995e-05   2.417035e-17   72
  9.516372e-01   1.545559e-16   1.123916e-08   3.275415e-17   24
  9.525916e-01   9.992255e-17   1.416435e-04   1.409195e-17   56
  9.536606e-01   9.136669e-17   2.021324e-04   7.503311e-18   96
  9.549399e-01   1.406164e-16   2.232036e-04   9.954115e-18   144
  9.559263e-01   1.529662e-16   1.267263e-04   1.980432e-17   54
  9.573592e-01   1.216842e-16   1.898493e-04   1.072982e-17   108
  9.588012e-01   2.223649e-16   1.005243e-04   2.717844e-17   48
  9.601739e-01   1.552354e-16   3.785063e-04   1.753280e-17   72
  9.634680e-01   1.363702e-16   2.500803e-04   1.200561e-17   78
  9.643808e-01   1.160703e-16   1.884669e-04   1.713392e-17   72
  9.654462e-01   9.747740e-17   1.882329e-04   1.149628e-17   72
  9.665603e-01   1.509886e-16   4.542266e-04   1.462718e-17   96
  9.674408e-01   1.690344e-16   1.878449e-04   1.536559e-17   72
  9.685029e-01   1.055689e-16   0.000000e+00   1.907486e-17   24
  9.695638e-01   1.539806e-16   3.748416e-04   1.531309e-17   72
  9.719599e-01   2.340349e-16   2.380359e-04   3.629630e-17   30
  9.724755e-01   1.267531e-16   0.000000e+00   1.977975e-17   24
  9.752466e-01   8.842802e-17   1.976584e-04   9.837026e-18   48
  9.761159e-01   1.173500e-16   4.253608e-04   9.256544e-18   120
  9.772870e-01   1.139349e-16   1.859776e-04   1.323625e-17   72
  9.784697e-01   9.711866e-17   1.857528e-04   1.418251e-17   36
  9.792826e-01   1.365090e-16   3.671339e-04   1.699611e-17   78
  9.815513e-01   1.302026e-16   1.963888e-04   1.701118e-17   48
  9.844928e-01   8.197415e-17   1.589457e-08   1.532004e-17   24
  9.865884e-01   1.207318e-16   1.367612e-04   1.516256e-17   56
  9.876436e-01   1.158982e-16   2.104496e-04   8.750230e-18   102
  9.889860e-01   1.418599e-16   1.498555e-08   1.571572e-17   72
  9.897653e-01   1.398168e-16   1.123916e-08   2.664147e-17   24
  9.911277e-01   1.077839e-16   1.944913e-04   1.141599e-17   48
  9.936528e-01   1.178852e-16   0.000000e+00   1.982169e-17   24
  9.967520e-01   9.874402e-17   0.000000e+00   2.072379e-17   6
  9.977185e-01   9.594054e-17   0.000000e+00   1.393188e-17   24
  9.983623e-01   1.038181e-16   1.820511e-04   9.843080e-18   72
  9.995384e-01   8.465648e-17   3.396336e-04   1.388799e-17   84
  1.000805e+00   1.445381e-16   0.000000e+00   3.230912e-17   24
  1.001190e+00   1.511997e-16   1.589457e-08   2.724179e-17   24
  1.003114e+00   1.111761e-16   1.946680e-08   1.429742e-17   24
  1.005800e+00   8.699367e-17   0.000000e+00   2.457933e-17   6
  1.009244e+00   1.019008e-16   1.910001e-04   1.884196e-17   48
  1.010072e+00   1.311126e-16   3.598129e-04   1.609724e-17   72
  1.011152e+00   1.087117e-16   1.906396e-04   1.910428e-17   48
  1.012867e+00   1.595825e-16   0.000000e+00   2.364298e-17   24
  1.015148e+00   5.266540e-17   0.000000e+00   2.514758e-17   6
  1.020262e+00   6.992068e-17   0.000000e+00   1.535954e-17   8
  1.020640e+00   9.802472e-17   1.123916e-08   1.531851e-17   48
  1.021546e+00   8.594615e-17   1.848806e-04   1.048689e-17   60
  1.022904e+00   1.409909e-16   0.000000e+00   2.379572e-17   24
  1.024787e+00   2.847367e-16   0.000000e+00   1.089587e-16   6
  1.031723e+00   9.007181e-17   0.000000e+00   1.321848e-17   24
  1.032283e+00   9.927275e-17   1.867372e-04   2.501771e-17   48
  1.033217e+00   1.706745e-16   0.000000e+00   3.915550e-17   24
  1.034708e+00   7.564678e-17   0.000000e+00   3.511538e-17   6
  1.043181e+00   5.509715e-17   1.742080e-04   7.546418e-18   36
  1.043797e+00   1.231900e-16   0.000000e+00   1.892148e-17   24
  1.044904e+00   1.509682e-16   0.000000e+00   6.286115e-17   6
  1.054545e+00   1.074613e-16   1.583190e-04   1.635116e-17   32
  1.055367e+00   1.702509e-16   0.000000e+00   1.646300e-17   6
  1.065728e+00   7.771577e-17   0.000000e+00   1.113190e-17   12
  1.066089e+00   6.626268e-17   0.000000e+00   1.946440e-17   6
  1.077063e+00   1.100333e-16   0.000000e+00   2.309703e-17   6
