# power spectrum of chi
# redshift z=-0.029939
# k              Pk             sigma(k)       sigma(Pk)      count
  1.963495e-02   4.876842e-21   0.000000e+00   2.041867e-21   6
  2.776802e-02   1.814425e-20   0.000000e+00   4.975382e-21   12
  3.400874e-02   1.063800e-20   3.725290e-10   5.762192e-21   8
  3.926991e-02   6.859663e-21   0.000000e+00   3.240235e-21   6
  4.390509e-02   6.909969e-21   7.024475e-10   1.511107e-21   24
  4.809562e-02   8.019719e-21   7.024475e-10   1.329702e-21   24
  5.553604e-02   1.015268e-20   0.000000e+00   3.096771e-21   12
  5.890486e-02   6.479409e-21   7.947286e-10   9.448206e-22   30
  6.209118e-02   3.483448e-21   0.000000e+00   6.121626e-22   24
  6.512178e-02   3.935724e-21   1.216675e-09   8.518458e-22   24
  6.801748e-02   3.685748e-21   7.450581e-10   1.103927e-21   8
  7.079483e-02   2.774421e-21   9.934107e-10   7.643429e-22   24
  7.346727e-02   3.316289e-21   0.000000e+00   4.573771e-22   48
  7.853982e-02   1.372280e-21   0.000000e+00   5.743586e-22   6
  8.095699e-02   2.112617e-21   9.934107e-10   3.094385e-22   48
  8.330406e-02   1.705697e-21   9.365966e-10   3.885397e-22   36
  8.558678e-02   2.107269e-21   9.934107e-10   2.891674e-22   24
  8.781018e-02   1.647435e-21   1.404895e-09   2.499651e-22   24
  8.997866e-02   1.669596e-21   0.000000e+00   2.000683e-22   48
  9.209610e-02   2.058577e-21   1.404895e-09   3.349960e-22   24
  9.619124e-02   8.259721e-22   1.404895e-09   1.063345e-22   24
  9.817477e-02   1.137872e-21   0.000000e+00   1.706587e-22   30
  1.001190e-01   1.357427e-21   0.000000e+00   1.744787e-22   72
  1.020262e-01   8.668211e-22   1.490116e-09   1.424009e-22   32
  1.057375e-01   9.858307e-22   0.000000e+00   1.181508e-22   72
  1.075451e-01   8.804233e-22   0.000000e+00   1.302033e-22   48
  1.110721e-01   8.486336e-22   0.000000e+00   1.853010e-22   12
  1.127942e-01   9.247935e-22   0.000000e+00   1.354610e-22   48
  1.144905e-01   7.880864e-22   0.000000e+00   9.231414e-23   48
  1.161620e-01   9.498695e-22   1.404895e-09   1.346667e-22   48
  1.178097e-01   1.247059e-21   1.589457e-09   2.215284e-22   30
  1.194348e-01   6.797080e-22   0.000000e+00   1.029800e-22   24
  1.210380e-01   8.185859e-22   2.961779e-09   9.407170e-23   72
  1.241824e-01   7.418856e-22   0.000000e+00   1.186897e-22   24
  1.257251e-01   6.346999e-22   0.000000e+00   5.420834e-23   96
  1.272490e-01   5.934940e-22   0.000000e+00   9.100836e-23   48
  1.287550e-01   4.505247e-22   2.433349e-09   5.835409e-23   24
  1.302436e-01   9.397692e-22   2.433349e-09   1.469493e-22   24
  1.317153e-01   7.016673e-22   0.000000e+00   7.917210e-23   72
  1.331707e-01   4.516354e-22   0.000000e+00   6.364528e-23   48
  1.360350e-01   4.529856e-22   1.490116e-09   7.779041e-23   8
  1.374447e-01   4.802215e-22   1.766064e-09   5.609444e-23   54
  1.388401e-01   5.589541e-22   0.000000e+00   5.422118e-23   84
  1.402216e-01   3.903170e-22   0.000000e+00   4.309611e-23   48
  1.415897e-01   4.160609e-22   1.986821e-09   5.608623e-23   24
  1.429446e-01   4.708426e-22   2.649095e-09   6.098971e-23   72
  1.442869e-01   3.985188e-22   0.000000e+00   3.917511e-23   96
  1.469345e-01   4.629266e-22   0.000000e+00   5.343491e-23   48
  1.482407e-01   3.969502e-22   0.000000e+00   4.227770e-23   48
  1.495354e-01   5.544618e-22   0.000000e+00   1.081168e-22   24
  1.508189e-01   2.817402e-22   0.000000e+00   2.392796e-23   72
  1.533539e-01   3.010360e-22   0.000000e+00   3.055595e-23   72
  1.546058e-01   2.905781e-22   0.000000e+00   2.712398e-23   96
  1.570796e-01   2.058973e-22   0.000000e+00   5.470598e-23   6
  1.583021e-01   2.284857e-22   0.000000e+00   2.418407e-23   96
  1.595151e-01   2.861401e-22   1.986821e-09   3.272122e-23   96
  1.607190e-01   3.469151e-22   0.000000e+00   5.912287e-23   24
  1.619140e-01   3.686696e-22   1.986821e-09   4.351113e-23   48
  1.631002e-01   2.960053e-22   0.000000e+00   2.965806e-23   96
  1.642778e-01   2.946258e-22   0.000000e+00   3.849337e-23   48
  1.666081e-01   2.177966e-22   1.873193e-09   2.874031e-23   36
  1.677611e-01   2.289167e-22   3.441276e-09   2.827056e-23   48
  1.689063e-01   2.358668e-22   3.893359e-09   2.406915e-23   120
  1.700437e-01   2.510136e-22   0.000000e+00   3.006799e-23   56
  1.711736e-01   2.466866e-22   1.986821e-09   3.053181e-23   24
  1.722960e-01   2.830781e-22   0.000000e+00   2.416289e-23   96
  1.734112e-01   2.233633e-22   0.000000e+00   3.003098e-23   48
  1.756204e-01   1.663068e-22   2.809790e-09   2.705733e-23   24
  1.767146e-01   1.725971e-22   0.000000e+00   1.810313e-23   102
  1.778021e-01   2.383327e-22   1.986821e-09   2.802032e-23   48
  1.788829e-01   2.612409e-22   0.000000e+00   3.094659e-23   72
  1.799573e-01   1.366165e-22   0.000000e+00   2.022323e-23   48
  1.810253e-01   3.014255e-22   0.000000e+00   3.143042e-23   48
  1.820871e-01   2.002104e-22   4.495664e-09   1.639675e-23   120
  1.841922e-01   1.835902e-22   2.809790e-09   2.529250e-23   24
  1.852358e-01   1.823361e-22   2.649095e-09   1.429211e-23   144
  1.862735e-01   1.843441e-22   3.178914e-09   1.570321e-23   120
  1.873055e-01   1.469224e-22   2.809790e-09   1.619862e-23   48
  1.893526e-01   1.255588e-22   2.809790e-09   1.321944e-23   48
  1.903679e-01   1.543862e-22   2.809790e-09   1.950848e-23   96
  1.930487e-01   2.154318e-22   4.711199e-04   2.261899e-23   72
  1.943761e-01   1.523812e-22   2.497591e-09   1.499701e-23   108
  1.953653e-01   1.476017e-22   0.000000e+00   1.343828e-23   72
  1.963495e-01   1.904400e-22   0.000000e+00   4.085780e-23   30
  1.973288e-01   1.420457e-22   0.000000e+00   1.076315e-23   168
  1.983033e-01   1.436820e-22   0.000000e+00   1.994583e-23   48
  2.002380e-01   1.381433e-22   0.000000e+00   1.517756e-23   72
  2.011984e-01   1.632798e-22   0.000000e+00   1.919219e-23   96
  2.021542e-01   9.999388e-23   5.298191e-09   1.254248e-23   72
  2.031055e-01   1.517346e-22   0.000000e+00   1.509335e-23   72
  2.047049e-01   1.316670e-22   4.350048e-04   1.253594e-23   104
  2.059331e-01   1.215228e-22   3.746387e-09   9.568584e-24   144
  2.087224e-01   1.371679e-22   6.282881e-09   1.118199e-23   96
  2.096439e-01   1.460841e-22   0.000000e+00   1.449780e-23   96
  2.111095e-01   1.452237e-22   4.475232e-04   1.257797e-23   120
  2.123845e-01   1.196643e-22   0.000000e+00   1.084696e-23   120
  2.132902e-01   1.000631e-22   0.000000e+00   1.356502e-23   72
  2.150901e-01   1.068617e-22   0.000000e+00   1.321592e-23   48
  2.159845e-01   1.099661e-22   4.890638e-09   1.028371e-23   78
  2.171286e-01   1.208410e-22   4.007142e-04   9.168812e-24   168
  2.195255e-01   1.560399e-22   4.588368e-09   1.379380e-23   144
  2.204018e-01   1.289952e-22   3.746387e-09   1.418949e-23   144
  2.229436e-01   1.077182e-22   2.307791e-04   8.010647e-24   156
  2.238729e-01   1.097907e-22   4.866699e-09   1.397530e-23   48
  2.247323e-01   8.195307e-23   3.178914e-09   7.677323e-24   120
  2.255884e-01   8.525098e-23   0.000000e+00   1.269416e-23   48
  2.271022e-01   9.265828e-23   3.532495e-04   5.615100e-24   216
  2.289809e-01   7.976228e-23   0.000000e+00   1.289466e-23   48
  2.298212e-01   1.211234e-22   2.809790e-09   9.234094e-24   96
  2.310160e-01   1.006638e-22   4.128272e-04   7.414275e-24   168
  2.323239e-01   7.933600e-23   2.809790e-09   1.364012e-23   48
  2.331522e-01   8.889426e-23   0.000000e+00   1.168106e-23   96
  2.339775e-01   6.548083e-23   0.000000e+00   1.071889e-23   48
  2.356194e-01   7.789695e-23   3.178914e-09   1.421953e-23   30
  2.364362e-01   8.263271e-23   0.000000e+00   8.663941e-24   96
  2.374123e-01   7.482578e-23   3.244455e-04   3.920319e-24   240
  2.386674e-01   7.709658e-23   3.500299e-04   1.278111e-23   32
  2.396752e-01   8.897022e-23   0.000000e+00   6.533552e-24   168
  2.404781e-01   1.001498e-22   0.000000e+00   9.376218e-24   120
  2.420760e-01   7.460644e-23   5.923557e-09   9.427592e-24   72
  2.428710e-01   8.013035e-23   2.649095e-09   6.274620e-24   144
  2.436634e-01   6.310228e-23   0.000000e+00   5.947886e-24   96
  2.444532e-01   6.686584e-23   0.000000e+00   6.667947e-24   96
  2.460253e-01   6.095656e-23   0.000000e+00   5.134465e-24   72
  2.468075e-01   6.305038e-23   3.973643e-09   4.731574e-24   96
  2.483647e-01   1.069280e-22   0.000000e+00   1.867488e-23   24
  2.491396e-01   7.162331e-23   0.000000e+00   4.421520e-24   192
  2.500522e-01   7.258480e-23   2.970416e-04   5.669248e-24   132
  2.514501e-01   5.610071e-23   0.000000e+00   5.841834e-24   96
  2.522156e-01   7.172634e-23   0.000000e+00   7.893978e-24   96
  2.529787e-01   6.932445e-23   3.178914e-09   5.582974e-24   120
  2.544981e-01   9.448596e-23   0.000000e+00   1.691920e-23   48
  2.557435e-01   7.033035e-23   3.599905e-04   4.563061e-24   222
  2.567603e-01   6.887879e-23   0.000000e+00   6.021864e-24   120
  2.575100e-01   6.192113e-23   4.866699e-09   1.038879e-23   24
  2.586015e-01   7.406787e-23   3.715625e-04   3.759877e-24   312
  2.609797e-01   5.755852e-23   3.483547e-04   5.666962e-24   72
  2.619630e-01   7.374200e-23   4.866699e-09   5.557844e-24   96
  2.629726e-01   6.139545e-23   3.547511e-04   3.918517e-24   192
  2.641613e-01   6.604082e-23   4.495664e-09   5.684108e-24   120
  2.648900e-01   6.362116e-23   0.000000e+00   5.252439e-24   144
  2.663415e-01   6.356132e-23   0.000000e+00   7.707598e-24   48
  2.673732e-01   6.338208e-23   3.567146e-04   3.196540e-24   336
  2.685040e-01   6.460485e-23   0.000000e+00   1.058482e-23   48
  2.699360e-01   5.629832e-23   0.000000e+00   3.411716e-24   192
  2.706492e-01   5.026620e-23   0.000000e+00   7.886579e-24   48
  2.726764e-01   7.011479e-23   2.476067e-04   1.043279e-23   56
  2.736844e-01   6.316122e-23   3.180112e-04   3.402044e-24   336
  2.748894e-01   6.169341e-23   3.532127e-09   8.503833e-24   54
  2.759390e-01   5.661969e-23   3.492904e-04   4.095312e-24   240
  2.781181e-01   6.333648e-23   3.344484e-04   3.933222e-24   228
  2.790651e-01   4.478334e-23   3.746387e-09   4.816239e-24   72
  2.799844e-01   5.660223e-23   3.244231e-04   4.228766e-24   144
  2.811298e-01   4.574569e-23   0.000000e+00   4.912579e-24   96
  2.818146e-01   6.104386e-23   4.495664e-09   4.062521e-24   240
  2.831793e-01   3.777590e-23   3.973643e-09   6.920101e-24   24
  2.840530e-01   5.758533e-23   3.064151e-04   2.735723e-24   336
  2.852142e-01   5.638717e-23   0.000000e+00   5.480971e-24   72
  2.862741e-01   5.336750e-23   3.332831e-04   3.958962e-24   168
  2.872346e-01   6.707377e-23   0.000000e+00   6.574818e-24   72
  2.885737e-01   5.841925e-23   0.000000e+00   5.669930e-24   96
  2.896108e-01   5.809693e-23   3.307829e-04   3.778436e-24   216
  2.905708e-01   4.958880e-23   0.000000e+00   4.873603e-24   96
  2.918946e-01   4.604550e-23   3.973643e-09   3.465231e-24   192
  2.925542e-01   5.421709e-23   3.746387e-09   3.849639e-24   144
  2.938691e-01   4.118767e-23   0.000000e+00   5.480461e-24   48
  2.947794e-01   4.511897e-23   3.189136e-04   2.524962e-24   246
  2.960164e-01   5.102464e-23   2.940434e-04   3.684833e-24   168
  2.971308e-01   5.472189e-23   7.786718e-09   5.494952e-24   120
  2.977788e-01   5.593350e-23   0.000000e+00   3.731195e-24   240
  2.990707e-01   4.389810e-23   0.000000e+00   9.102575e-24   24
  3.001001e-01   4.523810e-23   3.147475e-04   2.331251e-24   360
  3.013820e-01   4.455953e-23   3.134082e-04   3.504291e-24   120
  3.022763e-01   4.420188e-23   0.000000e+00   3.667902e-24   144
  3.029133e-01   3.985069e-23   0.000000e+00   3.533107e-24   96
  3.048165e-01   4.841002e-23   0.000000e+00   4.067164e-24   144
  3.054482e-01   3.843912e-23   0.000000e+00   3.071983e-24   132
  3.063360e-01   4.083258e-23   3.093292e-04   2.869576e-24   176
  3.076248e-01   4.233247e-23   3.123602e-04   2.267307e-24   312
  3.092116e-01   5.276948e-23   0.000000e+00   4.829897e-24   96
  3.098343e-01   4.420641e-23   0.000000e+00   3.292608e-24   144
  3.107899e-01   4.035729e-23   3.092271e-04   2.432549e-24   312
  3.123131e-01   5.037539e-23   0.000000e+00   6.887491e-24   48
  3.129297e-01   3.600840e-23   3.973643e-09   2.440614e-24   192
  3.141593e-01   3.096849e-23   0.000000e+00   6.867057e-24   6
  3.149762e-01   3.539603e-23   2.884066e-04   2.084010e-24   288
  3.162994e-01   3.951068e-23   3.047203e-04   2.777506e-24   192
  3.172124e-01   3.721100e-23   9.345130e-09   2.256930e-24   216
  3.178195e-01   4.296877e-23   0.000000e+00   4.780503e-24   72
  3.193321e-01   3.595027e-23   3.018264e-04   2.631988e-24   192
  3.203366e-01   3.965358e-23   2.241224e-04   2.321904e-24   288
  3.214381e-01   5.357137e-23   0.000000e+00   8.210659e-24   24
  3.222890e-01   3.941708e-23   2.952626e-04   1.687164e-24   456
  3.238280e-01   4.419820e-23   0.000000e+00   6.670608e-24   48
  3.247789e-01   4.124160e-23   2.908218e-04   2.447284e-24   240
  3.258718e-01   4.042556e-23   2.939082e-04   2.769339e-24   216
  3.267908e-01   2.897458e-23   0.000000e+00   2.729713e-24   72
  3.273801e-01   4.173816e-23   1.015467e-08   3.162041e-24   168
  3.290441e-01   3.260947e-23   2.184577e-04   2.044487e-24   288
  3.299773e-01   3.690922e-23   2.890570e-04   2.336180e-24   168
  3.314762e-01   3.646811e-23   0.000000e+00   2.874909e-24   192
  3.320572e-01   4.273062e-23   3.746387e-09   3.413463e-24   144
  3.332162e-01   4.964881e-23   3.746387e-09   7.881499e-24   36
  3.341991e-01   3.944107e-23   2.639705e-04   1.888373e-24   342
  3.351389e-01   3.105562e-23   2.710657e-04   2.525251e-24   144
  3.363470e-01   3.576097e-23   2.842800e-04   1.785472e-24   384
  3.378125e-01   3.439625e-23   7.786718e-09   2.547705e-24   120
  3.385379e-01   3.622640e-23   2.534951e-04   2.084612e-24   264
  3.395201e-01   3.435517e-23   1.256576e-08   2.499464e-24   192
  3.404451e-01   4.376164e-23   2.731894e-04   2.882617e-24   152
  3.412191e-01   3.185932e-23   7.492773e-09   2.406342e-24   144
  3.428472e-01   3.116723e-23   1.768108e-04   2.151730e-24   216
  3.436008e-01   2.859851e-23   2.362665e-04   1.408596e-24   312
  3.449274e-01   3.407388e-23   2.738281e-04   1.987471e-24   240
  3.457090e-01   2.752248e-23   3.973643e-09   2.624990e-24   96
  3.471927e-01   2.213015e-23   2.617995e-04   1.676998e-24   144
  3.481071e-01   3.310712e-23   2.573258e-04   1.415488e-24   456
  3.495904e-01   3.353865e-23   0.000000e+00   3.429910e-24   120
  3.501414e-01   3.017164e-23   0.000000e+00   2.326650e-24   144
  3.512407e-01   3.338861e-23   5.619580e-09   7.175300e-24   24
  3.519456e-01   3.210709e-23   2.473498e-04   1.633106e-24   336
  3.531645e-01   2.976472e-23   2.727931e-04   1.950519e-24   198
  3.543067e-01   3.155623e-23   2.652756e-04   1.391957e-24   432
  3.556041e-01   2.663115e-23   7.947286e-09   4.162768e-24   48
  3.562810e-01   2.775862e-23   2.341925e-04   1.310733e-24   384
  3.574963e-01   3.459141e-23   2.696052e-04   2.704894e-24   144
  3.585975e-01   3.085984e-23   2.676825e-04   1.646578e-24   264
  3.599147e-01   2.927841e-23   0.000000e+00   3.176659e-24   48
  3.607984e-01   3.157547e-23   2.545223e-04   1.768546e-24   276
  3.616510e-01   3.032348e-23   2.307176e-04   2.191209e-24   192
  3.627906e-01   3.031160e-23   2.592759e-04   1.235195e-24   552
  3.641741e-01   3.297377e-23   6.357829e-09   3.220768e-24   120
  3.649965e-01   3.010199e-23   2.624511e-04   1.853929e-24   216
  3.657587e-01   2.445349e-23   6.357829e-09   1.741464e-24   120
  3.671201e-01   2.975124e-23   2.584500e-04   1.442450e-24   408
  3.683844e-01   3.359090e-23   5.619580e-09   6.735657e-24   24
  3.691684e-01   3.011552e-23   2.610810e-04   1.468498e-24   384
  3.702633e-01   2.815624e-23   2.550855e-04   1.781162e-24   240
  3.712141e-01   2.832790e-23   2.569535e-04   2.371258e-24   168
  3.725471e-01   2.686186e-23   0.000000e+00   2.507799e-24   120
  3.734064e-01   2.914684e-23   2.678605e-04   1.563728e-24   350
  3.748037e-01   2.728551e-23   4.409502e-04   1.317114e-24   384
  3.756388e-01   2.975657e-23   0.000000e+00   2.636583e-24   144
  3.771752e-01   2.621910e-23   5.298191e-09   1.540680e-24   288
  3.779773e-01   2.682986e-23   2.524053e-04   1.387993e-24   336
  3.790686e-01   2.464736e-23   2.297941e-04   1.852522e-24   168
  3.797219e-01   2.394976e-23   1.506181e-08   1.071083e-24   336
  3.810732e-01   2.959229e-23   2.385126e-04   1.672659e-24   288
  3.818848e-01   2.831669e-23   2.247398e-04   1.566939e-24   264
  3.832590e-01   2.446068e-23   0.000000e+00   1.484036e-24   240
  3.837616e-01   2.485656e-23   0.000000e+00   2.180204e-24   96
  3.855656e-01   2.845447e-23   3.056310e-04   1.627369e-24   360
  3.864075e-01   2.938935e-23   2.253025e-04   2.122293e-24   168
  3.874713e-01   2.351115e-23   2.456032e-04   1.101829e-24   456
  3.887523e-01   1.878836e-23   7.064254e-09   1.759877e-24   108
  3.894728e-01   2.167203e-23   2.464311e-04   1.345373e-24   264
  3.903716e-01   2.726045e-23   2.198567e-04   1.730773e-24   264
  3.916025e-01   2.620972e-23   2.074668e-04   1.352850e-24   312
  3.931351e-01   2.328372e-23   1.541705e-04   1.549618e-24   270
  3.937775e-01   2.276884e-23   1.957388e-04   1.332139e-24   240
  3.949323e-01   2.686331e-23   2.421536e-04   1.470976e-24   384
  3.956334e-01   2.099743e-23   7.947286e-09   1.478602e-24   192
  3.969952e-01   2.158266e-23   1.942960e-04   1.328333e-24   240
  3.977852e-01   2.706679e-23   2.397927e-04   1.437351e-24   336
  3.992708e-01   2.528092e-23   2.413972e-04   1.213370e-24   480
  4.004761e-01   2.638808e-23   5.298191e-09   3.054617e-24   72
  4.011493e-01   2.456269e-23   2.353842e-04   1.503931e-24   240
  4.020650e-01   2.036369e-23   2.212289e-04   1.401754e-24   312
  4.031147e-01   2.258214e-23   2.390954e-04   1.458484e-24   240
  4.047009e-01   2.413211e-23   1.816506e-04   1.113876e-24   408
  4.053288e-01   2.172447e-23   1.663482e-04   1.153756e-24   336
  4.065560e-01   2.476602e-23   2.112212e-04   1.436248e-24   264
  4.071591e-01   2.091404e-23   0.000000e+00   1.643687e-24   144
  4.088370e-01   2.197540e-23   2.927651e-04   1.115476e-24   464
  4.097211e-01   2.064919e-23   2.328083e-04   1.387238e-24   168
  4.105939e-01   2.055383e-23   2.120376e-04   1.065134e-24   336
  4.121713e-01   1.940190e-23   2.227870e-04   8.281438e-25   414
  4.130606e-01   1.671683e-23   2.319080e-04   1.218469e-24   216
  4.141998e-01   2.658711e-23   5.619580e-09   2.669932e-24   96
  4.146649e-01   2.410508e-23   1.376510e-08   1.243005e-24   384
  4.162944e-01   2.262005e-23   2.314600e-04   9.846080e-25   492
  4.171676e-01   2.539631e-23   2.263480e-04   1.639486e-24   240
  4.181546e-01   2.220529e-23   2.298225e-04   1.088529e-24   312
  4.195176e-01   2.023336e-23   2.297469e-04   1.239089e-24   192
  4.203810e-01   2.082646e-23   2.226525e-04   8.691408e-25   504
  4.215265e-01   1.877191e-23   1.473998e-04   9.204539e-25   408
  4.224284e-01   1.712993e-23   4.515774e-04   1.425069e-24   168
  4.235571e-01   1.970583e-23   2.145032e-04   9.508707e-25   288
  4.245041e-01   2.095606e-23   2.238525e-04   1.125394e-24   288
  4.254743e-01   1.853199e-23   2.251410e-04   8.423629e-25   432
  4.268815e-01   1.741198e-23   2.129084e-04   1.113574e-24   216
  4.276334e-01   2.166350e-23   2.124592e-04   9.935417e-25   360
  4.289721e-01   1.983762e-23   2.073582e-04   1.220765e-24   312
  4.301803e-01   2.337598e-23   0.000000e+00   3.174259e-24   48
  4.308767e-01   1.782292e-23   2.223178e-04   8.490305e-25   432
  4.321240e-01   1.715225e-23   3.708284e-04   9.000895e-25   414
  4.328606e-01   1.910607e-23   8.470833e-09   9.379424e-25   312
  4.342347e-01   1.926181e-23   3.253813e-04   7.796114e-25   528
  4.351620e-01   1.814004e-23   1.707976e-04   1.135624e-24   264
  4.362761e-01   1.944033e-23   2.025191e-04   9.268274e-25   480
  4.377318e-01   1.853371e-23   0.000000e+00   1.095537e-24   288
  4.383604e-01   1.727337e-23   2.176005e-04   1.447695e-24   168
  4.395105e-01   1.939856e-23   3.444610e-04   8.691235e-25   504
  4.408036e-01   1.887358e-23   5.298191e-09   1.517351e-24   144
  4.416171e-01   1.882233e-23   2.212265e-04   8.877960e-25   464
  4.428396e-01   1.790117e-23   3.246624e-04   9.047056e-25   432
  4.434197e-01   1.682420e-23   5.619580e-09   1.203699e-24   192
  4.449189e-01   1.751969e-23   2.406833e-04   8.234914e-25   396
  4.458042e-01   1.933618e-23   2.162000e-04   1.251930e-24   288
  4.466990e-01   1.988569e-23   2.135686e-04   9.588383e-25   336
  4.481283e-01   1.763507e-23   1.352359e-04   7.699733e-25   432
  4.490354e-01   1.995238e-23   3.505126e-04   1.098385e-24   360
  4.500539e-01   1.665754e-23   2.073334e-04   8.747576e-25   384
  4.515004e-01   1.887456e-23   1.830116e-04   1.209619e-24   198
  4.521974e-01   1.722254e-23   2.080246e-04   6.762330e-25   552
  4.534970e-01   1.766026e-23   2.912202e-04   7.504515e-25   432
  4.545821e-01   1.920584e-23   1.112388e-08   1.335106e-24   168
  4.554927e-01   1.915899e-23   3.610065e-04   8.682881e-25   480
  4.566974e-01   1.815907e-23   0.000000e+00   1.642254e-24   120
  4.572396e-01   1.553795e-23   2.948545e-04   8.223045e-25   336
  4.585628e-01   1.649046e-23   2.080152e-04   6.025372e-25   672
  4.598711e-01   1.817283e-23   3.025866e-04   8.011701e-25   528
  4.604805e-01   1.618623e-23   9.082613e-09   1.057406e-24   168
  4.618883e-01   1.762029e-23   3.375333e-04   7.476893e-25   456
  4.627474e-01   1.718410e-23   2.061344e-04   1.404601e-24   168
  4.636392e-01   1.762015e-23   2.057643e-04   7.408966e-25   504
  4.651216e-01   1.459679e-23   2.647872e-04   8.166230e-25   336
  4.660180e-01   1.557735e-23   1.908802e-04   8.192400e-25   312
  4.670124e-01   1.633862e-23   1.865029e-04   6.809153e-25   504
  4.683210e-01   1.623235e-23   1.294009e-04   8.067710e-25   432
  4.689362e-01   1.567934e-23   1.999672e-04   8.173718e-25   312
  4.702151e-01   1.614597e-23   2.049761e-04   7.554127e-25   384
  4.715504e-01   1.784317e-23   1.741510e-04   1.651303e-24   126
  4.723748e-01   1.652394e-23   3.057676e-04   7.383679e-25   492
  4.734278e-01   1.752483e-23   1.958445e-04   7.381459e-25   528
  4.747438e-01   1.511152e-23   1.989360e-04   6.520531e-25   480
  4.755596e-01   1.459879e-23   2.748289e-04   7.158836e-25   432
  4.767402e-01   1.517977e-23   2.161166e-04   6.933549e-25   440
  4.781114e-01   1.402938e-23   1.074739e-04   7.507807e-25   312
  4.786259e-01   1.504823e-23   1.610586e-04   6.949860e-25   480
  4.796813e-01   1.497114e-23   3.153497e-04   6.908634e-25   408
  4.812233e-01   1.527996e-23   1.888588e-04   8.865549e-25   360
  4.818747e-01   1.381356e-23   1.822418e-04   6.334919e-25   408
  4.830820e-01   1.465868e-23   1.854542e-04   7.264918e-25   456
  4.844414e-01   1.514250e-23   1.772485e-04   8.720764e-25   264
  4.851959e-01   1.599315e-23   1.923591e-04   7.050215e-25   384
  4.862943e-01   1.500232e-23   3.238501e-04   5.959051e-25   672
  4.875640e-01   1.636238e-23   1.937042e-04   1.102003e-24   240
  4.882967e-01   1.438633e-23   1.965613e-04   8.341071e-25   264
  4.893308e-01   1.453481e-23   2.424259e-04   5.582261e-25   624
  4.908739e-01   1.336591e-23   0.000000e+00   1.006867e-24   150
  4.914232e-01   1.462618e-23   2.716574e-04   5.406759e-25   600
  4.925819e-01   1.401654e-23   1.874909e-04   4.959429e-25   672
  4.938939e-01   1.385545e-23   1.763484e-04   7.070881e-25   336
  4.946248e-01   1.740777e-23   1.918157e-04   8.272973e-25   408
  4.957926e-01   1.448162e-23   1.913639e-04   6.623648e-25   408
  4.970915e-01   1.360361e-23   9.676385e-05   7.224044e-25   360
  4.978921e-01   1.351345e-23   3.552857e-04   6.234348e-25   456
  4.988592e-01   1.447745e-23   1.932065e-04   7.202965e-25   384
  5.000902e-01   1.272092e-23   1.783541e-04   6.910861e-25   348
  5.007554e-01   1.488099e-23   2.198754e-04   5.573688e-25   576
  5.020050e-01   1.493895e-23   1.810385e-04   6.118061e-25   504
  5.032833e-01   1.549664e-23   2.553443e-04   7.215144e-25   432
  5.043991e-01   1.448211e-23   3.473946e-04   5.652726e-25   576
  5.051948e-01   1.170358e-23   0.000000e+00   7.232279e-25   264
  5.064571e-01   1.384626e-23   2.764393e-04   4.785864e-25   768
  5.075549e-01   1.388390e-23   3.721752e-04   8.474133e-25   240
  5.084277e-01   1.304058e-23   3.282233e-04   9.801113e-25   192
  5.096990e-01   1.351138e-23   2.416124e-04   6.133307e-25   504
  5.106418e-01   1.404633e-23   3.255818e-04   5.802535e-25   590
  5.115460e-01   1.348542e-23   3.647966e-04   7.183495e-25   384
  5.126798e-01   1.404011e-23   3.048625e-04   6.658813e-25   504
  5.140486e-01   1.332298e-23   2.933830e-04   5.485591e-25   648
  5.153764e-01   1.347439e-23   7.967896e-05   6.173859e-25   504
  5.159117e-01   1.309780e-23   1.817627e-04   6.313709e-25   312
  5.168569e-01   1.368842e-23   2.618753e-04   5.479745e-25   576
  5.181545e-01   1.625050e-23   1.822405e-04   9.137004e-25   240
  5.189109e-01   1.408944e-23   1.841453e-04   5.791437e-25   552
  5.199816e-01   1.282260e-23   1.729082e-04   5.068579e-25   600
  5.215067e-01   1.329021e-23   2.111937e-04   5.017346e-25   600
  5.224237e-01   1.155053e-23   3.382099e-04   5.497760e-25   312
  5.233368e-01   1.375001e-23   2.945474e-04   5.562118e-25   480
  5.244775e-01   1.183719e-23   1.837693e-04   4.565485e-25   576
  5.254818e-01   1.182643e-23   2.959085e-04   6.084640e-25   408
  5.263729e-01   1.074914e-23   3.451909e-04   7.037147e-25   216
  5.275243e-01   1.369148e-23   2.643774e-04   5.846116e-25   516
  5.287578e-01   1.212662e-23   2.522429e-04   4.262057e-25   744
  5.300304e-01   1.353137e-23   1.684760e-04   5.347613e-25   462
  5.307494e-01   1.218340e-23   1.712315e-04   5.398340e-25   432
  5.318647e-01   1.204980e-23   1.588547e-04   4.347255e-25   648
  5.331761e-01   1.193385e-23   2.324340e-04   5.684203e-25   528
  5.342295e-01   1.300289e-23   2.799086e-04   5.182810e-25   600
  5.352820e-01   1.252654e-23   3.528915e-04   7.202780e-25   240
  5.363014e-01   1.152161e-23   2.703115e-04   4.043725e-25   720
  5.374863e-01   1.275455e-23   2.138653e-04   4.540409e-25   720
  5.387997e-01   8.911857e-24   0.000000e+00   7.813333e-25   144
  5.394909e-01   1.146428e-23   2.757364e-04   4.295523e-25   720
  5.404742e-01   1.308022e-23   1.653370e-04   6.380265e-25   384
  5.417051e-01   1.163528e-23   1.832848e-04   4.325700e-25   672
  5.428730e-01   1.213780e-23   3.209115e-04   7.230387e-25   336
  5.434308e-01   1.331221e-23   0.000000e+00   7.758859e-25   288
  5.447967e-01   1.181124e-23   2.539800e-04   4.026754e-25   776
  5.460612e-01   1.118506e-23   2.173184e-04   4.102939e-25   720
  5.471231e-01   1.055167e-23   1.750659e-04   4.917306e-25   432
  5.479725e-01   1.102459e-23   2.495786e-04   4.726400e-25   504
  5.489174e-01   1.079607e-23   1.748652e-04   4.490903e-25   528
  5.502396e-01   1.252142e-23   2.382437e-04   6.050158e-25   438
  5.513273e-01   1.125302e-23   2.772938e-04   4.375801e-25   624
  5.521470e-01   1.199668e-23   3.396475e-04   7.107557e-25   312
  5.532738e-01   1.139710e-23   1.829935e-04   4.057338e-25   696
  5.544390e-01   1.152916e-23   1.655760e-04   4.787374e-25   552
  5.556509e-01   1.122372e-23   1.281006e-04   4.889214e-25   516
  5.564006e-01   1.154172e-23   2.558713e-04   4.640102e-25   528
  5.573133e-01   1.081894e-23   1.664001e-04   4.702452e-25   528
  5.586097e-01   1.080486e-23   2.194479e-04   3.568825e-25   864
  5.594897e-01   1.263472e-23   3.005985e-04   6.218093e-25   408
  5.603706e-01   1.355468e-23   2.978186e-04   8.214719e-25   192
  5.616191e-01   1.086420e-23   2.464592e-04   3.459553e-25   720
  5.626731e-01   1.125769e-23   2.272475e-04   3.906595e-25   696
  5.639255e-01   1.112641e-23   2.454294e-04   4.196396e-25   720
  5.650713e-01   1.199683e-23   3.326501e-04   5.510685e-25   432
  5.657395e-01   1.040237e-23   1.958109e-04   5.882254e-25   264
  5.669418e-01   1.115191e-23   2.704061e-04   3.903555e-25   672
  5.680171e-01   1.128863e-23   2.768544e-04   4.499689e-25   600
  5.692933e-01   9.808689e-24   1.620980e-04   5.433314e-25   270
  5.699366e-01   1.142964e-23   2.440026e-04   5.051374e-25   528
  5.709591e-01   1.117950e-23   1.670843e-04   3.727730e-25   840
  5.723613e-01   1.149413e-23   3.194952e-04   3.755102e-25   888
  5.736568e-01   9.591075e-24   2.380474e-04   3.276261e-25   744
  5.747517e-01   1.032701e-23   1.223216e-04   4.610109e-25   456
  5.752963e-01   1.307688e-23   1.671601e-04   5.505888e-25   360
  5.762282e-01   1.028544e-23   1.448348e-04   4.869978e-25   384
  5.776580e-01   1.049774e-23   2.323137e-04   3.697703e-25   816
  5.787308e-01   1.055212e-23   3.370546e-04   3.636140e-25   824
  5.800348e-01   9.743597e-24   1.566791e-04   5.018936e-25   360
  5.807331e-01   1.252969e-23   2.311994e-04   5.003686e-25   624
  5.816941e-01   1.105157e-23   1.562320e-04   5.725449e-25   360
  5.829744e-01   1.052751e-23   2.125215e-04   3.331369e-25   876
  5.841306e-01   1.066139e-23   2.524119e-04   3.618726e-25   696
  5.852967e-01   8.878620e-24   1.629911e-04   4.002095e-25   336
  5.859080e-01   9.433695e-24   1.628079e-04   3.798223e-25   504
  5.869176e-01   9.168646e-24   1.642187e-04   3.404851e-25   672
  5.884155e-01   9.956887e-24   3.269213e-04   3.679350e-25   720
  5.894543e-01   1.000640e-23   2.469541e-04   3.387273e-25   774
  5.906010e-01   1.010542e-23   1.413501e-04   5.025529e-25   384
  5.912015e-01   1.091418e-23   2.720183e-04   4.707416e-25   528
  5.921335e-01   1.089076e-23   2.592486e-04   3.882668e-25   744
  5.936327e-01   1.154154e-23   2.138251e-04   3.921663e-25   768
  5.946281e-01   1.026078e-23   2.400348e-04   4.123765e-25   552
  5.958700e-01   1.055231e-23   2.616108e-04   3.600575e-25   696
  5.967938e-01   1.096844e-23   3.179026e-04   5.210621e-25   408
  5.975272e-01   1.106726e-23   1.373364e-04   5.002992e-25   504
  5.986899e-01   1.015213e-23   2.467198e-04   3.208766e-25   888
  5.998339e-01   9.874680e-24   2.564132e-04   3.527009e-25   648
  6.010230e-01   9.871925e-24   2.542153e-04   3.453023e-25   648
  6.021418e-01   1.083114e-23   2.741064e-04   3.710499e-25   792
  6.033268e-01   9.701841e-24   4.010364e-04   3.639287e-25   600
  6.042000e-01   9.717903e-24   2.717856e-04   4.394912e-25   456
  6.051191e-01   1.005450e-23   1.324567e-04   3.883354e-25   648
  6.062996e-01   9.768086e-24   2.583099e-04   3.079749e-25   936
  6.075741e-01   1.131172e-23   1.586356e-04   5.338039e-25   384
  6.086836e-01   1.023685e-23   0.000000e+00   6.509945e-25   198
  6.095398e-01   1.001234e-23   4.024720e-04   2.859590e-25   1224
  6.104634e-01   1.226522e-23   2.931235e-04   5.682734e-25   420
  6.115558e-01   9.450956e-24   2.836822e-04   3.120808e-25   792
  6.126238e-01   1.035592e-23   2.345810e-04   4.487115e-25   680
  6.138428e-01   9.771174e-24   2.154033e-04   4.205875e-25   600
  6.148235e-01   9.984972e-24   3.123938e-04   3.459224e-25   840
  6.161330e-01   1.098111e-23   1.474979e-04   5.197235e-25   432
  6.166334e-01   1.073993e-23   1.382250e-04   4.174904e-25   720
  6.177213e-01   1.030124e-23   2.768404e-04   3.018760e-25   960
  6.190745e-01   1.008310e-23   2.467829e-04   4.637162e-25   528
  6.200634e-01   9.877469e-24   2.522592e-04   3.931535e-25   624
  6.212404e-01   1.106829e-23   1.982740e-04   3.469442e-25   816
  6.224086e-01   9.674198e-24   3.260658e-04   3.678889e-25   696
  6.236996e-01   1.007914e-23   1.798266e-08   6.591923e-25   240
  6.241851e-01   9.732104e-24   1.922888e-04   3.366310e-25   672
  6.252686e-01   9.641967e-24   3.436476e-04   3.146324e-25   864
  6.264840e-01   9.511238e-24   2.636938e-04   3.040980e-25   816
  6.275795e-01   9.202392e-24   1.509292e-04   3.290090e-25   648
  6.287594e-01   1.059368e-23   1.542771e-04   3.358684e-25   843
  6.297611e-01   9.463196e-24   2.775825e-04   3.205529e-25   780
  6.309548e-01   8.500288e-24   1.489456e-04   5.144421e-25   216
  6.316911e-01   1.017621e-23   3.591661e-04   3.038058e-25   1056
  6.328235e-01   1.000112e-23   2.938382e-04   7.336587e-25   228
  6.338720e-01   9.637453e-24   3.658358e-04   2.955758e-25   924
  6.349484e-01   1.079209e-23   1.357046e-04   4.097048e-25   696
  6.360882e-01   9.558982e-24   2.415153e-04   2.822981e-25   996
  6.372543e-01   8.508079e-24   1.425858e-04   3.359675e-25   576
  6.384675e-01   8.386769e-24   2.200718e-04   3.622002e-25   552
  6.393519e-01   1.132185e-23   2.627580e-04   4.810426e-25   516
  6.402494e-01   1.068152e-23   3.821047e-04   3.395057e-25   744
  6.412749e-01   8.789606e-24   1.874451e-04   3.258864e-25   576
  6.421669e-01   9.468011e-24   1.929285e-04   3.426345e-25   792
  6.434346e-01   9.692533e-24   2.205530e-04   3.293023e-25   792
  6.443636e-01   8.996236e-24   2.378641e-04   3.130693e-25   720
  6.456200e-01   9.668513e-24   2.711104e-04   3.603713e-25   656
  6.467974e-01   9.123810e-24   2.960385e-04   3.049348e-25   816
  6.480043e-01   9.184109e-24   1.596190e-04   4.161028e-25   492
  6.486903e-01   9.743055e-24   2.296231e-04   3.921385e-25   552
  6.499778e-01   8.171253e-24   3.992867e-04   2.812120e-25   780
  6.508139e-01   9.344725e-24   2.452771e-04   3.603789e-25   528
  6.517148e-01   9.089088e-24   2.863130e-04   3.248270e-25   600
  6.530425e-01   9.968860e-24   2.379487e-04   3.043113e-25   900
  6.539577e-01   9.615919e-24   1.317325e-04   3.380608e-25   696
  6.552168e-01   9.106817e-24   3.330907e-04   3.085911e-25   696
  6.564349e-01   8.900214e-24   1.351317e-04   3.464409e-25   552
  6.574592e-01   8.900280e-24   1.571457e-04   2.918191e-25   708
  6.585322e-01   8.538203e-24   2.594565e-04   2.797360e-25   876
  6.596487e-01   1.003098e-23   1.377663e-04   6.548185e-25   216
  6.603980e-01   9.069356e-24   3.768094e-04   2.649792e-25   1032
  6.615201e-01   8.016745e-24   4.195357e-04   2.866442e-25   600
  6.626848e-01   7.375948e-24   2.001869e-04   3.082584e-25   600
  6.635732e-01   8.407519e-24   3.535112e-04   3.642031e-25   528
  6.646233e-01   8.555331e-24   1.940622e-04   2.764430e-25   732
  6.657296e-01   1.034048e-23   1.432973e-04   5.209231e-25   336
  6.670031e-01   8.409667e-24   2.042271e-04   2.690680e-25   912
  6.679548e-01   8.433168e-24   2.049821e-04   3.076144e-25   624
  6.689946e-01   8.553289e-24   1.727341e-04   2.882537e-25   768
  6.702082e-01   8.305327e-24   3.116463e-04   2.706333e-25   792
  6.713995e-01   8.380920e-24   1.545014e-04   3.211788e-25   660
  6.722471e-01   7.940375e-24   2.276826e-04   2.977252e-25   504
  6.731238e-01   8.118077e-24   3.719898e-04   3.563085e-25   480
  6.744376e-01   7.504098e-24   3.440421e-04   2.321648e-25   912
  6.754664e-01   8.258059e-24   3.831443e-04   3.783221e-25   432
  6.764380e-01   9.119211e-24   2.275021e-04   3.590149e-25   564
  6.773006e-01   8.004385e-24   2.177508e-04   3.064062e-25   600
  6.785149e-01   8.636554e-24   3.035240e-04   2.838331e-25   876
  6.794272e-01   7.872499e-24   1.364735e-04   4.439032e-25   264
  6.806846e-01   7.783833e-24   2.648123e-04   2.947584e-25   560
  6.816953e-01   8.287874e-24   1.799457e-04   2.613628e-25   840
  6.829222e-01   7.761705e-24   2.774244e-04   2.387004e-25   1008
  6.840568e-01   6.576554e-24   1.241010e-04   2.680611e-25   456
  6.850930e-01   8.516626e-24   1.607553e-04   3.311547e-25   576
  6.860509e-01   7.801542e-24   2.470177e-04   2.934369e-25   612
  6.873140e-01   7.814385e-24   2.206269e-04   2.806814e-25   780
  6.883444e-01   8.257516e-24   2.528284e-04   2.830125e-25   648
  6.893992e-01   8.413842e-24   1.178213e-04   3.964501e-25   312
  6.900734e-01   6.559339e-24   2.993645e-04   2.899285e-25   528
  6.912414e-01   7.112312e-24   3.909551e-04   2.407667e-25   720
  6.923583e-01   7.155781e-24   3.921794e-04   2.759957e-25   576
  6.937124e-01   7.420626e-24   3.383053e-04   2.968545e-25   444
  6.945549e-01   7.748969e-24   3.317685e-04   2.239541e-25   996
  6.955874e-01   7.111150e-24   2.771265e-04   3.192110e-25   432
  6.965633e-01   8.164622e-24   3.033990e-04   3.831960e-25   504
  6.974062e-01   6.827557e-24   1.367883e-04   2.802351e-25   504
  6.986065e-01   7.903491e-24   2.692009e-04   2.290010e-25   876
  6.996926e-01   6.630587e-24   3.098246e-04   2.705084e-25   504
  7.008236e-01   7.583223e-24   1.975899e-04   2.826835e-25   696
  7.017583e-01   6.890904e-24   1.689187e-04   2.967825e-25   492
  7.030300e-01   7.463767e-24   2.418152e-04   3.400313e-25   432
  7.039719e-01   7.302990e-24   2.264335e-04   2.223746e-25   768
  7.050885e-01   6.869442e-24   2.820533e-04   2.375067e-25   648
  7.061547e-01   7.145640e-24   1.840095e-04   2.995640e-25   456
  7.073798e-01   7.911818e-24   2.530430e-04   3.016629e-25   552
  7.082306e-01   7.056032e-24   1.734358e-04   2.282871e-25   648
  7.094016e-01   6.393864e-24   2.826907e-04   2.065619e-25   840
  7.105454e-01   7.279351e-24   1.348092e-04   2.855709e-25   432
  7.116906e-01   7.127125e-24   1.651183e-04   2.660235e-25   600
  7.124870e-01   7.212247e-24   1.759227e-04   2.897772e-25   432
  7.138248e-01   6.944517e-24   1.751482e-04   2.593742e-25   560
  7.147308e-01   6.588996e-24   2.772412e-04   2.175547e-25   840
  7.158652e-01   6.531876e-24   1.642140e-04   2.830517e-25   504
  7.167662e-01   6.529455e-24   3.351509e-04   2.193579e-25   696
  7.180362e-01   7.915590e-24   1.830475e-04   3.512762e-25   384
  7.190254e-01   6.546153e-24   2.681431e-04   2.534339e-25   576
  7.202219e-01   6.523489e-24   1.654845e-04   2.614359e-25   360
  7.211864e-01   6.071193e-24   2.464465e-04   1.890174e-25   828
  7.222268e-01   6.725150e-24   2.195064e-04   3.315027e-25   372
  7.231800e-01   6.176493e-24   3.352284e-04   2.078465e-25   576
  7.244428e-01   6.598966e-24   1.403933e-04   2.342721e-25   636
  7.253425e-01   6.714369e-24   2.706420e-04   2.405986e-25   648
  7.265596e-01   6.196128e-24   2.200024e-04   2.257359e-25   576
  7.274333e-01   6.260773e-24   3.548870e-04   2.493468e-25   528
  7.285953e-01   6.890440e-24   1.517289e-04   3.263090e-25   360
  7.295571e-01   5.933643e-24   3.490332e-04   2.048886e-25   672
  7.308130e-01   6.947046e-24   1.787806e-04   2.079055e-25   804
  7.318582e-01   6.463108e-24   1.972163e-04   2.736562e-25   408
  7.330145e-01   6.448243e-24   1.219011e-04   2.616096e-25   384
  7.337931e-01   6.094299e-24   2.789567e-04   2.523586e-25   480
  7.348913e-01   6.591957e-24   1.802469e-04   2.795008e-25   432
  7.359446e-01   6.205781e-24   3.321566e-04   2.056839e-25   648
  7.371913e-01   6.390345e-24   2.061016e-04   2.222614e-25   624
  7.381033e-01   5.893938e-24   1.874668e-04   2.607247e-25   456
  7.393486e-01   6.015864e-24   2.560963e-04   2.085047e-25   588
  7.401831e-01   5.700785e-24   1.633884e-04   1.893270e-25   600
  7.414016e-01   5.666252e-24   2.548458e-04   1.799534e-25   708
  7.423640e-01   6.625702e-24   1.605479e-04   3.325180e-25   360
  7.434275e-01   5.776837e-24   1.845541e-04   2.407919e-25   552
  7.444470e-01   6.478571e-24   1.294691e-04   3.344452e-25   288
  7.454820e-01   5.884148e-24   2.434372e-04   2.127142e-25   528
  7.464545e-01   6.819899e-24   1.642340e-04   2.768044e-25   456
  7.475410e-01   5.708856e-24   2.912225e-04   2.007049e-25   608
  7.486338e-01   6.103582e-24   1.408967e-04   2.215099e-25   504
  7.498278e-01   5.484605e-24   3.024972e-04   1.807034e-25   540
  7.507642e-01   6.096560e-24   3.247222e-04   2.659606e-25   360
  7.517735e-01   6.142126e-24   1.470509e-04   2.545608e-25   540
  7.526661e-01   6.140587e-24   1.262606e-04   2.100231e-25   576
  7.539642e-01   5.806681e-24   2.927555e-04   2.086180e-25   588
  7.551985e-01   6.144033e-24   4.039143e-04   2.076345e-25   672
  7.562588e-01   6.187637e-24   3.087151e-04   2.155920e-25   552
  7.571135e-01   5.772703e-24   3.088712e-04   4.158618e-25   144
  7.582042e-01   6.085927e-24   2.624178e-04   2.227657e-25   600
  7.592383e-01   5.392486e-24   3.288668e-04   1.886858e-25   504
  7.603860e-01   5.537927e-24   3.378126e-04   2.746347e-25   336
  7.615932e-01   6.117075e-24   3.797028e-04   2.098214e-25   600
  7.626744e-01   5.444116e-24   2.450478e-04   1.865540e-25   636
  7.638413e-01   5.814857e-24   1.970206e-04   2.694821e-25   384
  7.646595e-01   5.943400e-24   2.748205e-04   2.394837e-25   504
  7.658387e-01   5.048085e-24   1.153383e-04   3.423065e-25   240
  7.667694e-01   5.647054e-24   2.709461e-04   1.993301e-25   744
  7.678860e-01   5.303873e-24   1.850150e-04   1.872330e-25   648
  7.688783e-01   6.228317e-24   1.228185e-04   4.518710e-25   120
  7.700414e-01   5.583922e-24   1.929319e-04   2.018565e-25   564
  7.709202e-01   6.105964e-24   3.030111e-04   2.597503e-25   432
  7.720932e-01   5.536395e-24   2.351965e-04   2.228726e-25   480
  7.729764e-01   5.334651e-24   1.731106e-04   2.082369e-25   456
  7.740189e-01   6.187895e-24   2.864725e-04   2.363532e-25   444
  7.752020e-01   5.466952e-24   4.383180e-04   2.244121e-25   528
  7.762412e-01   6.084917e-24   3.255297e-04   3.405447e-25   264
  7.772498e-01   5.644600e-24   3.336195e-04   2.413556e-25   444
  7.786065e-01   6.078657e-24   3.654311e-04   1.940011e-25   696
  7.797327e-01   5.939796e-24   1.954448e-04   2.196762e-25   384
  7.805563e-01   5.561352e-24   2.469609e-04   2.548453e-25   432
  7.818373e-01   5.491526e-24   1.706384e-04   2.328359e-25   488
  7.826690e-01   5.518898e-24   2.571733e-04   1.854095e-25   480
  7.838749e-01   5.044169e-24   2.868014e-04   1.906464e-25   480
  7.848089e-01   6.150114e-24   1.203331e-04   3.358134e-25   240
  7.858692e-01   4.944677e-24   2.810886e-04   1.711807e-25   600
  7.868694e-01   5.496719e-24   2.449399e-04   2.630439e-25   288
  7.879343e-01   5.814383e-24   2.356143e-04   2.417737e-25   480
  7.890129e-01   5.340597e-24   4.191157e-04   2.065639e-25   504
  7.900748e-01   5.610414e-24   1.798267e-04   2.802580e-25   216
  7.914291e-01   5.108686e-24   2.944050e-04   1.738464e-25   504
  7.924838e-01   5.263960e-24   2.367912e-04   2.105395e-25   456
  7.936384e-01   6.003329e-24   1.358038e-04   2.240119e-25   384
  7.944031e-01   5.124447e-24   2.756326e-04   1.822895e-25   480
  7.954897e-01   5.551177e-24   2.420363e-04   1.957940e-25   504
  7.964966e-01   5.877135e-24   1.535327e-04   2.514451e-25   312
  7.975815e-01   5.272904e-24   2.474127e-04   1.978507e-25   492
  7.985417e-01   5.938965e-24   2.318919e-04   2.990524e-25   312
  7.997779e-01   5.114639e-24   3.766899e-04   1.664574e-25   576
  8.008661e-01   5.497385e-24   3.477153e-04   2.665105e-25   336
  8.017699e-01   4.902878e-24   2.677247e-04   2.897872e-25   240
  8.030228e-01   5.714272e-24   3.549351e-04   2.145287e-25   468
  8.041047e-01   5.614573e-24   2.222407e-04   3.331357e-25   192
  8.052370e-01   5.909645e-24   2.229031e-04   3.516614e-25   324
  8.060669e-01   5.139762e-24   1.617794e-04   1.824293e-25   600
  8.071978e-01   5.099721e-24   2.624704e-04   1.980790e-25   456
  8.080377e-01   5.273738e-24   1.180592e-04   2.305874e-25   336
  8.094297e-01   5.443965e-24   3.535027e-04   1.781313e-25   612
  8.104424e-01   5.012847e-24   2.966749e-04   3.980402e-25   144
  8.114002e-01   5.352200e-24   3.462957e-04   1.982361e-25   552
  8.127025e-01   4.579714e-24   1.363755e-04   2.344734e-25   264
  8.134384e-01   5.313037e-24   3.157441e-04   2.211070e-25   336
  8.145992e-01   5.155459e-24   2.086329e-04   2.022965e-25   384
  8.156059e-01   4.749453e-24   1.174397e-04   2.470487e-25   216
  8.167203e-01   4.700852e-24   2.489964e-04   2.195617e-25   344
  8.177364e-01   5.226547e-24   3.715143e-04   2.427178e-25   408
  8.189746e-01   4.612521e-24   2.854845e-04   2.423883e-25   264
  8.200718e-01   4.948656e-24   3.979796e-04   1.781062e-25   612
  8.211681e-01   5.425663e-24   2.048307e-04   2.283035e-25   408
  8.222956e-01   4.764864e-24   2.051251e-04   1.900697e-25   444
  8.231239e-01   6.230372e-24   1.147249e-04   5.396536e-25   120
  8.242338e-01   5.260042e-24   3.169640e-04   2.561558e-25   336
  8.250576e-01   5.220628e-24   1.101437e-04   2.461127e-25   288
  8.261708e-01   5.125823e-24   3.427692e-04   1.801286e-25   552
  8.277012e-01   5.945454e-24   0.000000e+00   6.851410e-25   72
  8.284882e-01   5.106581e-24   3.404572e-04   1.839494e-25   504
  8.294074e-01   4.265905e-24   1.095558e-04   2.331250e-25   216
  8.305983e-01   4.638688e-24   1.956043e-04   2.299114e-25   312
  8.316675e-01   4.620006e-24   2.227263e-04   1.987189e-25   336
  8.326865e-01   4.946806e-24   3.087236e-04   3.090290e-25   204
  8.337014e-01   4.904273e-24   3.587838e-04   1.800435e-25   504
  8.347777e-01   5.176912e-24   3.416652e-04   2.394771e-25   396
  8.358127e-01   5.322846e-24   3.133249e-04   2.432990e-25   312
  8.370674e-01   5.534133e-24   1.914750e-04   3.175109e-25   216
  8.379516e-01   4.305473e-24   1.039172e-04   3.072524e-25   168
  8.390260e-01   5.016520e-24   2.623966e-04   1.737460e-25   588
  8.402521e-01   4.516710e-24   3.561727e-04   2.536112e-25   240
  8.412047e-01   4.362160e-24   3.145601e-04   2.258566e-25   264
  8.423219e-01   4.395174e-24   3.890183e-04   2.294936e-25   288
  8.433131e-01   4.035994e-24   1.942596e-04   1.808924e-25   288
  8.445693e-01   4.927798e-24   1.824406e-04   2.462559e-25   288
  8.454153e-01   4.223886e-24   2.113423e-04   2.725040e-25   192
  8.464795e-01   4.393998e-24   2.248894e-04   2.214512e-25   264
  8.474933e-01   5.911825e-24   3.699119e-04   2.526404e-25   372
  8.485844e-01   5.228586e-24   3.995208e-04   2.293780e-25   360
  8.499161e-01   5.237119e-24   1.690810e-04   3.522426e-25   144
  8.506044e-01   4.473688e-24   2.348461e-04   1.818935e-25   296
  8.516909e-01   4.608841e-24   2.530345e-04   2.108129e-25   288
  8.529347e-01   5.102026e-24   3.781537e-04   1.840064e-25   480
  8.540076e-01   4.713232e-24   3.142096e-04   2.721442e-25   192
  8.550509e-01   5.342997e-24   3.370327e-04   3.584985e-25   192
  8.559992e-01   4.430754e-24   2.147949e-04   2.048747e-25   288
  8.573180e-01   4.713565e-24   1.869760e-04   3.991310e-25   108
  8.579823e-01   5.188470e-24   1.797545e-04   3.156318e-25   240
  8.591554e-01   4.549811e-24   3.353363e-04   1.785046e-25   384
  8.603605e-01   5.319984e-24   4.090722e-04   4.314008e-25   108
  8.614261e-01   5.027812e-24   2.398466e-04   2.347720e-25   348
  8.625466e-01   4.684103e-24   2.503134e-04   2.245833e-25   312
  8.635474e-01   4.705429e-24   2.432319e-04   4.154744e-25   96
  8.644677e-01   4.782422e-24   3.238194e-04   1.858314e-25   384
  8.654984e-01   4.600696e-24   2.227222e-04   4.327558e-25   144
  8.665066e-01   4.856047e-24   3.422225e-04   2.181309e-25   408
  8.677598e-01   4.395232e-24   1.526554e-04   3.013285e-25   144
  8.689437e-01   4.380528e-24   2.934816e-04   2.976290e-25   192
  8.696459e-01   5.387273e-24   3.303190e-04   4.055561e-25   144
  8.707904e-01   3.715351e-24   2.685615e-04   2.244584e-25   144
  8.718702e-01   4.894223e-24   3.282257e-04   2.532198e-25   336
  8.731927e-01   3.696924e-24   2.428454e-04   2.370364e-25   240
  8.740312e-01   4.624173e-24   1.102739e-04   3.733379e-25   96
  8.752007e-01   4.579316e-24   3.233803e-04   1.782357e-25   372
  8.763838e-01   5.095716e-24   3.846540e-04   4.822849e-25   132
  8.774230e-01   4.147521e-24   2.380193e-04   2.175997e-25   264
  8.783527e-01   4.830736e-24   1.827880e-04   2.848622e-25   168
  8.793449e-01   4.931160e-24   2.922429e-04   2.559695e-25   216
  8.802213e-01   4.265320e-24   1.787978e-04   2.237722e-25   216
  8.814979e-01   3.516106e-24   3.280196e-04   2.871266e-25   96
  8.826561e-01   4.395189e-24   2.140028e-04   4.004443e-25   120
  8.837183e-01   4.745554e-24   2.720578e-04   2.347425e-25   216
  8.845934e-01   4.286056e-24   1.188902e-04   2.169269e-25   200
  8.857519e-01   4.329537e-24   3.077557e-04   2.220634e-25   288
  8.872378e-01   3.429010e-24   8.097649e-05   2.263840e-25   144
  8.878635e-01   4.465289e-24   2.519939e-04   3.009340e-25   168
  8.891412e-01   5.428468e-24   2.835956e-04   3.922425e-25   159
  8.901386e-01   4.469676e-24   2.975600e-04   2.725883e-25   174
  8.911039e-01   4.564372e-24   2.698170e-04   3.057635e-25   144
  8.923678e-01   4.654299e-24   1.557998e-04   2.622584e-25   222
  8.932131e-01   3.819901e-24   1.572158e-04   2.213720e-25   168
  8.946732e-01   4.298666e-24   3.448346e-04   4.794151e-25   30
  8.952763e-01   3.212695e-24   3.044637e-04   2.836873e-25   72
  8.964123e-01   4.063679e-24   2.717302e-04   1.932462e-25   258
  8.976612e-01   4.249537e-24   1.701916e-04   2.331601e-25   264
  8.982857e-01   3.376195e-24   1.835347e-08   3.675304e-25   72
  8.995871e-01   3.592648e-24   3.373270e-04   1.904276e-25   174
  9.007654e-01   4.208299e-24   3.591909e-04   2.238870e-25   168
  9.017127e-01   3.851773e-24   1.123916e-08   3.288428e-25   48
  9.027297e-01   4.367861e-24   2.028435e-04   2.637067e-25   150
  9.039088e-01   5.032618e-24   3.731453e-04   2.844875e-25   168
  9.050911e-01   4.058703e-24   2.273028e-04   2.526628e-25   144
  9.061784e-01   4.436797e-24   2.123525e-04   2.998787e-25   102
  9.069882e-01   3.456765e-24   3.143182e-04   3.096883e-25   96
  9.082731e-01   3.281321e-24   3.119397e-04   2.480062e-25   120
  9.092246e-01   3.139846e-24   3.345635e-04   1.669428e-25   168
  9.102538e-01   4.555031e-24   2.470487e-04   3.865464e-25   126
  9.111308e-01   4.261612e-24   1.863241e-04   2.771242e-25   168
  9.123389e-01   4.052619e-24   2.987709e-04   3.297455e-25   72
  9.133947e-01   3.761289e-24   3.741278e-04   2.103824e-25   168
  9.143196e-01   3.518024e-24   1.025668e-04   2.408051e-25   78
  9.155870e-01   2.992030e-24   1.684070e-04   2.914419e-25   60
  9.166075e-01   5.327960e-24   2.731835e-04   4.763161e-25   96
  9.176659e-01   3.567979e-24   3.314854e-04   2.010957e-25   168
  9.186605e-01   3.092402e-24   2.097511e-04   2.338972e-25   86
  9.197042e-01   3.501062e-24   1.874678e-04   2.272368e-25   120
  9.212002e-01   3.284133e-24   1.336894e-04   1.962421e-25   168
  9.220069e-01   3.769606e-24   0.000000e+00   4.458423e-25   48
  9.230934e-01   4.535707e-24   2.435676e-04   2.435169e-25   120
  9.237177e-01   3.787743e-24   1.776924e-04   3.050861e-25   126
  9.252418e-01   3.319925e-24   3.125113e-04   3.103352e-25   96
  9.262310e-01   3.042032e-24   9.011285e-05   2.092808e-25   96
  9.270111e-01   3.671589e-24   1.059638e-08   2.882068e-25   72
  9.286731e-01   3.668218e-24   1.123916e-08   6.309356e-25   24
  9.297104e-01   3.929150e-24   1.854501e-04   2.477718e-25   120
  9.305196e-01   4.019017e-24   2.705147e-04   3.005593e-25   126
  9.314194e-01   3.364153e-24   2.255107e-04   2.293996e-25   96
  9.324708e-01   3.783513e-24   3.897482e-04   2.617775e-25   72
  9.336415e-01   3.254554e-24   1.685792e-04   2.111736e-25   144
  9.346046e-01   3.753877e-24   9.723254e-05   3.361814e-25   72
  9.355666e-01   4.579962e-24   1.942081e-04   4.462586e-25   54
  9.364132e-01   3.325232e-24   1.711436e-04   2.385849e-25   108
  9.381728e-01   3.853206e-24   1.677650e-04   3.301674e-25   72
  9.387206e-01   4.141070e-24   9.680617e-05   3.072258e-25   72
  9.400202e-01   3.784363e-24   1.946680e-08   3.891650e-25   24
  9.412498e-01   3.334703e-24   2.047976e-04   3.469479e-25   48
  9.419964e-01   3.528770e-24   1.560029e-04   2.699492e-25   102
  9.431203e-01   3.415014e-24   3.528137e-04   2.600255e-25   168
  9.445889e-01   2.690694e-24   1.924163e-04   2.458473e-25   72
  9.451330e-01   2.461951e-24   0.000000e+00   2.443458e-25   48
  9.462744e-01   3.549088e-24   3.309678e-04   2.934722e-25   120
  9.477807e-01   3.270564e-24   2.033864e-04   2.173869e-25   96
  9.492033e-01   3.439307e-24   1.798266e-08   5.663204e-25   30
  9.508942e-01   3.824139e-24   9.555995e-05   3.005127e-25   72
  9.516372e-01   3.319241e-24   1.123916e-08   2.965876e-25   24
  9.525916e-01   2.614397e-24   1.416435e-04   2.477572e-25   56
  9.536606e-01   3.151532e-24   2.021324e-04   2.586540e-25   96
  9.549399e-01   3.086052e-24   2.232036e-04   1.761132e-25   144
  9.559263e-01   3.482179e-24   1.267263e-04   2.665425e-25   54
  9.573592e-01   3.696453e-24   1.898493e-04   2.437114e-25   108
  9.588012e-01   3.598819e-24   1.005243e-04   4.625003e-25   48
  9.601739e-01   4.086532e-24   3.785063e-04   3.217712e-25   72
  9.634680e-01   4.427948e-24   2.500803e-04   2.860968e-25   78
  9.643808e-01   3.222706e-24   1.884669e-04   2.785377e-25   72
  9.654462e-01   3.901568e-24   1.882329e-04   2.711006e-25   72
  9.665603e-01   3.606504e-24   4.542266e-04   2.308080e-25   96
  9.674408e-01   3.329709e-24   1.878449e-04   2.982818e-25   72
  9.685029e-01   4.020496e-24   0.000000e+00   5.764966e-25   24
  9.695638e-01   3.980508e-24   3.748416e-04   3.938910e-25   72
  9.719599e-01   4.339799e-24   2.380359e-04   5.558149e-25   30
  9.724755e-01   3.616887e-24   0.000000e+00   4.471940e-25   24
  9.752466e-01   2.515615e-24   1.976584e-04   2.141589e-25   48
  9.761159e-01   3.378728e-24   4.253608e-04   2.661525e-25   120
  9.772870e-01   3.584823e-24   1.859776e-04   2.449884e-25   72
  9.784697e-01   2.974804e-24   1.857528e-04   3.760981e-25   36
  9.792826e-01   3.921366e-24   3.671339e-04   3.001506e-25   78
  9.815513e-01   3.486793e-24   1.963888e-04   4.140821e-25   48
  9.844928e-01   2.807950e-24   1.589457e-08   3.821683e-25   24
  9.865884e-01   3.056586e-24   1.367612e-04   2.551127e-25   56
  9.876436e-01   3.504181e-24   2.104496e-04   2.135044e-25   102
  9.889860e-01   3.246451e-24   1.498555e-08   2.688691e-25   72
  9.897653e-01   2.677645e-24   1.123916e-08   3.335331e-25   24
  9.911277e-01   3.778379e-24   1.944913e-04   3.142790e-25   48
  9.936528e-01   3.551662e-24   0.000000e+00   5.092746e-25   24
  9.967520e-01   4.066247e-24   0.000000e+00   1.161049e-24   6
  9.977185e-01   4.271503e-24   0.000000e+00   3.875145e-25   24
  9.983623e-01   2.922768e-24   1.820511e-04   2.337030e-25   72
  9.995384e-01   3.487096e-24   3.396336e-04   2.349564e-25   84
  1.000805e+00   3.535516e-24   0.000000e+00   3.926788e-25   24
  1.001190e+00   3.995634e-24   1.589457e-08   6.447836e-25   24
  1.003114e+00   4.710661e-24   1.946680e-08   6.318699e-25   24
  1.005800e+00   5.239532e-24   0.000000e+00   1.614071e-24   6
  1.009244e+00   3.655831e-24   1.910001e-04   3.261172e-25   48
  1.010072e+00   3.226847e-24   3.598129e-04   3.089230e-25   72
  1.011152e+00   3.073487e-24   1.906396e-04   2.662656e-25   48
  1.012867e+00   3.626973e-24   0.000000e+00   5.151464e-25   24
  1.015148e+00   4.122622e-24   0.000000e+00   1.906974e-25   6
  1.020262e+00   1.726975e-24   0.000000e+00   3.370649e-25   8
  1.020640e+00   2.896155e-24   1.123916e-08   3.201451e-25   48
  1.021546e+00   3.618175e-24   1.848806e-04   2.767941e-25   60
  1.022904e+00   4.126265e-24   0.000000e+00   5.156432e-25   24
  1.024787e+00   2.557099e-24   0.000000e+00   3.041838e-25   6
  1.031723e+00   2.518954e-24   0.000000e+00   3.007592e-25   24
  1.032283e+00   2.424112e-24   1.867372e-04   2.299347e-25   48
  1.033217e+00   3.328650e-24   0.000000e+00   5.239911e-25   24
  1.034708e+00   3.253082e-24   0.000000e+00   8.900724e-25   6
  1.043181e+00   2.336010e-24   1.742080e-04   2.856027e-25   36
  1.043797e+00   4.211926e-24   0.000000e+00   4.707224e-25   24
  1.044904e+00   1.255938e-24   0.000000e+00   4.195939e-25   6
  1.054545e+00   2.758217e-24   1.583190e-04   2.969438e-25   32
  1.055367e+00   3.049326e-24   0.000000e+00   3.421320e-25   6
  1.065728e+00   1.765891e-24   0.000000e+00   2.853319e-25   12
  1.066089e+00   2.371671e-24   0.000000e+00   4.338516e-25   6
  1.077063e+00   4.478623e-24   0.000000e+00   5.027514e-25   6
