# power spectrum of hij
# redshift z=0.997956
# k              Pk             sigma(k)       sigma(Pk)      count
  1.963495e-02   1.528752e-19   0.000000e+00   5.311448e-20   6
  2.776802e-02   9.535606e-20   0.000000e+00   9.439744e-21   12
  3.400874e-02   1.045344e-19   3.725290e-10   3.103451e-20   8
  3.926991e-02   2.960232e-20   0.000000e+00   6.346021e-22   6
  4.390509e-02   4.811344e-20   7.024475e-10   8.202042e-21   24
  4.809562e-02   2.968662e-20   7.024475e-10   5.151291e-21   24
  5.553604e-02   1.963305e-20   0.000000e+00   3.740374e-21   12
  5.890486e-02   1.723200e-20   7.947286e-10   1.855613e-21   30
  6.209118e-02   1.247423e-20   0.000000e+00   1.425354e-21   24
  6.512178e-02   7.333476e-21   1.216675e-09   7.504475e-22   24
  6.801748e-02   9.568632e-21   7.450581e-10   1.646355e-21   8
  7.079483e-02   1.041253e-20   9.934107e-10   8.269173e-22   24
  7.346727e-02   7.682566e-21   0.000000e+00   5.781090e-22   48
  7.853982e-02   5.435505e-21   0.000000e+00   6.134822e-22   6
  8.095699e-02   5.059048e-21   9.934107e-10   5.035596e-22   48
  8.330406e-02   6.745574e-21   9.365966e-10   6.290187e-22   36
  8.558678e-02   5.200279e-21   9.934107e-10   5.067539e-22   24
  8.781018e-02   3.641015e-21   1.404895e-09   4.946812e-22   24
  8.997866e-02   3.973734e-21   0.000000e+00   3.900069e-22   48
  9.209610e-02   2.153163e-21   1.404895e-09   1.974706e-22   24
  9.619124e-02   2.735118e-21   1.404895e-09   4.693464e-22   24
  9.817477e-02   2.301791e-21   0.000000e+00   2.369159e-22   30
  1.001190e-01   2.187703e-21   0.000000e+00   1.904528e-22   72
  1.020262e-01   2.421273e-21   1.490116e-09   3.083575e-22   32
  1.057375e-01   2.016175e-21   0.000000e+00   1.544784e-22   72
  1.075451e-01   1.851633e-21   0.000000e+00   1.688245e-22   48
  1.110721e-01   1.454291e-21   0.000000e+00   2.359517e-22   12
  1.127942e-01   1.317962e-21   0.000000e+00   9.930914e-23   48
  1.144905e-01   9.579216e-22   0.000000e+00   1.028259e-22   48
  1.161620e-01   1.232312e-21   1.404895e-09   1.339333e-22   48
  1.178097e-01   1.221248e-21   1.589457e-09   3.226902e-22   30
  1.194348e-01   1.382713e-21   0.000000e+00   1.828760e-22   24
  1.210380e-01   9.311313e-22   2.961779e-09   7.971835e-23   72
  1.241824e-01   1.105443e-21   0.000000e+00   1.278666e-22   24
  1.257251e-01   7.537870e-22   0.000000e+00   5.719824e-23   96
  1.272490e-01   5.554180e-22   0.000000e+00   4.497729e-23   48
  1.287550e-01   8.582106e-22   2.433349e-09   1.024322e-22   24
  1.302436e-01   5.707352e-22   2.433349e-09   9.899189e-23   24
  1.317153e-01   6.859780e-22   0.000000e+00   5.773063e-23   72
  1.331707e-01   6.406820e-22   0.000000e+00   5.502731e-23   48
  1.360350e-01   5.539972e-22   1.490116e-09   1.223630e-22   8
  1.374447e-01   4.972645e-22   1.766064e-09   3.543816e-23   54
  1.388401e-01   5.141735e-22   0.000000e+00   4.561061e-23   84
  1.402216e-01   5.263715e-22   0.000000e+00   4.788076e-23   48
  1.415897e-01   6.872506e-22   1.986821e-09   8.903860e-23   24
  1.429446e-01   4.894322e-22   2.649095e-09   3.902859e-23   72
  1.442869e-01   4.839567e-22   0.000000e+00   3.625913e-23   96
  1.469345e-01   3.489969e-22   0.000000e+00   4.845855e-23   48
  1.482407e-01   3.696003e-22   0.000000e+00   3.398337e-23   48
  1.495354e-01   4.483105e-22   0.000000e+00   5.577567e-23   24
  1.508189e-01   3.378124e-22   0.000000e+00   2.562351e-23   72
  1.533539e-01   2.805541e-22   0.000000e+00   2.395119e-23   72
  1.546058e-01   3.348523e-22   0.000000e+00   2.775262e-23   96
  1.570796e-01   3.397322e-22   0.000000e+00   1.672129e-23   6
  1.583021e-01   3.027417e-22   0.000000e+00   1.986024e-23   96
  1.595151e-01   3.058375e-22   1.986821e-09   2.022143e-23   96
  1.607190e-01   2.208559e-22   0.000000e+00   2.357075e-23   24
  1.619140e-01   3.330060e-22   1.986821e-09   2.994729e-23   48
  1.631002e-01   3.022180e-22   0.000000e+00   2.140460e-23   96
  1.642778e-01   2.212291e-22   0.000000e+00   1.591138e-23   48
  1.666081e-01   2.173276e-22   1.873193e-09   2.103117e-23   36
  1.677611e-01   2.121295e-22   3.441276e-09   2.070858e-23   48
  1.689063e-01   2.137075e-22   3.893359e-09   1.454910e-23   120
  1.700437e-01   1.976423e-22   0.000000e+00   1.737762e-23   56
  1.711736e-01   1.760705e-22   1.986821e-09   2.708339e-23   24
  1.722960e-01   2.048908e-22   0.000000e+00   1.622727e-23   96
  1.734112e-01   2.456666e-22   0.000000e+00   2.642336e-23   48
  1.756204e-01   1.817801e-22   2.809790e-09   2.018865e-23   24
  1.767146e-01   1.444964e-22   0.000000e+00   1.095891e-23   102
  1.778021e-01   1.572124e-22   1.986821e-09   1.629390e-23   48
  1.788829e-01   1.401634e-22   0.000000e+00   1.156880e-23   72
  1.799573e-01   1.661468e-22   0.000000e+00   1.268791e-23   48
  1.810253e-01   1.263327e-22   0.000000e+00   1.708328e-23   48
  1.820871e-01   1.480640e-22   4.495664e-09   9.669197e-24   120
  1.841922e-01   1.069304e-22   2.809790e-09   1.137820e-23   24
  1.852358e-01   1.217392e-22   2.649095e-09   6.667808e-24   144
  1.862735e-01   1.323759e-22   3.178914e-09   7.854202e-24   120
  1.873055e-01   1.241543e-22   2.809790e-09   1.137263e-23   48
  1.893526e-01   1.193507e-22   2.809790e-09   1.624580e-23   48
  1.903679e-01   1.003293e-22   2.809790e-09   6.087596e-24   96
  1.930487e-01   1.234974e-22   4.711199e-04   7.963758e-24   72
  1.943761e-01   9.027255e-23   2.497591e-09   5.450638e-24   108
  1.953653e-01   1.020519e-22   0.000000e+00   8.358311e-24   72
  1.963495e-01   1.430865e-22   0.000000e+00   1.560244e-23   30
  1.973288e-01   8.921516e-23   0.000000e+00   4.905309e-24   168
  1.983033e-01   1.004329e-22   0.000000e+00   9.998590e-24   48
  2.002380e-01   7.306745e-23   0.000000e+00   6.378206e-24   72
  2.011984e-01   8.394758e-23   0.000000e+00   6.562700e-24   96
  2.021542e-01   7.426680e-23   5.298191e-09   6.901559e-24   72
  2.031055e-01   9.191716e-23   0.000000e+00   7.838192e-24   72
  2.047049e-01   9.347790e-23   4.350048e-04   5.341304e-24   104
  2.059331e-01   8.737637e-23   3.746387e-09   4.361253e-24   144
  2.087224e-01   8.408234e-23   6.282881e-09   5.141530e-24   96
  2.096439e-01   7.866215e-23   0.000000e+00   6.604639e-24   96
  2.111095e-01   6.020646e-23   4.475232e-04   3.637309e-24   120
  2.123845e-01   8.028869e-23   0.000000e+00   4.827073e-24   120
  2.132902e-01   7.638028e-23   0.000000e+00   5.748180e-24   72
  2.150901e-01   8.021423e-23   0.000000e+00   7.031503e-24   48
  2.159845e-01   5.420597e-23   4.890638e-09   3.989847e-24   78
  2.171286e-01   6.910319e-23   4.007142e-04   3.346104e-24   168
  2.195255e-01   5.999298e-23   4.588368e-09   3.865118e-24   144
  2.204018e-01   6.284744e-23   3.746387e-09   3.644928e-24   144
  2.229436e-01   4.822372e-23   2.307791e-04   2.741741e-24   156
  2.238729e-01   5.041806e-23   4.866699e-09   4.593557e-24   48
  2.247323e-01   5.504609e-23   3.178914e-09   3.499191e-24   120
  2.255884e-01   5.501092e-23   0.000000e+00   6.905782e-24   48
  2.271022e-01   5.005730e-23   3.532495e-04   2.280099e-24   216
  2.289809e-01   4.285632e-23   0.000000e+00   3.448205e-24   48
  2.298212e-01   4.441771e-23   2.809790e-09   2.884411e-24   96
  2.310160e-01   4.443557e-23   4.128272e-04   2.503044e-24   168
  2.323239e-01   4.628453e-23   2.809790e-09   4.405924e-24   48
  2.331522e-01   4.657204e-23   0.000000e+00   3.488654e-24   96
  2.339775e-01   3.549737e-23   0.000000e+00   3.176190e-24   48
  2.356194e-01   4.272083e-23   3.178914e-09   5.653994e-24   30
  2.364362e-01   3.606550e-23   0.000000e+00   2.284269e-24   96
  2.374123e-01   4.135248e-23   3.244455e-04   2.020866e-24   240
  2.386674e-01   3.609282e-23   3.500299e-04   4.566276e-24   32
  2.396752e-01   3.960634e-23   0.000000e+00   1.895076e-24   168
  2.404781e-01   3.793901e-23   0.000000e+00   2.369497e-24   120
  2.420760e-01   4.177198e-23   5.923557e-09   2.960018e-24   72
  2.428710e-01   3.635199e-23   2.649095e-09   2.546295e-24   144
  2.436634e-01   4.196891e-23   0.000000e+00   2.820100e-24   96
  2.444532e-01   4.068960e-23   0.000000e+00   2.859651e-24   96
  2.460253e-01   2.463598e-23   0.000000e+00   2.536674e-24   72
  2.468075e-01   2.973174e-23   3.973643e-09   2.087157e-24   96
  2.483647e-01   3.595218e-23   0.000000e+00   4.152001e-24   24
  2.491396e-01   3.142557e-23   0.000000e+00   1.543358e-24   192
  2.500522e-01   3.236944e-23   2.970416e-04   1.819814e-24   132
  2.514501e-01   3.036129e-23   0.000000e+00   2.346533e-24   96
  2.522156e-01   2.781953e-23   0.000000e+00   1.874836e-24   96
  2.529787e-01   2.821563e-23   3.178914e-09   1.832523e-24   120
  2.544981e-01   3.031436e-23   0.000000e+00   2.888065e-24   48
  2.557435e-01   3.210966e-23   3.599905e-04   1.407328e-24   222
  2.567603e-01   3.298222e-23   0.000000e+00   2.123099e-24   120
  2.575100e-01   2.881793e-23   4.866699e-09   3.148569e-24   24
  2.586015e-01   2.861077e-23   3.715625e-04   1.129934e-24   312
  2.609797e-01   2.678986e-23   3.483547e-04   2.695332e-24   72
  2.619630e-01   2.725374e-23   4.866699e-09   1.783408e-24   96
  2.629726e-01   2.496479e-23   3.547511e-04   1.292481e-24   192
  2.641613e-01   2.199876e-23   4.495664e-09   1.494568e-24   120
  2.648900e-01   2.569246e-23   0.000000e+00   1.427110e-24   144
  2.663415e-01   2.556845e-23   0.000000e+00   2.592918e-24   48
  2.673732e-01   2.336172e-23   3.567146e-04   9.337395e-25   336
  2.685040e-01   2.494015e-23   0.000000e+00   2.218177e-24   48
  2.699360e-01   1.998214e-23   0.000000e+00   9.302770e-25   192
  2.706492e-01   1.785080e-23   0.000000e+00   1.762127e-24   48
  2.726764e-01   2.397353e-23   2.476067e-04   2.403822e-24   56
  2.736844e-01   2.403528e-23   3.180112e-04   8.812155e-25   336
  2.748894e-01   1.496236e-23   3.532127e-09   1.298373e-24   54
  2.759390e-01   1.969662e-23   3.492904e-04   8.447501e-25   240
  2.781181e-01   2.038886e-23   3.344484e-04   8.717947e-25   228
  2.790651e-01   2.300921e-23   3.746387e-09   2.355626e-24   72
  2.799844e-01   2.269018e-23   3.244231e-04   1.149363e-24   144
  2.811298e-01   2.005875e-23   0.000000e+00   1.183834e-24   96
  2.818146e-01   1.804339e-23   4.495664e-09   7.749476e-25   240
  2.831793e-01   1.869467e-23   3.973643e-09   2.463069e-24   24
  2.840530e-01   1.834121e-23   3.064151e-04   6.896185e-25   336
  2.852142e-01   1.462015e-23   0.000000e+00   1.177462e-24   72
  2.862741e-01   1.971972e-23   3.332831e-04   1.133643e-24   168
  2.872346e-01   1.854535e-23   0.000000e+00   1.690538e-24   72
  2.885737e-01   1.888353e-23   0.000000e+00   1.300547e-24   96
  2.896108e-01   1.432984e-23   3.307829e-04   7.070817e-25   216
  2.905708e-01   1.346527e-23   0.000000e+00   8.828021e-25   96
  2.918946e-01   1.535461e-23   3.973643e-09   8.044127e-25   192
  2.925542e-01   1.755754e-23   3.746387e-09   9.317414e-25   144
  2.938691e-01   1.461725e-23   0.000000e+00   2.223036e-24   48
  2.947794e-01   1.564660e-23   3.189136e-04   7.526445e-25   246
  2.960164e-01   1.655089e-23   2.940434e-04   7.414572e-25   168
  2.971308e-01   1.387700e-23   7.786718e-09   7.918528e-25   120
  2.977788e-01   1.442992e-23   0.000000e+00   7.529545e-25   240
  2.990707e-01   2.033623e-23   0.000000e+00   2.606800e-24   24
  3.001001e-01   1.350733e-23   3.147475e-04   4.835956e-25   360
  3.013820e-01   1.665787e-23   3.134082e-04   9.055317e-25   120
  3.022763e-01   1.437692e-23   0.000000e+00   7.852602e-25   144
  3.029133e-01   1.455342e-23   0.000000e+00   8.333174e-25   96
  3.048165e-01   1.172528e-23   0.000000e+00   7.332047e-25   144
  3.054482e-01   1.443372e-23   0.000000e+00   8.292228e-25   132
  3.063360e-01   1.174246e-23   3.093292e-04   6.256100e-25   176
  3.076248e-01   1.231550e-23   3.123602e-04   5.190398e-25   312
  3.092116e-01   9.777645e-24   0.000000e+00   6.487308e-25   96
  3.098343e-01   1.124449e-23   0.000000e+00   6.519753e-25   144
  3.107899e-01   1.143696e-23   3.092271e-04   4.690737e-25   312
  3.123131e-01   8.297106e-24   0.000000e+00   8.326620e-25   48
  3.129297e-01   1.200458e-23   3.973643e-09   5.914036e-25   192
  3.141593e-01   2.044317e-23   0.000000e+00   2.545120e-24   6
  3.149762e-01   1.095701e-23   2.884066e-04   4.686108e-25   288
  3.162994e-01   1.201394e-23   3.047203e-04   6.283814e-25   192
  3.172124e-01   1.253084e-23   9.345130e-09   6.804782e-25   216
  3.178195e-01   8.389395e-24   0.000000e+00   7.279494e-25   72
  3.193321e-01   1.034903e-23   3.018264e-04   5.254370e-25   192
  3.203366e-01   9.954552e-24   2.241224e-04   4.203933e-25   288
  3.214381e-01   7.144553e-24   0.000000e+00   1.777854e-24   24
  3.222890e-01   1.029664e-23   2.952626e-04   3.550770e-25   456
  3.238280e-01   1.070798e-23   0.000000e+00   9.442606e-25   48
  3.247789e-01   9.457957e-24   2.908218e-04   4.378843e-25   240
  3.258718e-01   1.075846e-23   2.939082e-04   5.589857e-25   216
  3.267908e-01   1.026252e-23   0.000000e+00   7.506482e-25   72
  3.273801e-01   9.083610e-24   1.015467e-08   5.077707e-25   168
  3.290441e-01   9.227063e-24   2.184577e-04   4.128015e-25   288
  3.299773e-01   8.816463e-24   2.890570e-04   5.039873e-25   168
  3.314762e-01   8.225794e-24   0.000000e+00   4.674564e-25   192
  3.320572e-01   8.547534e-24   3.746387e-09   5.157410e-25   144
  3.332162e-01   7.960958e-24   3.746387e-09   7.778774e-25   36
  3.341991e-01   9.194758e-24   2.639705e-04   3.505214e-25   342
  3.351389e-01   9.031104e-24   2.710657e-04   5.128748e-25   144
  3.363470e-01   8.348073e-24   2.842800e-04   3.004388e-25   384
  3.378125e-01   8.450963e-24   7.786718e-09   5.801356e-25   120
  3.385379e-01   9.446558e-24   2.534951e-04   4.276551e-25   264
  3.395201e-01   6.867393e-24   1.256576e-08   3.606215e-25   192
  3.404451e-01   7.359995e-24   2.731894e-04   4.138584e-25   152
  3.412191e-01   8.639284e-24   7.492773e-09   6.312172e-25   144
  3.428472e-01   7.980318e-24   1.768108e-04   4.004616e-25   216
  3.436008e-01   7.957938e-24   2.362665e-04   3.345010e-25   312
  3.449274e-01   7.956497e-24   2.738281e-04   4.006675e-25   240
  3.457090e-01   7.992532e-24   3.973643e-09   5.637152e-25   96
  3.471927e-01   6.903720e-24   2.617995e-04   3.700838e-25   144
  3.481071e-01   6.779872e-24   2.573258e-04   2.438770e-25   456
  3.495904e-01   7.778626e-24   0.000000e+00   5.059096e-25   120
  3.501414e-01   7.704359e-24   0.000000e+00   5.394825e-25   144
  3.512407e-01   9.713875e-24   5.619580e-09   1.152779e-24   24
  3.519456e-01   7.301882e-24   2.473498e-04   2.788808e-25   336
  3.531645e-01   7.507005e-24   2.727931e-04   3.915258e-25   198
  3.543067e-01   7.058169e-24   2.652756e-04   2.562909e-25   432
  3.556041e-01   6.429871e-24   7.947286e-09   7.354372e-25   48
  3.562810e-01   7.195915e-24   2.341925e-04   2.735952e-25   384
  3.574963e-01   5.303879e-24   2.696052e-04   2.674592e-25   144
  3.585975e-01   6.486954e-24   2.676825e-04   2.941904e-25   264
  3.599147e-01   6.039340e-24   0.000000e+00   5.186408e-25   48
  3.607984e-01   6.757021e-24   2.545223e-04   3.315376e-25   276
  3.616510e-01   6.921727e-24   2.307176e-04   3.465282e-25   192
  3.627906e-01   6.238894e-24   2.592759e-04   1.981284e-25   552
  3.641741e-01   5.515577e-24   6.357829e-09   3.434691e-25   120
  3.649965e-01   5.259079e-24   2.624511e-04   2.653967e-25   216
  3.657587e-01   6.885326e-24   6.357829e-09   4.527708e-25   120
  3.671201e-01   5.590919e-24   2.584500e-04   1.901105e-25   408
  3.683844e-01   3.141439e-24   5.619580e-09   4.801286e-25   24
  3.691684e-01   6.132135e-24   2.610810e-04   2.167288e-25   384
  3.702633e-01   5.507994e-24   2.550855e-04   2.343610e-25   240
  3.712141e-01   6.181481e-24   2.569535e-04   2.768698e-25   168
  3.725471e-01   5.250589e-24   0.000000e+00   3.970735e-25   120
  3.734064e-01   5.501133e-24   2.678605e-04   2.460839e-25   350
  3.748037e-01   5.182830e-24   4.409502e-04   1.871638e-25   384
  3.756388e-01   5.479509e-24   0.000000e+00   2.891335e-25   144
  3.771752e-01   4.916766e-24   5.298191e-09   2.190508e-25   288
  3.779773e-01   5.359220e-24   2.524053e-04   2.328438e-25   336
  3.790686e-01   5.096498e-24   2.297941e-04   2.305006e-25   168
  3.797219e-01   5.761240e-24   1.506181e-08   2.268361e-25   336
  3.810732e-01   4.813420e-24   2.385126e-04   2.345926e-25   288
  3.818848e-01   5.143358e-24   2.247398e-04   2.429134e-25   264
  3.832590e-01   4.112958e-24   0.000000e+00   1.862448e-25   240
  3.837616e-01   5.115743e-24   0.000000e+00   3.634492e-25   96
  3.855656e-01   4.860231e-24   3.056310e-04   2.061920e-25   360
  3.864075e-01   5.218016e-24   2.253025e-04   2.964356e-25   168
  3.874713e-01   4.591046e-24   2.456032e-04   1.716164e-25   456
  3.887523e-01   4.162756e-24   7.064254e-09   2.737794e-25   108
  3.894728e-01   4.440221e-24   2.464311e-04   2.132359e-25   264
  3.903716e-01   4.529203e-24   2.198567e-04   2.207850e-25   264
  3.916025e-01   4.631009e-24   2.074668e-04   2.072515e-25   312
  3.931351e-01   4.556395e-24   1.541705e-04   2.026674e-25   270
  3.937775e-01   4.745642e-24   1.957388e-04   2.251605e-25   240
  3.949323e-01   4.783518e-24   2.421536e-04   1.885704e-25   384
  3.956334e-01   4.826444e-24   7.947286e-09   2.594134e-25   192
  3.969952e-01   4.723452e-24   1.942960e-04   2.560138e-25   240
  3.977852e-01   4.104285e-24   2.397927e-04   1.615478e-25   336
  3.992708e-01   4.457982e-24   2.413972e-04   1.550073e-25   480
  4.004761e-01   4.309405e-24   5.298191e-09   4.276087e-25   72
  4.011493e-01   3.764813e-24   2.353842e-04   2.163421e-25   240
  4.020650e-01   4.228815e-24   2.212289e-04   2.088252e-25   312
  4.031147e-01   4.125141e-24   2.390954e-04   2.274890e-25   240
  4.047009e-01   4.176180e-24   1.816506e-04   1.822992e-25   408
  4.053288e-01   4.341672e-24   1.663482e-04   1.797131e-25   336
  4.065560e-01   3.976793e-24   2.112212e-04   1.775605e-25   264
  4.071591e-01   3.538813e-24   0.000000e+00   2.434390e-25   144
  4.088370e-01   4.081258e-24   2.927651e-04   1.546028e-25   464
  4.097211e-01   3.864311e-24   2.328083e-04   2.013019e-25   168
  4.105939e-01   3.516526e-24   2.120376e-04   1.414952e-25   336
  4.121713e-01   3.687594e-24   2.227870e-04   1.319408e-25   414
  4.130606e-01   4.211446e-24   2.319080e-04   2.250199e-25   216
  4.141998e-01   4.321383e-24   5.619580e-09   3.637630e-25   96
  4.146649e-01   3.902832e-24   1.376510e-08   1.338434e-25   384
  4.162944e-01   4.049899e-24   2.314600e-04   1.307951e-25   492
  4.171676e-01   4.795273e-24   2.263480e-04   2.456471e-25   240
  4.181546e-01   4.021156e-24   2.298225e-04   1.659058e-25   312
  4.195176e-01   3.104829e-24   2.297469e-04   1.986065e-25   192
  4.203810e-01   3.538678e-24   2.226525e-04   1.336104e-25   504
  4.215265e-01   3.496952e-24   1.473998e-04   1.395408e-25   408
  4.224284e-01   3.512828e-24   4.515774e-04   2.123897e-25   168
  4.235571e-01   3.606297e-24   2.145032e-04   1.542807e-25   288
  4.245041e-01   3.723076e-24   2.238525e-04   1.790000e-25   288
  4.254743e-01   3.202764e-24   2.251410e-04   1.130309e-25   432
  4.268815e-01   3.611625e-24   2.129084e-04   1.818071e-25   216
  4.276334e-01   2.921501e-24   2.124592e-04   1.241052e-25   360
  4.289721e-01   3.254194e-24   2.073582e-04   1.286534e-25   312
  4.301803e-01   5.148790e-24   0.000000e+00   4.474942e-25   48
  4.308767e-01   3.489537e-24   2.223178e-04   1.217836e-25   432
  4.321240e-01   2.966258e-24   3.708284e-04   9.628850e-26   414
  4.328606e-01   3.547776e-24   8.470833e-09   1.489410e-25   312
  4.342347e-01   2.891571e-24   3.253813e-04   9.507471e-26   528
  4.351620e-01   3.472168e-24   1.707976e-04   1.703369e-25   264
  4.362761e-01   3.254431e-24   2.025191e-04   1.158923e-25   480
  4.377318e-01   3.276118e-24   0.000000e+00   1.441218e-25   288
  4.383604e-01   3.123020e-24   2.176005e-04   1.734895e-25   168
  4.395105e-01   3.523788e-24   3.444610e-04   1.195754e-25   504
  4.408036e-01   3.576455e-24   5.298191e-09   2.306179e-25   144
  4.416171e-01   3.112376e-24   2.212265e-04   1.128792e-25   464
  4.428396e-01   2.944700e-24   3.246624e-04   1.019057e-25   432
  4.434197e-01   2.618748e-24   5.619580e-09   1.357083e-25   192
  4.449189e-01   2.741211e-24   2.406833e-04   1.065887e-25   396
  4.458042e-01   2.899469e-24   2.162000e-04   1.229201e-25   288
  4.466990e-01   2.900937e-24   2.135686e-04   1.181618e-25   336
  4.481283e-01   3.104867e-24   1.352359e-04   1.203620e-25   432
  4.490354e-01   3.099666e-24   3.505126e-04   1.262107e-25   360
  4.500539e-01   3.071840e-24   2.073334e-04   1.177868e-25   384
  4.515004e-01   2.884452e-24   1.830116e-04   1.613288e-25   198
  4.521974e-01   2.710992e-24   2.080246e-04   9.071287e-26   552
  4.534970e-01   2.736741e-24   2.912202e-04   1.027392e-25   432
  4.545821e-01   2.964875e-24   1.112388e-08   1.821624e-25   168
  4.554927e-01   3.260625e-24   3.610065e-04   1.175858e-25   480
  4.566974e-01   2.681638e-24   0.000000e+00   2.029454e-25   120
  4.572396e-01   2.882591e-24   2.948545e-04   1.417377e-25   336
  4.585628e-01   2.641699e-24   2.080152e-04   8.624284e-26   672
  4.598711e-01   2.964719e-24   3.025866e-04   1.121721e-25   528
  4.604805e-01   2.081852e-24   9.082613e-09   1.201696e-25   168
  4.618883e-01   2.667298e-24   3.375333e-04   9.867397e-26   456
  4.627474e-01   3.167090e-24   2.061344e-04   2.220420e-25   168
  4.636392e-01   2.577042e-24   2.057643e-04   9.847094e-26   504
  4.651216e-01   2.147251e-24   2.647872e-04   9.942709e-26   336
  4.660180e-01   2.487406e-24   1.908802e-04   1.204314e-25   312
  4.670124e-01   2.566543e-24   1.865029e-04   8.399808e-26   504
  4.683210e-01   2.400426e-24   1.294009e-04   9.351489e-26   432
  4.689362e-01   2.487155e-24   1.999672e-04   9.910669e-26   312
  4.702151e-01   2.375398e-24   2.049761e-04   1.123452e-25   384
  4.715504e-01   2.386026e-24   1.741510e-04   1.750890e-25   126
  4.723748e-01   2.461857e-24   3.057676e-04   9.093869e-26   492
  4.734278e-01   2.701700e-24   1.958445e-04   8.587367e-26   528
  4.747438e-01   2.298478e-24   1.989360e-04   8.784227e-26   480
  4.755596e-01   2.589305e-24   2.748289e-04   1.081229e-25   432
  4.767402e-01   2.631097e-24   2.161166e-04   1.032840e-25   440
  4.781114e-01   2.729911e-24   1.074739e-04   1.343937e-25   312
  4.786259e-01   2.387791e-24   1.610586e-04   1.034516e-25   480
  4.796813e-01   2.323870e-24   3.153497e-04   1.007383e-25   408
  4.812233e-01   2.638862e-24   1.888588e-04   1.004475e-25   360
  4.818747e-01   2.361970e-24   1.822418e-04   9.610668e-26   408
  4.830820e-01   2.247696e-24   1.854542e-04   6.893617e-26   456
  4.844414e-01   2.289499e-24   1.772485e-04   1.196153e-25   264
  4.851959e-01   2.545013e-24   1.923591e-04   1.003151e-25   384
  4.862943e-01   2.170293e-24   3.238501e-04   6.070940e-26   672
  4.875640e-01   2.497205e-24   1.937042e-04   1.344540e-25   240
  4.882967e-01   2.082588e-24   1.965613e-04   9.144224e-26   264
  4.893308e-01   2.062189e-24   2.424259e-04   6.234929e-26   624
  4.908739e-01   1.888490e-24   0.000000e+00   1.481145e-25   150
  4.914232e-01   2.245017e-24   2.716574e-04   7.162533e-26   600
  4.925819e-01   2.350237e-24   1.874909e-04   7.524169e-26   672
  4.938939e-01   2.228702e-24   1.763484e-04   9.320916e-26   336
  4.946248e-01   2.388299e-24   1.918157e-04   1.056579e-25   408
  4.957926e-01   2.213277e-24   1.913639e-04   9.111334e-26   408
  4.970915e-01   2.488389e-24   9.676385e-05   1.041351e-25   360
  4.978921e-01   2.328822e-24   3.552857e-04   8.782053e-26   456
  4.988592e-01   2.207270e-24   1.932065e-04   1.004238e-25   384
  5.000902e-01   1.900762e-24   1.783541e-04   8.420023e-26   348
  5.007554e-01   2.358589e-24   2.198754e-04   9.233845e-26   576
  5.020050e-01   2.038169e-24   1.810385e-04   7.521857e-26   504
  5.032833e-01   2.213822e-24   2.553443e-04   1.040339e-25   432
  5.043991e-01   2.272960e-24   3.473946e-04   7.830757e-26   576
  5.051948e-01   2.187742e-24   0.000000e+00   1.160547e-25   264
  5.064571e-01   1.930037e-24   2.764393e-04   5.645080e-26   768
  5.075549e-01   1.712019e-24   3.721752e-04   7.722508e-26   240
  5.084277e-01   1.944930e-24   3.282233e-04   1.081977e-25   192
  5.096990e-01   1.969780e-24   2.416124e-04   7.385768e-26   504
  5.106418e-01   2.275783e-24   3.255818e-04   7.423384e-26   590
  5.115460e-01   2.098933e-24   3.647966e-04   8.625217e-26   384
  5.126798e-01   2.051291e-24   3.048625e-04   6.979108e-26   504
  5.140486e-01   1.958550e-24   2.933830e-04   6.649570e-26   648
  5.153764e-01   1.956350e-24   7.967896e-05   7.027704e-26   504
  5.159117e-01   1.851539e-24   1.817627e-04   7.601452e-26   312
  5.168569e-01   2.054989e-24   2.618753e-04   6.833104e-26   576
  5.181545e-01   1.934779e-24   1.822405e-04   1.051256e-25   240
  5.189109e-01   1.734470e-24   1.841453e-04   5.958234e-26   552
  5.199816e-01   2.107562e-24   1.729082e-04   8.239737e-26   600
  5.215067e-01   1.932339e-24   2.111937e-04   5.891407e-26   600
  5.224237e-01   1.949684e-24   3.382099e-04   8.680868e-26   312
  5.233368e-01   2.037670e-24   2.945474e-04   8.267220e-26   480
  5.244775e-01   1.784000e-24   1.837693e-04   7.004270e-26   576
  5.254818e-01   1.987103e-24   2.959085e-04   7.959548e-26   408
  5.263729e-01   1.361937e-24   3.451909e-04   7.046915e-26   216
  5.275243e-01   1.840024e-24   2.643774e-04   6.609412e-26   516
  5.287578e-01   1.711824e-24   2.522429e-04   4.878390e-26   744
  5.300304e-01   2.070580e-24   1.684760e-04   7.046939e-26   462
  5.307494e-01   1.654885e-24   1.712315e-04   5.700656e-26   432
  5.318647e-01   1.933191e-24   1.588547e-04   7.120450e-26   648
  5.331761e-01   1.752807e-24   2.324340e-04   6.434838e-26   528
  5.342295e-01   1.934225e-24   2.799086e-04   7.089838e-26   600
  5.352820e-01   2.294609e-24   3.528915e-04   1.266141e-25   240
  5.363014e-01   1.780935e-24   2.703115e-04   6.002825e-26   720
  5.374863e-01   1.836706e-24   2.138653e-04   5.712743e-26   720
  5.387997e-01   1.285498e-24   0.000000e+00   7.977250e-26   144
  5.394909e-01   1.986891e-24   2.757364e-04   6.044378e-26   720
  5.404742e-01   1.904463e-24   1.653370e-04   8.643407e-26   384
  5.417051e-01   1.620645e-24   1.832848e-04   4.773859e-26   672
  5.428730e-01   1.914203e-24   3.209115e-04   8.531699e-26   336
  5.434308e-01   1.535308e-24   0.000000e+00   8.717112e-26   288
  5.447967e-01   1.695335e-24   2.539800e-04   5.332643e-26   776
  5.460612e-01   1.636222e-24   2.173184e-04   5.514995e-26   720
  5.471231e-01   1.690147e-24   1.750659e-04   6.081529e-26   432
  5.479725e-01   1.750654e-24   2.495786e-04   6.327016e-26   504
  5.489174e-01   1.699694e-24   1.748652e-04   6.334838e-26   528
  5.502396e-01   1.828788e-24   2.382437e-04   9.529234e-26   438
  5.513273e-01   1.810786e-24   2.772938e-04   6.333299e-26   624
  5.521470e-01   1.804393e-24   3.396475e-04   9.871424e-26   312
  5.532738e-01   1.932514e-24   1.829935e-04   6.427441e-26   696
  5.544390e-01   1.685594e-24   1.655760e-04   7.004561e-26   552
  5.556509e-01   1.789641e-24   1.281006e-04   6.909927e-26   516
  5.564006e-01   1.790209e-24   2.558713e-04   6.188052e-26   528
  5.573133e-01   1.450526e-24   1.664001e-04   5.681238e-26   528
  5.586097e-01   1.800850e-24   2.194479e-04   6.196993e-26   864
  5.594897e-01   1.713773e-24   3.005985e-04   8.004290e-26   408
  5.603706e-01   2.255357e-24   2.978186e-04   1.313676e-25   192
  5.616191e-01   1.606680e-24   2.464592e-04   5.367837e-26   720
  5.626731e-01   1.787740e-24   2.272475e-04   6.167904e-26   696
  5.639255e-01   1.679302e-24   2.454294e-04   5.260944e-26   720
  5.650713e-01   1.781762e-24   3.326501e-04   7.615470e-26   432
  5.657395e-01   1.402089e-24   1.958109e-04   6.403283e-26   264
  5.669418e-01   1.704947e-24   2.704061e-04   6.025822e-26   672
  5.680171e-01   1.611547e-24   2.768544e-04   6.194169e-26   600
  5.692933e-01   1.358966e-24   1.620980e-04   7.134124e-26   270
  5.699366e-01   1.659304e-24   2.440026e-04   6.916920e-26   528
  5.709591e-01   1.634262e-24   1.670843e-04   5.530582e-26   840
  5.723613e-01   1.663536e-24   3.194952e-04   5.101058e-26   888
  5.736568e-01   1.601246e-24   2.380474e-04   5.435667e-26   744
  5.747517e-01   1.710669e-24   1.223216e-04   6.883799e-26   456
  5.752963e-01   2.114412e-24   1.671601e-04   9.590719e-26   360
  5.762282e-01   1.412396e-24   1.448348e-04   6.924749e-26   384
  5.776580e-01   1.611342e-24   2.323137e-04   5.120004e-26   816
  5.787308e-01   1.562284e-24   3.370546e-04   4.784078e-26   824
  5.800348e-01   1.538676e-24   1.566791e-04   7.352856e-26   360
  5.807331e-01   1.693965e-24   2.311994e-04   6.442216e-26   624
  5.816941e-01   1.834505e-24   1.562320e-04   7.981904e-26   360
  5.829744e-01   1.494795e-24   2.125215e-04   4.764477e-26   876
  5.841306e-01   1.588344e-24   2.524119e-04   5.318330e-26   696
  5.852967e-01   1.358526e-24   1.629911e-04   6.052465e-26   336
  5.859080e-01   1.731299e-24   1.628079e-04   6.880787e-26   504
  5.869176e-01   1.429041e-24   1.642187e-04   5.342109e-26   672
  5.884155e-01   1.398258e-24   3.269213e-04   4.191053e-26   720
  5.894543e-01   1.561294e-24   2.469541e-04   5.625665e-26   774
  5.906010e-01   1.590833e-24   1.413501e-04   7.551208e-26   384
  5.912015e-01   1.669301e-24   2.720183e-04   6.269240e-26   528
  5.921335e-01   1.619672e-24   2.592486e-04   6.069709e-26   744
  5.936327e-01   1.660673e-24   2.138251e-04   5.189664e-26   768
  5.946281e-01   1.467257e-24   2.400348e-04   6.090941e-26   552
  5.958700e-01   1.523044e-24   2.616108e-04   5.680604e-26   696
  5.967938e-01   1.768110e-24   3.179026e-04   8.464933e-26   408
  5.975272e-01   1.668286e-24   1.373364e-04   7.468944e-26   504
  5.986899e-01   1.471618e-24   2.467198e-04   4.136129e-26   888
  5.998339e-01   1.500503e-24   2.564132e-04   5.554219e-26   648
  6.010230e-01   1.564258e-24   2.542153e-04   6.030377e-26   648
  6.021418e-01   1.540738e-24   2.741064e-04   5.494504e-26   792
  6.033268e-01   1.409375e-24   4.010364e-04   4.994121e-26   600
  6.042000e-01   1.259257e-24   2.717856e-04   5.579250e-26   456
  6.051191e-01   1.473103e-24   1.324567e-04   5.213923e-26   648
  6.062996e-01   1.418872e-24   2.583099e-04   4.375827e-26   936
  6.075741e-01   1.975645e-24   1.586356e-04   1.011971e-25   384
  6.086836e-01   1.616778e-24   0.000000e+00   1.120873e-25   198
  6.095398e-01   1.505107e-24   4.024720e-04   4.136600e-26   1224
  6.104634e-01   1.686668e-24   2.931235e-04   8.509953e-26   420
  6.115558e-01   1.517074e-24   2.836822e-04   4.968536e-26   792
  6.126238e-01   1.488215e-24   2.345810e-04   6.320540e-26   680
  6.138428e-01   1.574391e-24   2.154033e-04   6.675014e-26   600
  6.148235e-01   1.486457e-24   3.123938e-04   5.014820e-26   840
  6.161330e-01   1.519148e-24   1.474979e-04   6.243044e-26   432
  6.166334e-01   1.534764e-24   1.382250e-04   5.549243e-26   720
  6.177213e-01   1.542355e-24   2.768404e-04   4.701352e-26   960
  6.190745e-01   1.530771e-24   2.467829e-04   6.803955e-26   528
  6.200634e-01   1.541853e-24   2.522592e-04   6.090740e-26   624
  6.212404e-01   1.634120e-24   1.982740e-04   5.787761e-26   816
  6.224086e-01   1.430692e-24   3.260658e-04   5.367452e-26   696
  6.236996e-01   1.315529e-24   1.798266e-08   6.646596e-26   240
  6.241851e-01   1.346962e-24   1.922888e-04   5.284038e-26   672
  6.252686e-01   1.398170e-24   3.436476e-04   5.296103e-26   864
  6.264840e-01   1.258699e-24   2.636938e-04   4.227883e-26   816
  6.275795e-01   1.295890e-24   1.509292e-04   5.603591e-26   648
  6.287594e-01   1.606564e-24   1.542771e-04   5.318300e-26   843
  6.297611e-01   1.444762e-24   2.775825e-04   5.300425e-26   780
  6.309548e-01   1.444234e-24   1.489456e-04   1.117497e-25   216
  6.316911e-01   1.473493e-24   3.591661e-04   4.287262e-26   1056
  6.328235e-01   1.048286e-24   2.938382e-04   5.801254e-26   228
  6.338720e-01   1.524758e-24   3.658358e-04   4.730832e-26   924
  6.349484e-01   1.529455e-24   1.357046e-04   5.303698e-26   696
  6.360882e-01   1.301363e-24   2.415153e-04   4.173667e-26   996
  6.372543e-01   1.200210e-24   1.425858e-04   4.189672e-26   576
  6.384675e-01   1.263343e-24   2.200718e-04   5.588412e-26   552
  6.393519e-01   1.601641e-24   2.627580e-04   7.097397e-26   516
  6.402494e-01   1.448404e-24   3.821047e-04   5.103774e-26   744
  6.412749e-01   1.201495e-24   1.874451e-04   4.123434e-26   576
  6.421669e-01   1.362596e-24   1.929285e-04   4.243921e-26   792
  6.434346e-01   1.395385e-24   2.205530e-04   4.937313e-26   792
  6.443636e-01   1.291407e-24   2.378641e-04   4.673577e-26   720
  6.456200e-01   1.266959e-24   2.711104e-04   5.328887e-26   656
  6.467974e-01   1.278614e-24   2.960385e-04   3.871665e-26   816
  6.480043e-01   1.252519e-24   1.596190e-04   5.851786e-26   492
  6.486903e-01   1.260934e-24   2.296231e-04   4.546538e-26   552
  6.499778e-01   1.131604e-24   3.992867e-04   4.153877e-26   780
  6.508139e-01   1.174960e-24   2.452771e-04   4.668329e-26   528
  6.517148e-01   1.107776e-24   2.863130e-04   3.736334e-26   600
  6.530425e-01   1.290778e-24   2.379487e-04   3.734724e-26   900
  6.539577e-01   1.341799e-24   1.317325e-04   4.916785e-26   696
  6.552168e-01   1.135728e-24   3.330907e-04   3.986733e-26   696
  6.564349e-01   1.054943e-24   1.351317e-04   3.810840e-26   552
  6.574592e-01   1.157478e-24   1.571457e-04   3.996653e-26   708
  6.585322e-01   1.245271e-24   2.594565e-04   3.885327e-26   876
  6.596487e-01   1.346017e-24   1.377663e-04   1.014243e-25   216
  6.603980e-01   1.221718e-24   3.768094e-04   3.115483e-26   1032
  6.615201e-01   1.107733e-24   4.195357e-04   3.789817e-26   600
  6.626848e-01   9.403559e-25   2.001869e-04   3.347729e-26   600
  6.635732e-01   1.148674e-24   3.535112e-04   4.668864e-26   528
  6.646233e-01   1.064641e-24   1.940622e-04   3.678414e-26   732
  6.657296e-01   1.178807e-24   1.432973e-04   6.066372e-26   336
  6.670031e-01   1.100387e-24   2.042271e-04   3.208514e-26   912
  6.679548e-01   1.028185e-24   2.049821e-04   3.117936e-26   624
  6.689946e-01   1.095781e-24   1.727341e-04   3.730277e-26   768
  6.702082e-01   1.157036e-24   3.116463e-04   3.593519e-26   792
  6.713995e-01   1.106051e-24   1.545014e-04   3.772432e-26   660
  6.722471e-01   1.090800e-24   2.276826e-04   4.257303e-26   504
  6.731238e-01   9.865483e-25   3.719898e-04   3.974353e-26   480
  6.744376e-01   9.805332e-25   3.440421e-04   2.498232e-26   912
  6.754664e-01   1.135152e-24   3.831443e-04   5.093635e-26   432
  6.764380e-01   9.955644e-25   2.275021e-04   3.293888e-26   564
  6.773006e-01   1.058854e-24   2.177508e-04   3.364095e-26   600
  6.785149e-01   1.064164e-24   3.035240e-04   3.215008e-26   876
  6.794272e-01   1.031107e-24   1.364735e-04   4.985242e-26   264
  6.806846e-01   9.710740e-25   2.648123e-04   3.502530e-26   560
  6.816953e-01   1.004327e-24   1.799457e-04   2.887787e-26   840
  6.829222e-01   9.616839e-25   2.774244e-04   2.420336e-26   1008
  6.840568e-01   8.113251e-25   1.241010e-04   2.936646e-26   456
  6.850930e-01   1.050455e-24   1.607553e-04   3.575635e-26   576
  6.860509e-01   1.099941e-24   2.470177e-04   3.877713e-26   612
  6.873140e-01   1.028141e-24   2.206269e-04   3.159891e-26   780
  6.883444e-01   1.091629e-24   2.528284e-04   3.542632e-26   648
  6.893992e-01   9.600396e-25   1.178213e-04   4.324341e-26   312
  6.900734e-01   8.999838e-25   2.993645e-04   3.156843e-26   528
  6.912414e-01   9.234713e-25   3.909551e-04   2.677424e-26   720
  6.923583e-01   9.369696e-25   3.921794e-04   3.170209e-26   576
  6.937124e-01   9.860013e-25   3.383053e-04   4.261459e-26   444
  6.945549e-01   9.402464e-25   3.317685e-04   2.326201e-26   996
  6.955874e-01   7.748957e-25   2.771265e-04   3.244063e-26   432
  6.965633e-01   1.006070e-24   3.033990e-04   3.642898e-26   504
  6.974062e-01   7.927948e-25   1.367883e-04   2.710867e-26   504
  6.986065e-01   8.767513e-25   2.692009e-04   2.181686e-26   876
  6.996926e-01   9.605658e-25   3.098246e-04   3.354220e-26   504
  7.008236e-01   8.640920e-25   1.975899e-04   2.873565e-26   696
  7.017583e-01   8.879031e-25   1.689187e-04   3.516633e-26   492
  7.030300e-01   7.915603e-25   2.418152e-04   2.859898e-26   432
  7.039719e-01   9.564597e-25   2.264335e-04   2.643514e-26   768
  7.050885e-01   8.344846e-25   2.820533e-04   2.749759e-26   648
  7.061547e-01   8.407922e-25   1.840095e-04   3.255786e-26   456
  7.073798e-01   9.096734e-25   2.530430e-04   2.731492e-26   552
  7.082306e-01   8.615546e-25   1.734358e-04   2.603001e-26   648
  7.094016e-01   8.096991e-25   2.826907e-04   2.133667e-26   840
  7.105454e-01   9.189994e-25   1.348092e-04   3.387560e-26   432
  7.116906e-01   8.489732e-25   1.651183e-04   2.946088e-26   600
  7.124870e-01   9.603659e-25   1.759227e-04   3.618747e-26   432
  7.138248e-01   8.847102e-25   1.751482e-04   2.936501e-26   560
  7.147308e-01   7.664719e-25   2.772412e-04   1.993275e-26   840
  7.158652e-01   8.402412e-25   1.642140e-04   3.430863e-26   504
  7.167662e-01   8.363800e-25   3.351509e-04   2.354455e-26   696
  7.180362e-01   9.002646e-25   1.830475e-04   3.828478e-26   384
  7.190254e-01   8.223877e-25   2.681431e-04   2.395279e-26   576
  7.202219e-01   8.820336e-25   1.654845e-04   3.376678e-26   360
  7.211864e-01   8.872681e-25   2.464465e-04   2.618642e-26   828
  7.222268e-01   8.149977e-25   2.195064e-04   3.713066e-26   372
  7.231800e-01   8.817287e-25   3.352284e-04   2.889998e-26   576
  7.244428e-01   8.489310e-25   1.403933e-04   2.596232e-26   636
  7.253425e-01   8.653491e-25   2.706420e-04   2.816591e-26   648
  7.265596e-01   7.564300e-25   2.200024e-04   2.521645e-26   576
  7.274333e-01   7.776970e-25   3.548870e-04   2.753480e-26   528
  7.285953e-01   8.782715e-25   1.517289e-04   3.647468e-26   360
  7.295571e-01   7.481082e-25   3.490332e-04   2.273075e-26   672
  7.308130e-01   7.871107e-25   1.787806e-04   2.192946e-26   804
  7.318582e-01   8.179992e-25   1.972163e-04   3.101819e-26   408
  7.330145e-01   8.014300e-25   1.219011e-04   3.696213e-26   384
  7.337931e-01   7.461168e-25   2.789567e-04   2.616883e-26   480
  7.348913e-01   8.777742e-25   1.802469e-04   3.713486e-26   432
  7.359446e-01   8.221267e-25   3.321566e-04   2.677480e-26   648
  7.371913e-01   8.424544e-25   2.061016e-04   2.704716e-26   624
  7.381033e-01   8.124123e-25   1.874668e-04   2.855591e-26   456
  7.393486e-01   7.359947e-25   2.560963e-04   2.420009e-26   588
  7.401831e-01   7.513184e-25   1.633884e-04   2.349515e-26   600
  7.414016e-01   7.844740e-25   2.548458e-04   2.173291e-26   708
  7.423640e-01   8.478317e-25   1.605479e-04   3.638092e-26   360
  7.434275e-01   7.962029e-25   1.845541e-04   2.559179e-26   552
  7.444470e-01   6.824224e-25   1.294691e-04   3.147665e-26   288
  7.454820e-01   6.949581e-25   2.434372e-04   2.244920e-26   528
  7.464545e-01   8.286910e-25   1.642340e-04   2.771824e-26   456
  7.475410e-01   7.434795e-25   2.912225e-04   2.202486e-26   608
  7.486338e-01   6.809154e-25   1.408967e-04   2.225804e-26   504
  7.498278e-01   6.471803e-25   3.024972e-04   2.125893e-26   540
  7.507642e-01   7.689530e-25   3.247222e-04   3.234990e-26   360
  7.517735e-01   8.038840e-25   1.470509e-04   2.756952e-26   540
  7.526661e-01   7.073363e-25   1.262606e-04   2.415111e-26   576
  7.539642e-01   7.427575e-25   2.927555e-04   2.497312e-26   588
  7.551985e-01   7.296997e-25   4.039143e-04   2.116931e-26   672
  7.562588e-01   7.542313e-25   3.087151e-04   2.496341e-26   552
  7.571135e-01   7.060261e-25   3.088712e-04   4.891893e-26   144
  7.582042e-01   7.214352e-25   2.624178e-04   2.360443e-26   600
  7.592383e-01   7.019435e-25   3.288668e-04   2.367057e-26   504
  7.603860e-01   6.340428e-25   3.378126e-04   2.841901e-26   336
  7.615932e-01   6.949404e-25   3.797028e-04   2.253637e-26   600
  7.626744e-01   7.232679e-25   2.450478e-04   2.234328e-26   636
  7.638413e-01   7.306880e-25   1.970206e-04   2.697052e-26   384
  7.646595e-01   8.108719e-25   2.748205e-04   2.847501e-26   504
  7.658387e-01   7.717904e-25   1.153383e-04   3.532448e-26   240
  7.667694e-01   6.896398e-25   2.709461e-04   2.051548e-26   744
  7.678860e-01   7.174560e-25   1.850150e-04   2.077530e-26   648
  7.688783e-01   8.381124e-25   1.228185e-04   5.397672e-26   120
  7.700414e-01   7.137174e-25   1.929319e-04   2.372840e-26   564
  7.709202e-01   6.795123e-25   3.030111e-04   2.337576e-26   432
  7.720932e-01   6.995422e-25   2.351965e-04   2.463270e-26   480
  7.729764e-01   6.389531e-25   1.731106e-04   2.321464e-26   456
  7.740189e-01   8.093501e-25   2.864725e-04   2.734771e-26   444
  7.752020e-01   6.472571e-25   4.383180e-04   2.230887e-26   528
  7.762412e-01   7.991602e-25   3.255297e-04   4.152911e-26   264
  7.772498e-01   6.892925e-25   3.336195e-04   2.300452e-26   444
  7.786065e-01   7.099791e-25   3.654311e-04   2.101060e-26   696
  7.797327e-01   7.435533e-25   1.954448e-04   2.740519e-26   384
  7.805563e-01   7.143739e-25   2.469609e-04   2.603225e-26   432
  7.818373e-01   7.314041e-25   1.706384e-04   2.430213e-26   488
  7.826690e-01   7.353740e-25   2.571733e-04   2.637486e-26   480
  7.838749e-01   6.732215e-25   2.868014e-04   2.500824e-26   480
  7.848089e-01   6.539038e-25   1.203331e-04   2.970482e-26   240
  7.858692e-01   7.201865e-25   2.810886e-04   2.363819e-26   600
  7.868694e-01   6.643637e-25   2.449399e-04   3.250239e-26   288
  7.879343e-01   6.998196e-25   2.356143e-04   2.345519e-26   480
  7.890129e-01   6.139002e-25   4.191157e-04   1.906111e-26   504
  7.900748e-01   6.051194e-25   1.798267e-04   3.359602e-26   216
  7.914291e-01   7.125692e-25   2.944050e-04   2.519716e-26   504
  7.924838e-01   6.128156e-25   2.367912e-04   2.095191e-26   456
  7.936384e-01   6.564553e-25   1.358038e-04   2.562650e-26   384
  7.944031e-01   6.456091e-25   2.756326e-04   2.371236e-26   480
  7.954897e-01   5.765682e-25   2.420363e-04   1.943536e-26   504
  7.964966e-01   6.839351e-25   1.535327e-04   2.953961e-26   312
  7.975815e-01   6.729631e-25   2.474127e-04   2.306849e-26   492
  7.985417e-01   6.681973e-25   2.318919e-04   2.763410e-26   312
  7.997779e-01   6.680150e-25   3.766899e-04   2.043330e-26   576
  8.008661e-01   6.811243e-25   3.477153e-04   3.364813e-26   336
  8.017699e-01   6.081386e-25   2.677247e-04   2.669819e-26   240
  8.030228e-01   7.053913e-25   3.549351e-04   2.657806e-26   468
  8.041047e-01   6.442065e-25   2.222407e-04   3.236952e-26   192
  8.052370e-01   6.008785e-25   2.229031e-04   2.467299e-26   324
  8.060669e-01   6.345216e-25   1.617794e-04   1.908418e-26   600
  8.071978e-01   7.625323e-25   2.624704e-04   2.896174e-26   456
  8.080377e-01   7.033106e-25   1.180592e-04   3.410008e-26   336
  8.094297e-01   6.609883e-25   3.535027e-04   2.134117e-26   612
  8.104424e-01   6.389853e-25   2.966749e-04   4.239308e-26   144
  8.114002e-01   6.396694e-25   3.462957e-04   2.056111e-26   552
  8.127025e-01   5.170858e-25   1.363755e-04   2.284533e-26   264
  8.134384e-01   6.879110e-25   3.157441e-04   3.112115e-26   336
  8.145992e-01   5.498292e-25   2.086329e-04   1.989652e-26   384
  8.156059e-01   6.147535e-25   1.174397e-04   3.842357e-26   216
  8.167203e-01   5.939474e-25   2.489964e-04   2.121678e-26   344
  8.177364e-01   6.196625e-25   3.715143e-04   2.525349e-26   408
  8.189746e-01   7.067108e-25   2.854845e-04   3.289120e-26   264
  8.200718e-01   6.735526e-25   3.979796e-04   2.321425e-26   612
  8.211681e-01   6.827201e-25   2.048307e-04   2.484075e-26   408
  8.222956e-01   6.098887e-25   2.051251e-04   2.398035e-26   444
  8.231239e-01   8.590101e-25   1.147249e-04   6.169269e-26   120
  8.242338e-01   6.286528e-25   3.169640e-04   2.625328e-26   336
  8.250576e-01   6.272206e-25   1.101437e-04   2.873167e-26   288
  8.261708e-01   6.245417e-25   3.427692e-04   1.933929e-26   552
  8.277012e-01   6.929926e-25   0.000000e+00   6.245354e-26   72
  8.284882e-01   6.023915e-25   3.404572e-04   2.122552e-26   504
  8.294074e-01   5.176048e-25   1.095558e-04   2.503474e-26   216
  8.305983e-01   5.582268e-25   1.956043e-04   2.485434e-26   312
  8.316675e-01   6.015111e-25   2.227263e-04   2.161428e-26   336
  8.326865e-01   7.125501e-25   3.087236e-04   4.258501e-26   204
  8.337014e-01   7.122506e-25   3.587838e-04   2.256164e-26   504
  8.347777e-01   7.729638e-25   3.416652e-04   3.246151e-26   396
  8.358127e-01   6.117122e-25   3.133249e-04   2.558163e-26   312
  8.370674e-01   6.953372e-25   1.914750e-04   3.682416e-26   216
  8.379516e-01   6.089414e-25   1.039172e-04   3.399355e-26   168
  8.390260e-01   6.339084e-25   2.623966e-04   2.224285e-26   588
  8.402521e-01   6.139505e-25   3.561727e-04   2.790584e-26   240
  8.412047e-01   5.002425e-25   3.145601e-04   2.467529e-26   264
  8.423219e-01   5.863991e-25   3.890183e-04   3.004524e-26   288
  8.433131e-01   5.963547e-25   1.942596e-04   2.524253e-26   288
  8.445693e-01   6.484895e-25   1.824406e-04   2.925931e-26   288
  8.454153e-01   5.678029e-25   2.113423e-04   2.612318e-26   192
  8.464795e-01   5.669504e-25   2.248894e-04   2.715028e-26   264
  8.474933e-01   7.834053e-25   3.699119e-04   3.718286e-26   372
  8.485844e-01   7.551347e-25   3.995208e-04   3.272778e-26   360
  8.499161e-01   7.491635e-25   1.690810e-04   5.386494e-26   144
  8.506044e-01   6.143239e-25   2.348461e-04   3.099774e-26   296
  8.516909e-01   5.608845e-25   2.530345e-04   2.394810e-26   288
  8.529347e-01   5.925163e-25   3.781537e-04   1.944861e-26   480
  8.540076e-01   5.798388e-25   3.142096e-04   2.976907e-26   192
  8.550509e-01   6.232790e-25   3.370327e-04   3.257355e-26   192
  8.559992e-01   5.058179e-25   2.147949e-04   2.252000e-26   288
  8.573180e-01   5.004695e-25   1.869760e-04   3.214260e-26   108
  8.579823e-01   6.126932e-25   1.797545e-04   2.579402e-26   240
  8.591554e-01   5.403802e-25   3.353363e-04   1.972492e-26   384
  8.603605e-01   6.146454e-25   4.090722e-04   4.433914e-26   108
  8.614261e-01   7.438091e-25   2.398466e-04   3.992851e-26   348
  8.625466e-01   5.790026e-25   2.503134e-04   2.725232e-26   312
  8.635474e-01   4.295278e-25   2.432319e-04   4.707159e-26   96
  8.644677e-01   5.559525e-25   3.238194e-04   2.421140e-26   384
  8.654984e-01   5.944124e-25   2.227222e-04   3.677203e-26   144
  8.665066e-01   6.022866e-25   3.422225e-04   2.338843e-26   408
  8.677598e-01   5.288807e-25   1.526554e-04   3.806792e-26   144
  8.689437e-01   5.671859e-25   2.934816e-04   3.034697e-26   192
  8.696459e-01   6.231631e-25   3.303190e-04   4.102171e-26   144
  8.707904e-01   4.868316e-25   2.685615e-04   2.868252e-26   144
  8.718702e-01   5.699532e-25   3.282257e-04   2.519758e-26   336
  8.731927e-01   5.010871e-25   2.428454e-04   2.485733e-26   240
  8.740312e-01   4.772939e-25   1.102739e-04   3.324672e-26   96
  8.752007e-01   6.979773e-25   3.233803e-04   3.513397e-26   372
  8.763838e-01   4.800141e-25   3.846540e-04   3.968034e-26   132
  8.774230e-01   5.034234e-25   2.380193e-04   2.265551e-26   264
  8.783527e-01   6.293067e-25   1.827880e-04   4.007379e-26   168
  8.793449e-01   6.030352e-25   2.922429e-04   2.852376e-26   216
  8.802213e-01   6.240619e-25   1.787978e-04   3.358239e-26   216
  8.814979e-01   4.730141e-25   3.280196e-04   3.531988e-26   96
  8.826561e-01   5.520139e-25   2.140028e-04   4.114320e-26   120
  8.837183e-01   5.331129e-25   2.720578e-04   2.542205e-26   216
  8.845934e-01   5.039755e-25   1.188902e-04   2.764370e-26   200
  8.857519e-01   5.028700e-25   3.077557e-04   2.123763e-26   288
  8.872378e-01   4.803095e-25   8.097649e-05   2.555891e-26   144
  8.878635e-01   6.190158e-25   2.519939e-04   3.451785e-26   168
  8.891412e-01   5.800282e-25   2.835956e-04   4.022004e-26   159
  8.901386e-01   5.506160e-25   2.975600e-04   3.215420e-26   174
  8.911039e-01   5.092205e-25   2.698170e-04   2.933551e-26   144
  8.923678e-01   5.202323e-25   1.557998e-04   3.003704e-26   222
  8.932131e-01   5.882069e-25   1.572158e-04   3.693381e-26   168
  8.946732e-01   6.835054e-25   3.448346e-04   1.089642e-25   30
  8.952763e-01   4.601121e-25   3.044637e-04   3.768766e-26   72
  8.964123e-01   4.818461e-25   2.717302e-04   2.342034e-26   258
  8.976612e-01   5.423438e-25   1.701916e-04   2.351583e-26   264
  8.982857e-01   4.859968e-25   1.835347e-08   5.317707e-26   72
  8.995871e-01   4.765877e-25   3.373270e-04   2.694814e-26   174
  9.007654e-01   4.837437e-25   3.591909e-04   2.843117e-26   168
  9.017127e-01   3.723365e-25   1.123916e-08   3.524155e-26   48
  9.027297e-01   5.653918e-25   2.028435e-04   2.762444e-26   150
  9.039088e-01   6.091555e-25   3.731453e-04   3.354954e-26   168
  9.050911e-01   5.130152e-25   2.273028e-04   3.477257e-26   144
  9.061784e-01   5.433245e-25   2.123525e-04   3.409544e-26   102
  9.069882e-01   4.680931e-25   3.143182e-04   3.942827e-26   96
  9.082731e-01   5.678827e-25   3.119397e-04   3.796469e-26   120
  9.092246e-01   4.700731e-25   3.345635e-04   2.667306e-26   168
  9.102538e-01   7.233387e-25   2.470487e-04   4.569836e-26   126
  9.111308e-01   4.268966e-25   1.863241e-04   2.574549e-26   168
  9.123389e-01   4.139372e-25   2.987709e-04   3.292125e-26   72
  9.133947e-01   4.676555e-25   3.741278e-04   2.432762e-26   168
  9.143196e-01   4.451172e-25   1.025668e-04   4.332312e-26   78
  9.155870e-01   4.956285e-25   1.684070e-04   4.215276e-26   60
  9.166075e-01   5.952428e-25   2.731835e-04   3.794759e-26   96
  9.176659e-01   4.550756e-25   3.314854e-04   2.939564e-26   168
  9.186605e-01   5.210256e-25   2.097511e-04   3.955023e-26   86
  9.197042e-01   4.806936e-25   1.874678e-04   3.438556e-26   120
  9.212002e-01   4.075742e-25   1.336894e-04   2.046043e-26   168
  9.220069e-01   4.165207e-25   0.000000e+00   4.003065e-26   48
  9.230934e-01   5.140455e-25   2.435676e-04   3.202684e-26   120
  9.237177e-01   4.025706e-25   1.776924e-04   2.181669e-26   126
  9.252418e-01   4.419354e-25   3.125113e-04   2.717062e-26   96
  9.262310e-01   4.953386e-25   9.011285e-05   3.335645e-26   96
  9.270111e-01   4.126728e-25   1.059638e-08   3.411087e-26   72
  9.286731e-01   5.774347e-25   1.123916e-08   5.352467e-26   24
  9.297104e-01   4.999757e-25   1.854501e-04   2.377675e-26   120
  9.305196e-01   5.237367e-25   2.705147e-04   3.817472e-26   126
  9.314194e-01   4.680496e-25   2.255107e-04   3.194376e-26   96
  9.324708e-01   3.707621e-25   3.897482e-04   2.576863e-26   72
  9.336415e-01   4.309940e-25   1.685792e-04   2.583686e-26   144
  9.346046e-01   5.641727e-25   9.723254e-05   4.230540e-26   72
  9.355666e-01   5.005076e-25   1.942081e-04   4.272982e-26   54
  9.364132e-01   4.893561e-25   1.711436e-04   3.455362e-26   108
  9.381728e-01   4.778707e-25   1.677650e-04   4.680898e-26   72
  9.387206e-01   5.315934e-25   9.680617e-05   3.651567e-26   72
  9.400202e-01   4.742488e-25   1.946680e-08   5.147888e-26   24
  9.412498e-01   4.275569e-25   2.047976e-04   3.550070e-26   48
  9.419964e-01   4.937767e-25   1.560029e-04   3.158927e-26   102
  9.431203e-01   4.496354e-25   3.528137e-04   2.533325e-26   168
  9.445889e-01   3.937096e-25   1.924163e-04   3.426028e-26   72
  9.451330e-01   4.946805e-25   0.000000e+00   5.187141e-26   48
  9.462744e-01   4.871573e-25   3.309678e-04   3.372698e-26   120
  9.477807e-01   4.541814e-25   2.033864e-04   3.089372e-26   96
  9.492033e-01   4.150578e-25   1.798266e-08   2.970452e-26   30
  9.508942e-01   4.935215e-25   9.555995e-05   3.529210e-26   72
  9.516372e-01   4.769558e-25   1.123916e-08   5.482934e-26   24
  9.525916e-01   3.751792e-25   1.416435e-04   2.371334e-26   56
  9.536606e-01   3.907856e-25   2.021324e-04   3.158266e-26   96
  9.549399e-01   5.115556e-25   2.232036e-04   3.142195e-26   144
  9.559263e-01   5.014358e-25   1.267263e-04   4.074079e-26   54
  9.573592e-01   4.270419e-25   1.898493e-04   2.858741e-26   108
  9.588012e-01   5.305154e-25   1.005243e-04   7.478798e-26   48
  9.601739e-01   4.409080e-25   3.785063e-04   2.892476e-26   72
  9.634680e-01   4.857007e-25   2.500803e-04   3.196045e-26   78
  9.643808e-01   4.178387e-25   1.884669e-04   2.991108e-26   72
  9.654462e-01   5.624001e-25   1.882329e-04   4.566025e-26   72
  9.665603e-01   5.817885e-25   4.542266e-04   3.613501e-26   96
  9.674408e-01   3.805601e-25   1.878449e-04   2.921978e-26   72
  9.685029e-01   6.310085e-25   0.000000e+00   7.623630e-26   24
  9.695638e-01   5.066411e-25   3.748416e-04   3.691016e-26   72
  9.719599e-01   5.743942e-25   2.380359e-04   5.558151e-26   30
  9.724755e-01   5.511492e-25   0.000000e+00   8.408054e-26   24
  9.752466e-01   5.064752e-25   1.976584e-04   4.863392e-26   48
  9.761159e-01   5.323431e-25   4.253608e-04   2.794570e-26   120
  9.772870e-01   4.758858e-25   1.859776e-04   4.353743e-26   72
  9.784697e-01   4.520788e-25   1.857528e-04   4.652086e-26   36
  9.792826e-01   5.384612e-25   3.671339e-04   4.140735e-26   78
  9.815513e-01   6.359233e-25   1.963888e-04   6.750546e-26   48
  9.844928e-01   4.792383e-25   1.589457e-08   6.952872e-26   24
  9.865884e-01   5.829335e-25   1.367612e-04   4.774448e-26   56
  9.876436e-01   5.724564e-25   2.104496e-04   4.540771e-26   102
  9.889860e-01   5.278188e-25   1.498555e-08   3.955921e-26   72
  9.897653e-01   4.158664e-25   1.123916e-08   6.236532e-26   24
  9.911277e-01   4.875856e-25   1.944913e-04   6.841441e-26   48
  9.936528e-01   5.101577e-25   0.000000e+00   6.077155e-26   24
  9.967520e-01   4.462213e-25   0.000000e+00   3.577584e-26   6
  9.977185e-01   3.993448e-25   0.000000e+00   6.175618e-26   24
  9.983623e-01   6.143380e-25   1.820511e-04   4.678160e-26   72
  9.995384e-01   4.775541e-25   3.396336e-04   3.626734e-26   84
  1.000805e+00   4.376708e-25   0.000000e+00   4.823025e-26   24
  1.001190e+00   4.954728e-25   1.589457e-08   5.896578e-26   24
  1.003114e+00   6.829225e-25   1.946680e-08   9.789461e-26   24
  1.005800e+00   2.169487e-25   0.000000e+00   8.077909e-26   6
  1.009244e+00   5.520389e-25   1.910001e-04   5.878197e-26   48
  1.010072e+00   5.130987e-25   3.598129e-04   3.556481e-26   72
  1.011152e+00   4.131122e-25   1.906396e-04   5.133806e-26   48
  1.012867e+00   5.204102e-25   0.000000e+00   5.075944e-26   24
  1.015148e+00   5.403166e-25   0.000000e+00   1.192037e-25   6
  1.020262e+00   4.466868e-25   0.000000e+00   1.335142e-25   8
  1.020640e+00   4.470841e-25   1.123916e-08   4.757163e-26   48
  1.021546e+00   4.978712e-25   1.848806e-04   4.604380e-26   60
  1.022904e+00   5.222030e-25   0.000000e+00   7.246046e-26   24
  1.024787e+00   5.485594e-25   0.000000e+00   1.750042e-25   6
  1.031723e+00   5.334453e-25   0.000000e+00   7.072204e-26   24
  1.032283e+00   5.877884e-25   1.867372e-04   4.493803e-26   48
  1.033217e+00   5.359808e-25   0.000000e+00   6.136722e-26   24
  1.034708e+00   8.571096e-25   0.000000e+00   3.303417e-25   6
  1.043181e+00   6.666124e-25   1.742080e-04   7.381902e-26   36
  1.043797e+00   1.007105e-24   0.000000e+00   2.186240e-25   24
  1.044904e+00   2.918972e-25   0.000000e+00   8.468692e-26   6
  1.054545e+00   5.986708e-25   1.583190e-04   8.198607e-26   32
  1.055367e+00   6.714147e-25   0.000000e+00   1.041996e-25   6
  1.065728e+00   7.259110e-25   0.000000e+00   1.018305e-25   12
  1.066089e+00   4.267266e-25   0.000000e+00   6.238945e-26   6
  1.077063e+00   4.728547e-25   0.000000e+00   1.094537e-25   6
