# power spectrum of phi
# redshift z=29.789154
# k              Pk             sigma(k)       sigma(Pk)      count
  1.963495e-02   1.698044e-10   0.000000e+00   6.844970e-11   6
  2.776802e-02   6.934290e-11   0.000000e+00   1.384352e-11   12
  3.400874e-02   3.975477e-11   3.725290e-10   8.112369e-12   8
  3.926991e-02   1.095604e-10   0.000000e+00   1.179028e-11   6
  4.390509e-02   6.499766e-11   7.024475e-10   2.072150e-11   24
  4.809562e-02   8.249958e-11   7.024475e-10   1.394075e-11   24
  5.553604e-02   3.149968e-11   0.000000e+00   1.416061e-11   12
  5.890486e-02   3.463995e-11   7.947286e-10   6.328691e-12   30
  6.209118e-02   4.227394e-11   0.000000e+00   9.302778e-12   24
  6.512178e-02   3.666310e-11   1.216675e-09   9.100429e-12   24
  6.801748e-02   4.019056e-11   7.450581e-10   8.118352e-12   8
  7.079483e-02   3.316371e-11   9.934107e-10   4.142023e-12   24
  7.346727e-02   2.977533e-11   0.000000e+00   4.194466e-12   48
  7.853982e-02   3.359795e-11   0.000000e+00   1.477499e-11   6
  8.095699e-02   2.497812e-11   9.934107e-10   3.500318e-12   48
  8.330406e-02   2.231298e-11   9.365966e-10   2.342203e-12   36
  8.558678e-02   2.991825e-11   9.934107e-10   6.277723e-12   24
  8.781018e-02   1.718270e-11   1.404895e-09   2.933413e-12   24
  8.997866e-02   1.463109e-11   0.000000e+00   1.980695e-12   48
  9.209610e-02   2.101308e-11   1.404895e-09   2.988496e-12   24
  9.619124e-02   1.595368e-11   1.404895e-09   2.496786e-12   24
  9.817477e-02   1.048140e-11   0.000000e+00   1.719922e-12   30
  1.001190e-01   1.102226e-11   0.000000e+00   1.203581e-12   72
  1.020262e-01   1.078439e-11   1.490116e-09   2.217312e-12   32
  1.057375e-01   1.312189e-11   0.000000e+00   1.509840e-12   72
  1.075451e-01   8.122924e-12   0.000000e+00   1.188778e-12   48
  1.110721e-01   4.033659e-12   0.000000e+00   1.196898e-12   12
  1.127942e-01   7.955688e-12   0.000000e+00   1.188835e-12   48
  1.144905e-01   6.894407e-12   0.000000e+00   6.754441e-13   48
  1.161620e-01   9.155784e-12   1.404895e-09   1.160778e-12   48
  1.178097e-01   1.087860e-11   1.589457e-09   1.905873e-12   30
  1.194348e-01   1.041572e-11   0.000000e+00   2.336986e-12   24
  1.210380e-01   1.014550e-11   2.961779e-09   1.050097e-12   72
  1.241824e-01   6.013161e-12   0.000000e+00   1.146665e-12   24
  1.257251e-01   8.669683e-12   0.000000e+00   8.420391e-13   96
  1.272490e-01   6.553121e-12   0.000000e+00   8.802762e-13   48
  1.287550e-01   5.343014e-12   2.433349e-09   1.303850e-12   24
  1.302436e-01   4.028772e-12   2.433349e-09   8.327307e-13   24
  1.317153e-01   9.247109e-12   0.000000e+00   1.123724e-12   72
  1.331707e-01   7.075902e-12   0.000000e+00   1.087058e-12   48
  1.360350e-01   5.505862e-12   1.490116e-09   1.626131e-12   8
  1.374447e-01   8.683222e-12   1.766064e-09   1.066527e-12   54
  1.388401e-01   5.520998e-12   0.000000e+00   9.359455e-13   84
  1.402216e-01   6.349642e-12   0.000000e+00   9.188470e-13   48
  1.415897e-01   3.748694e-12   1.986821e-09   6.632730e-13   24
  1.429446e-01   4.995176e-12   2.649095e-09   5.845419e-13   72
  1.442869e-01   6.399528e-12   0.000000e+00   7.252547e-13   96
  1.469345e-01   8.059605e-12   0.000000e+00   8.796316e-13   48
  1.482407e-01   4.438505e-12   0.000000e+00   4.215981e-13   48
  1.495354e-01   3.977985e-12   0.000000e+00   7.757020e-13   24
  1.508189e-01   4.265708e-12   0.000000e+00   4.660259e-13   72
  1.533539e-01   4.080655e-12   0.000000e+00   4.817732e-13   72
  1.546058e-01   4.038580e-12   0.000000e+00   4.605922e-13   96
  1.570796e-01   6.254363e-12   0.000000e+00   2.738157e-12   6
  1.583021e-01   4.413659e-12   0.000000e+00   4.437732e-13   96
  1.595151e-01   4.475307e-12   1.986821e-09   4.780739e-13   96
  1.607190e-01   2.820336e-12   0.000000e+00   6.729175e-13   24
  1.619140e-01   3.221079e-12   1.986821e-09   3.744235e-13   48
  1.631002e-01   3.283110e-12   0.000000e+00   3.299065e-13   96
  1.642778e-01   3.378968e-12   0.000000e+00   4.609819e-13   48
  1.666081e-01   3.159014e-12   1.873193e-09   5.610333e-13   36
  1.677611e-01   3.146006e-12   3.441276e-09   3.906757e-13   48
  1.689063e-01   3.408837e-12   3.893359e-09   3.037016e-13   120
  1.700437e-01   2.925979e-12   0.000000e+00   3.856912e-13   56
  1.711736e-01   1.583417e-12   1.986821e-09   2.802021e-13   24
  1.722960e-01   2.345479e-12   0.000000e+00   2.096203e-13   96
  1.734112e-01   2.429263e-12   0.000000e+00   3.114038e-13   48
  1.756204e-01   3.152090e-12   2.809790e-09   5.835665e-13   24
  1.767146e-01   3.213768e-12   0.000000e+00   3.228704e-13   102
  1.778021e-01   3.647614e-12   1.986821e-09   5.556408e-13   48
  1.788829e-01   3.083255e-12   0.000000e+00   3.137492e-13   72
  1.799573e-01   2.773240e-12   0.000000e+00   2.784112e-13   48
  1.810253e-01   3.184591e-12   0.000000e+00   5.817045e-13   48
  1.820871e-01   2.565217e-12   4.495664e-09   2.383023e-13   120
  1.841922e-01   3.450223e-12   2.809790e-09   5.680022e-13   24
  1.852358e-01   2.203752e-12   2.649095e-09   1.857693e-13   144
  1.862735e-01   2.212449e-12   3.178914e-09   2.187506e-13   120
  1.873055e-01   1.951315e-12   2.809790e-09   2.750252e-13   48
  1.893526e-01   2.543716e-12   2.809790e-09   3.411313e-13   48
  1.903679e-01   2.077150e-12   2.809790e-09   2.076888e-13   96
  1.930487e-01   2.542947e-12   4.711199e-04   2.983379e-13   72
  1.943761e-01   1.986104e-12   2.497591e-09   1.499128e-13   108
  1.953653e-01   2.232613e-12   0.000000e+00   2.374942e-13   72
  1.963495e-01   1.481108e-12   0.000000e+00   3.087043e-13   30
  1.973288e-01   2.305988e-12   0.000000e+00   1.766283e-13   168
  1.983033e-01   2.547828e-12   0.000000e+00   3.020338e-13   48
  2.002380e-01   1.586637e-12   0.000000e+00   1.906239e-13   72
  2.011984e-01   2.150388e-12   0.000000e+00   2.076579e-13   96
  2.021542e-01   1.976132e-12   5.298191e-09   3.043000e-13   72
  2.031055e-01   2.227742e-12   0.000000e+00   2.393142e-13   72
  2.047049e-01   2.076461e-12   4.350048e-04   1.628723e-13   104
  2.059331e-01   1.881092e-12   3.746387e-09   1.403377e-13   144
  2.087224e-01   1.303392e-12   6.282881e-09   1.251965e-13   96
  2.096439e-01   1.262430e-12   0.000000e+00   1.315595e-13   96
  2.111095e-01   1.783177e-12   4.475232e-04   1.651828e-13   120
  2.123845e-01   1.501362e-12   0.000000e+00   1.336885e-13   120
  2.132902e-01   1.818270e-12   0.000000e+00   1.980421e-13   72
  2.150901e-01   1.889633e-12   0.000000e+00   2.505272e-13   48
  2.159845e-01   1.806344e-12   4.890638e-09   2.173115e-13   78
  2.171286e-01   1.893603e-12   4.007142e-04   1.496760e-13   168
  2.195255e-01   1.690453e-12   4.588368e-09   1.442090e-13   144
  2.204018e-01   1.885093e-12   3.746387e-09   1.362941e-13   144
  2.229436e-01   1.534300e-12   2.307791e-04   1.381798e-13   156
  2.238729e-01   1.229371e-12   4.866699e-09   2.440938e-13   48
  2.247323e-01   1.377629e-12   3.178914e-09   1.281914e-13   120
  2.255884e-01   9.240151e-13   0.000000e+00   9.613031e-14   48
  2.271022e-01   1.417700e-12   3.532495e-04   1.014627e-13   216
  2.289809e-01   1.075670e-12   0.000000e+00   1.269163e-13   48
  2.298212e-01   1.101565e-12   2.809790e-09   9.420705e-14   96
  2.310160e-01   1.243560e-12   4.128272e-04   1.103408e-13   168
  2.323239e-01   9.785798e-13   2.809790e-09   1.405592e-13   48
  2.331522e-01   1.380864e-12   0.000000e+00   1.390775e-13   96
  2.339775e-01   1.120806e-12   0.000000e+00   2.039593e-13   48
  2.356194e-01   1.419403e-12   3.178914e-09   1.509861e-13   30
  2.364362e-01   9.564783e-13   0.000000e+00   7.930943e-14   96
  2.374123e-01   1.164774e-12   3.244455e-04   8.190136e-14   240
  2.386674e-01   1.847609e-12   3.500299e-04   2.717404e-13   32
  2.396752e-01   8.550440e-13   0.000000e+00   6.255555e-14   168
  2.404781e-01   9.974720e-13   0.000000e+00   9.662905e-14   120
  2.420760e-01   8.620242e-13   5.923557e-09   1.053897e-13   72
  2.428710e-01   1.253428e-12   2.649095e-09   1.167772e-13   144
  2.436634e-01   9.421370e-13   0.000000e+00   9.096445e-14   96
  2.444532e-01   1.146450e-12   0.000000e+00   9.274940e-14   96
  2.460253e-01   1.420258e-12   0.000000e+00   1.766578e-13   72
  2.468075e-01   9.637952e-13   3.973643e-09   9.575213e-14   96
  2.483647e-01   1.164081e-12   0.000000e+00   2.129998e-13   24
  2.491396e-01   1.077991e-12   0.000000e+00   7.534383e-14   192
  2.500522e-01   1.005695e-12   2.970416e-04   7.730111e-14   132
  2.514501e-01   1.109902e-12   0.000000e+00   9.482131e-14   96
  2.522156e-01   7.194873e-13   0.000000e+00   7.292865e-14   96
  2.529787e-01   9.236071e-13   3.178914e-09   7.498697e-14   120
  2.544981e-01   9.928202e-13   0.000000e+00   1.343015e-13   48
  2.557435e-01   7.545003e-13   3.599905e-04   4.661047e-14   222
  2.567603e-01   9.370891e-13   0.000000e+00   8.654715e-14   120
  2.575100e-01   8.395049e-13   4.866699e-09   1.719855e-13   24
  2.586015e-01   1.100530e-12   3.715625e-04   6.312749e-14   312
  2.609797e-01   1.173689e-12   3.483547e-04   1.240206e-13   72
  2.619630e-01   7.972179e-13   4.866699e-09   9.547421e-14   96
  2.629726e-01   9.930199e-13   3.547511e-04   8.088763e-14   192
  2.641613e-01   8.427339e-13   4.495664e-09   9.107642e-14   120
  2.648900e-01   8.645334e-13   0.000000e+00   8.349795e-14   144
  2.663415e-01   8.085780e-13   0.000000e+00   1.148769e-13   48
  2.673732e-01   7.547153e-13   3.567146e-04   4.652231e-14   336
  2.685040e-01   8.280849e-13   0.000000e+00   1.031490e-13   48
  2.699360e-01   7.770627e-13   0.000000e+00   7.372835e-14   192
  2.706492e-01   6.973026e-13   0.000000e+00   8.413388e-14   48
  2.726764e-01   7.276267e-13   2.476067e-04   8.848107e-14   56
  2.736844e-01   7.563595e-13   3.180112e-04   4.186317e-14   336
  2.748894e-01   7.688337e-13   3.532127e-09   1.171401e-13   54
  2.759390e-01   7.042442e-13   3.492904e-04   4.484511e-14   240
  2.781181e-01   7.144346e-13   3.344484e-04   5.800128e-14   228
  2.790651e-01   7.572795e-13   3.746387e-09   9.781936e-14   72
  2.799844e-01   8.028588e-13   3.244231e-04   5.977007e-14   144
  2.811298e-01   6.923671e-13   0.000000e+00   6.624446e-14   96
  2.818146e-01   6.619019e-13   4.495664e-09   4.514843e-14   240
  2.831793e-01   5.430807e-13   3.973643e-09   9.942668e-14   24
  2.840530e-01   6.773800e-13   3.064151e-04   3.876623e-14   336
  2.852142e-01   5.234347e-13   0.000000e+00   6.118500e-14   72
  2.862741e-01   7.752557e-13   3.332831e-04   5.770991e-14   168
  2.872346e-01   5.721488e-13   0.000000e+00   5.607001e-14   72
  2.885737e-01   8.448816e-13   0.000000e+00   8.455951e-14   96
  2.896108e-01   5.560813e-13   3.307829e-04   3.964435e-14   216
  2.905708e-01   4.692506e-13   0.000000e+00   3.612716e-14   96
  2.918946e-01   5.755718e-13   3.973643e-09   3.705415e-14   192
  2.925542e-01   5.843242e-13   3.746387e-09   4.586510e-14   144
  2.938691e-01   5.084197e-13   0.000000e+00   6.496476e-14   48
  2.947794e-01   6.092563e-13   3.189136e-04   4.380179e-14   246
  2.960164e-01   7.300530e-13   2.940434e-04   5.679784e-14   168
  2.971308e-01   5.952283e-13   7.786718e-09   7.110930e-14   120
  2.977788e-01   4.888921e-13   0.000000e+00   3.494617e-14   240
  2.990707e-01   4.021919e-13   0.000000e+00   8.229475e-14   24
  3.001001e-01   5.339609e-13   3.147475e-04   3.176166e-14   360
  3.013820e-01   6.101754e-13   3.134082e-04   4.934202e-14   120
  3.022763e-01   5.660088e-13   0.000000e+00   4.752919e-14   144
  3.029133e-01   6.518823e-13   0.000000e+00   5.716390e-14   96
  3.048165e-01   5.564998e-13   0.000000e+00   4.213030e-14   144
  3.054482e-01   6.257011e-13   0.000000e+00   5.578316e-14   132
  3.063360e-01   4.942046e-13   3.093292e-04   3.719611e-14   176
  3.076248e-01   5.095896e-13   3.123602e-04   2.811809e-14   312
  3.092116e-01   6.577715e-13   0.000000e+00   9.443325e-14   96
  3.098343e-01   4.351634e-13   0.000000e+00   3.938734e-14   144
  3.107899e-01   5.203172e-13   3.092271e-04   3.175139e-14   312
  3.123131e-01   5.035020e-13   0.000000e+00   5.074611e-14   48
  3.129297e-01   4.420836e-13   3.973643e-09   3.178785e-14   192
  3.141593e-01   2.528240e-13   0.000000e+00   7.738448e-14   6
  3.149762e-01   4.173592e-13   2.884066e-04   2.303720e-14   288
  3.162994e-01   4.421021e-13   3.047203e-04   3.372221e-14   192
  3.172124e-01   4.107913e-13   9.345130e-09   2.688390e-14   216
  3.178195e-01   4.865858e-13   0.000000e+00   6.644357e-14   72
  3.193321e-01   4.501400e-13   3.018264e-04   4.001746e-14   192
  3.203366e-01   5.182363e-13   2.241224e-04   3.335433e-14   288
  3.214381e-01   4.117430e-13   0.000000e+00   8.119163e-14   24
  3.222890e-01   4.635241e-13   2.952626e-04   2.401713e-14   456
  3.238280e-01   3.263296e-13   0.000000e+00   5.185566e-14   48
  3.247789e-01   4.379087e-13   2.908218e-04   3.138973e-14   240
  3.258718e-01   5.158535e-13   2.939082e-04   3.483251e-14   216
  3.267908e-01   3.871856e-13   0.000000e+00   4.658041e-14   72
  3.273801e-01   3.597586e-13   1.015467e-08   3.014336e-14   168
  3.290441e-01   4.288200e-13   2.184577e-04   2.813874e-14   288
  3.299773e-01   4.463956e-13   2.890570e-04   3.306094e-14   168
  3.314762e-01   4.649551e-13   0.000000e+00   3.728863e-14   192
  3.320572e-01   3.570954e-13   3.746387e-09   2.579534e-14   144
  3.332162e-01   5.594847e-13   3.746387e-09   7.312669e-14   36
  3.341991e-01   3.268852e-13   2.639705e-04   1.778317e-14   342
  3.351389e-01   3.823282e-13   2.710657e-04   3.502551e-14   144
  3.363470e-01   3.850953e-13   2.842800e-04   2.224591e-14   384
  3.378125e-01   4.496612e-13   7.786718e-09   4.420584e-14   120
  3.385379e-01   4.390042e-13   2.534951e-04   2.627620e-14   264
  3.395201e-01   3.595095e-13   1.256576e-08   2.682543e-14   192
  3.404451e-01   3.610482e-13   2.731894e-04   2.806837e-14   152
  3.412191e-01   3.466408e-13   7.492773e-09   3.326787e-14   144
  3.428472e-01   2.794012e-13   1.768108e-04   2.092129e-14   216
  3.436008e-01   4.065330e-13   2.362665e-04   2.278754e-14   312
  3.449274e-01   3.423713e-13   2.738281e-04   2.045173e-14   240
  3.457090e-01   3.695496e-13   3.973643e-09   3.741982e-14   96
  3.471927e-01   2.831905e-13   2.617995e-04   2.308259e-14   144
  3.481071e-01   3.406380e-13   2.573258e-04   1.750710e-14   456
  3.495904e-01   2.444422e-13   0.000000e+00   1.633124e-14   120
  3.501414e-01   2.921270e-13   0.000000e+00   2.743274e-14   144
  3.512407e-01   2.412698e-13   5.619580e-09   3.904013e-14   24
  3.519456e-01   3.089861e-13   2.473498e-04   1.600575e-14   336
  3.531645e-01   2.987536e-13   2.727931e-04   2.259927e-14   198
  3.543067e-01   3.324249e-13   2.652756e-04   2.054515e-14   432
  3.556041e-01   4.455792e-13   7.947286e-09   4.797196e-14   48
  3.562810e-01   3.876701e-13   2.341925e-04   2.136592e-14   384
  3.574963e-01   3.181157e-13   2.696052e-04   2.852002e-14   144
  3.585975e-01   4.030016e-13   2.676825e-04   3.075143e-14   264
  3.599147e-01   2.648755e-13   0.000000e+00   2.549453e-14   48
  3.607984e-01   3.080946e-13   2.545223e-04   1.955010e-14   276
  3.616510e-01   2.925355e-13   2.307176e-04   2.622639e-14   192
  3.627906e-01   2.884387e-13   2.592759e-04   1.266960e-14   552
  3.641741e-01   2.090896e-13   6.357829e-09   2.134197e-14   120
  3.649965e-01   2.523527e-13   2.624511e-04   1.776560e-14   216
  3.657587e-01   2.612465e-13   6.357829e-09   2.090907e-14   120
  3.671201e-01   3.242691e-13   2.584500e-04   1.666257e-14   408
  3.683844e-01   1.737896e-13   5.619580e-09   2.275890e-14   24
  3.691684e-01   2.634133e-13   2.610810e-04   1.770808e-14   384
  3.702633e-01   2.147753e-13   2.550855e-04   1.416206e-14   240
  3.712141e-01   2.636097e-13   2.569535e-04   1.887191e-14   168
  3.725471e-01   1.956911e-13   0.000000e+00   1.991490e-14   120
  3.734064e-01   2.753950e-13   2.678605e-04   1.637436e-14   350
  3.748037e-01   2.897585e-13   4.409502e-04   1.791634e-14   384
  3.756388e-01   3.227214e-13   0.000000e+00   3.589034e-14   144
  3.771752e-01   2.326433e-13   5.298191e-09   1.632867e-14   288
  3.779773e-01   2.442211e-13   2.524053e-04   1.483973e-14   336
  3.790686e-01   2.458019e-13   2.297941e-04   1.966453e-14   168
  3.797219e-01   2.769406e-13   1.506181e-08   1.977183e-14   336
  3.810732e-01   2.051564e-13   2.385126e-04   1.226535e-14   288
  3.818848e-01   2.394449e-13   2.247398e-04   1.468087e-14   264
  3.832590e-01   2.305176e-13   0.000000e+00   1.574789e-14   240
  3.837616e-01   2.256532e-13   0.000000e+00   2.015239e-14   96
  3.855656e-01   2.655998e-13   3.056310e-04   1.654815e-14   360
  3.864075e-01   2.410758e-13   2.253025e-04   2.536281e-14   168
  3.874713e-01   2.317202e-13   2.456032e-04   1.161034e-14   456
  3.887523e-01   2.063696e-13   7.064254e-09   1.847358e-14   108
  3.894728e-01   1.763775e-13   2.464311e-04   1.168018e-14   264
  3.903716e-01   2.034513e-13   2.198567e-04   1.563472e-14   264
  3.916025e-01   2.383351e-13   2.074668e-04   1.310981e-14   312
  3.931351e-01   2.416627e-13   1.541705e-04   1.899576e-14   270
  3.937775e-01   2.331873e-13   1.957388e-04   1.988270e-14   240
  3.949323e-01   2.406954e-13   2.421536e-04   1.550604e-14   384
  3.956334e-01   1.823676e-13   7.947286e-09   1.279445e-14   192
  3.969952e-01   2.464922e-13   1.942960e-04   2.037001e-14   240
  3.977852e-01   2.372295e-13   2.397927e-04   1.491146e-14   336
  3.992708e-01   2.194665e-13   2.413972e-04   1.032397e-14   480
  4.004761e-01   2.307875e-13   5.298191e-09   2.669412e-14   72
  4.011493e-01   2.275486e-13   2.353842e-04   1.993069e-14   240
  4.020650e-01   1.834837e-13   2.212289e-04   1.043806e-14   312
  4.031147e-01   1.645933e-13   2.390954e-04   1.095220e-14   240
  4.047009e-01   2.034619e-13   1.816506e-04   1.136264e-14   408
  4.053288e-01   1.870240e-13   1.663482e-04   1.133431e-14   336
  4.065560e-01   1.963930e-13   2.112212e-04   1.563969e-14   264
  4.071591e-01   1.773014e-13   0.000000e+00   1.499576e-14   144
  4.088370e-01   1.899479e-13   2.927651e-04   1.112571e-14   464
  4.097211e-01   1.449284e-13   2.328083e-04   1.083642e-14   168
  4.105939e-01   2.005716e-13   2.120376e-04   1.296057e-14   336
  4.121713e-01   1.885831e-13   2.227870e-04   1.206260e-14   414
  4.130606e-01   2.587214e-13   2.319080e-04   2.174270e-14   216
  4.141998e-01   2.983444e-13   5.619580e-09   3.271265e-14   96
  4.146649e-01   1.808801e-13   1.376510e-08   1.173251e-14   384
  4.162944e-01   1.948423e-13   2.314600e-04   1.020119e-14   492
  4.171676e-01   1.811638e-13   2.263480e-04   1.188435e-14   240
  4.181546e-01   1.597222e-13   2.298225e-04   9.463488e-15   312
  4.195176e-01   1.301951e-13   2.297469e-04   9.801750e-15   192
  4.203810e-01   1.816061e-13   2.226525e-04   9.798536e-15   504
  4.215265e-01   1.792604e-13   1.473998e-04   1.253598e-14   408
  4.224284e-01   1.721404e-13   4.515774e-04   1.457320e-14   168
  4.235571e-01   1.908300e-13   2.145032e-04   1.325080e-14   288
  4.245041e-01   1.552166e-13   2.238525e-04   1.111274e-14   288
  4.254743e-01   1.446819e-13   2.251410e-04   7.994909e-15   432
  4.268815e-01   1.773947e-13   2.129084e-04   1.240955e-14   216
  4.276334e-01   1.543695e-13   2.124592e-04   9.379643e-15   360
  4.289721e-01   1.752095e-13   2.073582e-04   1.140290e-14   312
  4.301803e-01   2.250866e-13   0.000000e+00   3.619856e-14   48
  4.308767e-01   1.529641e-13   2.223178e-04   8.527704e-15   432
  4.321240e-01   1.401445e-13   3.708284e-04   7.995785e-15   414
  4.328606e-01   1.556381e-13   8.470833e-09   1.102538e-14   312
  4.342347e-01   1.673071e-13   3.253813e-04   1.025472e-14   528
  4.351620e-01   1.787547e-13   1.707976e-04   1.624700e-14   264
  4.362761e-01   1.614327e-13   2.025191e-04   1.037008e-14   480
  4.377318e-01   1.546998e-13   0.000000e+00   1.003596e-14   288
  4.383604e-01   1.584107e-13   2.176005e-04   1.498207e-14   168
  4.395105e-01   1.682791e-13   3.444610e-04   8.770014e-15   504
  4.408036e-01   2.251023e-13   5.298191e-09   2.088215e-14   144
  4.416171e-01   1.273974e-13   2.212265e-04   6.510620e-15   464
  4.428396e-01   1.220488e-13   3.246624e-04   6.862560e-15   432
  4.434197e-01   1.638854e-13   5.619580e-09   1.305368e-14   192
  4.449189e-01   1.256728e-13   2.406833e-04   6.680498e-15   396
  4.458042e-01   1.285505e-13   2.162000e-04   8.514203e-15   288
  4.466990e-01   1.277613e-13   2.135686e-04   8.336527e-15   336
  4.481283e-01   1.262564e-13   1.352359e-04   7.186264e-15   432
  4.490354e-01   1.416465e-13   3.505126e-04   8.923480e-15   360
  4.500539e-01   1.310471e-13   2.073334e-04   6.598204e-15   384
  4.515004e-01   1.146794e-13   1.830116e-04   9.138525e-15   198
  4.521974e-01   1.348139e-13   2.080246e-04   7.361518e-15   552
  4.534970e-01   1.427954e-13   2.912202e-04   1.176626e-14   432
  4.545821e-01   1.426536e-13   1.112388e-08   1.228836e-14   168
  4.554927e-01   1.552499e-13   3.610065e-04   9.612856e-15   480
  4.566974e-01   9.565138e-14   0.000000e+00   9.486975e-15   120
  4.572396e-01   1.340901e-13   2.948545e-04   1.008693e-14   336
  4.585628e-01   1.277632e-13   2.080152e-04   6.324776e-15   672
  4.598711e-01   1.431510e-13   3.025866e-04   7.306904e-15   528
  4.604805e-01   9.344739e-14   9.082613e-09   6.608706e-15   168
  4.618883e-01   1.318769e-13   3.375333e-04   7.442279e-15   456
  4.627474e-01   1.664050e-13   2.061344e-04   2.299636e-14   168
  4.636392e-01   1.291660e-13   2.057643e-04   7.805508e-15   504
  4.651216e-01   1.000690e-13   2.647872e-04   7.680628e-15   336
  4.660180e-01   1.397817e-13   1.908802e-04   9.273145e-15   312
  4.670124e-01   1.265271e-13   1.865029e-04   7.821428e-15   504
  4.683210e-01   1.101026e-13   1.294009e-04   5.403044e-15   432
  4.689362e-01   9.465299e-14   1.999672e-04   5.323329e-15   312
  4.702151e-01   1.029644e-13   2.049761e-04   5.722591e-15   384
  4.715504e-01   1.431369e-13   1.741510e-04   1.982649e-14   126
  4.723748e-01   1.182069e-13   3.057676e-04   6.898383e-15   492
  4.734278e-01   1.303475e-13   1.958445e-04   7.841679e-15   528
  4.747438e-01   1.105030e-13   1.989360e-04   6.830740e-15   480
  4.755596e-01   1.361429e-13   2.748289e-04   8.988246e-15   432
  4.767402e-01   1.258599e-13   2.161166e-04   8.147886e-15   440
  4.781114e-01   1.271564e-13   1.074739e-04   8.698838e-15   312
  4.786259e-01   1.106904e-13   1.610586e-04   9.353109e-15   480
  4.796813e-01   1.133282e-13   3.153497e-04   8.207684e-15   408
  4.812233e-01   1.297017e-13   1.888588e-04   8.558443e-15   360
  4.818747e-01   1.056513e-13   1.822418e-04   7.034333e-15   408
  4.830820e-01   8.690870e-14   1.854542e-04   5.353191e-15   456
  4.844414e-01   1.124811e-13   1.772485e-04   7.282332e-15   264
  4.851959e-01   1.079406e-13   1.923591e-04   7.702911e-15   384
  4.862943e-01   1.012986e-13   3.238501e-04   5.339130e-15   672
  4.875640e-01   1.227243e-13   1.937042e-04   1.195778e-14   240
  4.882967e-01   9.220723e-14   1.965613e-04   5.573069e-15   264
  4.893308e-01   6.923184e-14   2.424259e-04   3.555266e-15   624
  4.908739e-01   8.483497e-14   0.000000e+00   9.733394e-15   150
  4.914232e-01   1.252816e-13   2.716574e-04   7.373237e-15   600
  4.925819e-01   9.863362e-14   1.874909e-04   5.316744e-15   672
  4.938939e-01   9.395132e-14   1.763484e-04   8.350530e-15   336
  4.946248e-01   1.277085e-13   1.918157e-04   9.090854e-15   408
  4.957926e-01   1.054824e-13   1.913639e-04   8.560341e-15   408
  4.970915e-01   9.483716e-14   9.676385e-05   6.106315e-15   360
  4.978921e-01   1.099003e-13   3.552857e-04   7.642795e-15   456
  4.988592e-01   9.477844e-14   1.932065e-04   6.721937e-15   384
  5.000902e-01   7.978389e-14   1.783541e-04   4.441290e-15   348
  5.007554e-01   1.087407e-13   2.198754e-04   6.530233e-15   576
  5.020050e-01   8.577231e-14   1.810385e-04   4.684252e-15   504
  5.032833e-01   8.956784e-14   2.553443e-04   5.789753e-15   432
  5.043991e-01   8.066722e-14   3.473946e-04   3.836132e-15   576
  5.051948e-01   8.152382e-14   0.000000e+00   7.246966e-15   264
  5.064571e-01   8.583669e-14   2.764393e-04   3.966592e-15   768
  5.075549e-01   6.628261e-14   3.721752e-04   4.679012e-15   240
  5.084277e-01   7.891872e-14   3.282233e-04   8.854018e-15   192
  5.096990e-01   7.284703e-14   2.416124e-04   3.590736e-15   504
  5.106418e-01   9.224960e-14   3.255818e-04   7.035980e-15   590
  5.115460e-01   9.528443e-14   3.647966e-04   7.513090e-15   384
  5.126798e-01   8.403696e-14   3.048625e-04   5.561443e-15   504
  5.140486e-01   1.046523e-13   2.933830e-04   6.113153e-15   648
  5.153764e-01   7.817507e-14   7.967896e-05   5.346930e-15   504
  5.159117e-01   7.980771e-14   1.817627e-04   5.300554e-15   312
  5.168569e-01   9.000305e-14   2.618753e-04   5.255638e-15   576
  5.181545e-01   9.851417e-14   1.822405e-04   9.981316e-15   240
  5.189109e-01   7.075839e-14   1.841453e-04   3.900264e-15   552
  5.199816e-01   9.708568e-14   1.729082e-04   6.790624e-15   600
  5.215067e-01   8.026188e-14   2.111937e-04   4.751685e-15   600
  5.224237e-01   7.628003e-14   3.382099e-04   5.389167e-15   312
  5.233368e-01   9.035057e-14   2.945474e-04   5.570749e-15   480
  5.244775e-01   7.597032e-14   1.837693e-04   5.146900e-15   576
  5.254818e-01   9.897543e-14   2.959085e-04   7.952960e-15   408
  5.263729e-01   4.265800e-14   3.451909e-04   2.771269e-15   216
  5.275243e-01   6.756908e-14   2.643774e-04   4.127207e-15   516
  5.287578e-01   7.570400e-14   2.522429e-04   3.757346e-15   744
  5.300304e-01   7.907815e-14   1.684760e-04   4.890289e-15   462
  5.307494e-01   7.746549e-14   1.712315e-04   6.489732e-15   432
  5.318647e-01   9.014237e-14   1.588547e-04   5.007828e-15   648
  5.331761e-01   8.355951e-14   2.324340e-04   6.181928e-15   528
  5.342295e-01   7.309661e-14   2.799086e-04   4.155556e-15   600
  5.352820e-01   1.177035e-13   3.528915e-04   1.536074e-14   240
  5.363014e-01   7.050890e-14   2.703115e-04   4.147844e-15   720
  5.374863e-01   7.554599e-14   2.138653e-04   3.973393e-15   720
  5.387997e-01   3.464905e-14   0.000000e+00   2.748630e-15   144
  5.394909e-01   7.562511e-14   2.757364e-04   3.982238e-15   720
  5.404742e-01   8.273147e-14   1.653370e-04   5.394319e-15   384
  5.417051e-01   6.455630e-14   1.832848e-04   3.351119e-15   672
  5.428730e-01   8.788030e-14   3.209115e-04   7.657185e-15   336
  5.434308e-01   8.357378e-14   0.000000e+00   7.868603e-15   288
  5.447967e-01   6.052426e-14   2.539800e-04   3.067375e-15   776
  5.460612e-01   6.048502e-14   2.173184e-04   2.854988e-15   720
  5.471231e-01   5.463460e-14   1.750659e-04   3.488548e-15   432
  5.479725e-01   7.708982e-14   2.495786e-04   6.855335e-15   504
  5.489174e-01   5.949328e-14   1.748652e-04   3.799688e-15   528
  5.502396e-01   6.817051e-14   2.382437e-04   5.341339e-15   438
  5.513273e-01   7.450070e-14   2.772938e-04   5.493196e-15   624
  5.521470e-01   7.719966e-14   3.396475e-04   6.586895e-15   312
  5.532738e-01   8.457131e-14   1.829935e-04   4.379360e-15   696
  5.544390e-01   7.031283e-14   1.655760e-04   5.003278e-15   552
  5.556509e-01   6.362665e-14   1.281006e-04   4.287010e-15   516
  5.564006e-01   7.984581e-14   2.558713e-04   5.820621e-15   528
  5.573133e-01   4.040909e-14   1.664001e-04   2.172172e-15   528
  5.586097e-01   6.807924e-14   2.194479e-04   4.064409e-15   864
  5.594897e-01   6.480194e-14   3.005985e-04   5.004293e-15   408
  5.603706e-01   8.486113e-14   2.978186e-04   6.353902e-15   192
  5.616191e-01   5.493554e-14   2.464592e-04   3.186467e-15   720
  5.626731e-01   5.218781e-14   2.272475e-04   2.929306e-15   696
  5.639255e-01   5.896730e-14   2.454294e-04   3.032190e-15   720
  5.650713e-01   5.727081e-14   3.326501e-04   3.722132e-15   432
  5.657395e-01   4.422713e-14   1.958109e-04   3.552294e-15   264
  5.669418e-01   5.562835e-14   2.704061e-04   2.892766e-15   672
  5.680171e-01   6.091410e-14   2.768544e-04   3.556816e-15   600
  5.692933e-01   3.802694e-14   1.620980e-04   3.429440e-15   270
  5.699366e-01   6.167839e-14   2.440026e-04   4.961072e-15   528
  5.709591e-01   6.808525e-14   1.670843e-04   3.489157e-15   840
  5.723613e-01   7.307151e-14   3.194952e-04   4.042643e-15   888
  5.736568e-01   5.213185e-14   2.380474e-04   2.931552e-15   744
  5.747517e-01   6.509958e-14   1.223216e-04   4.294965e-15   456
  5.752963e-01   8.630062e-14   1.671601e-04   5.585552e-15   360
  5.762282e-01   5.237403e-14   1.448348e-04   5.149674e-15   384
  5.776580e-01   5.620048e-14   2.323137e-04   2.761367e-15   816
  5.787308e-01   5.839531e-14   3.370546e-04   2.962388e-15   824
  5.800348e-01   5.204268e-14   1.566791e-04   4.780060e-15   360
  5.807331e-01   6.472860e-14   2.311994e-04   3.420058e-15   624
  5.816941e-01   6.024612e-14   1.562320e-04   4.722049e-15   360
  5.829744e-01   5.206361e-14   2.125215e-04   2.866995e-15   876
  5.841306e-01   4.825492e-14   2.524119e-04   2.886303e-15   696
  5.852967e-01   4.437268e-14   1.629911e-04   3.353499e-15   336
  5.859080e-01   6.417075e-14   1.628079e-04   5.394096e-15   504
  5.869176e-01   5.018284e-14   1.642187e-04   3.670783e-15   672
  5.884155e-01   4.131500e-14   3.269213e-04   2.179538e-15   720
  5.894543e-01   5.374210e-14   2.469541e-04   3.452269e-15   774
  5.906010e-01   8.389547e-14   1.413501e-04   8.448454e-15   384
  5.912015e-01   7.022037e-14   2.720183e-04   5.387064e-15   528
  5.921335e-01   5.814391e-14   2.592486e-04   3.371127e-15   744
  5.936327e-01   6.680275e-14   2.138251e-04   3.912518e-15   768
  5.946281e-01   5.931535e-14   2.400348e-04   5.033571e-15   552
  5.958700e-01   4.714184e-14   2.616108e-04   2.764739e-15   696
  5.967938e-01   6.868156e-14   3.179026e-04   5.476891e-15   408
  5.975272e-01   5.997809e-14   1.373364e-04   4.068873e-15   504
  5.986899e-01   4.916274e-14   2.467198e-04   2.823838e-15   888
  5.998339e-01   4.524749e-14   2.564132e-04   3.245409e-15   648
  6.010230e-01   4.500704e-14   2.542153e-04   2.742910e-15   648
  6.021418e-01   4.686315e-14   2.741064e-04   2.790702e-15   792
  6.033268e-01   4.126288e-14   4.010364e-04   2.634877e-15   600
  6.042000e-01   3.340131e-14   2.717856e-04   2.030554e-15   456
  6.051191e-01   4.779195e-14   1.324567e-04   2.944907e-15   648
  6.062996e-01   4.026294e-14   2.583099e-04   2.019060e-15   936
  6.075741e-01   5.563020e-14   1.586356e-04   3.583873e-15   384
  6.086836e-01   1.590820e-16   0.000000e+00   1.203334e-17   198
  6.095398e-01   1.617833e-16   4.024720e-04   5.186630e-18   1224
  6.104634e-01   1.523239e-16   2.931235e-04   7.991048e-18   420
  6.115558e-01   1.501511e-16   2.836822e-04   6.056504e-18   792
  6.126238e-01   1.547707e-16   2.345810e-04   6.105669e-18   680
  6.138428e-01   1.569001e-16   2.154033e-04   7.249563e-18   600
  6.148235e-01   1.538318e-16   3.123938e-04   5.338677e-18   840
  6.161330e-01   1.758481e-16   1.474979e-04   9.038092e-18   432
  6.166334e-01   1.498627e-16   1.382250e-04   5.996076e-18   720
  6.177213e-01   1.558613e-16   2.768404e-04   5.242767e-18   960
  6.190745e-01   1.628002e-16   2.467829e-04   8.136124e-18   528
  6.200634e-01   1.402035e-16   2.522592e-04   5.600882e-18   624
  6.212404e-01   1.537361e-16   1.982740e-04   5.726988e-18   816
  6.224086e-01   1.291687e-16   3.260658e-04   4.872321e-18   696
  6.236996e-01   1.564571e-16   1.798266e-08   1.030378e-17   240
  6.241851e-01   1.571018e-16   1.922888e-04   6.203228e-18   672
  6.252686e-01   1.342957e-16   3.436476e-04   4.588057e-18   864
  6.264840e-01   1.444313e-16   2.636938e-04   5.302878e-18   816
  6.275795e-01   1.367902e-16   1.509292e-04   5.679754e-18   648
  6.287594e-01   1.431602e-16   1.542771e-04   4.745873e-18   843
  6.297611e-01   1.284399e-16   2.775825e-04   5.231287e-18   780
  6.309548e-01   1.338481e-16   1.489456e-04   8.547216e-18   216
  6.316911e-01   1.284269e-16   3.591661e-04   3.881673e-18   1056
  6.328235e-01   1.586311e-16   2.938382e-04   9.694259e-18   228
  6.338720e-01   1.323479e-16   3.658358e-04   4.507276e-18   924
  6.349484e-01   1.303133e-16   1.357046e-04   4.574624e-18   696
  6.360882e-01   1.191028e-16   2.415153e-04   3.937661e-18   996
  6.372543e-01   1.276955e-16   1.425858e-04   5.366465e-18   576
  6.384675e-01   1.287122e-16   2.200718e-04   5.914976e-18   552
  6.393519e-01   1.365719e-16   2.627580e-04   6.271448e-18   516
  6.402494e-01   1.264562e-16   3.821047e-04   4.348987e-18   744
  6.412749e-01   1.371599e-16   1.874451e-04   6.509024e-18   576
  6.421669e-01   1.123881e-16   1.929285e-04   3.757053e-18   792
  6.434346e-01   1.199932e-16   2.205530e-04   4.277338e-18   792
  6.443636e-01   1.217295e-16   2.378641e-04   4.508368e-18   720
  6.456200e-01   1.097998e-16   2.711104e-04   3.977637e-18   656
  6.467974e-01   1.146277e-16   2.960385e-04   4.055768e-18   816
  6.480043e-01   1.121128e-16   1.596190e-04   4.958100e-18   492
  6.486903e-01   1.201050e-16   2.296231e-04   4.845058e-18   552
  6.499778e-01   1.085584e-16   3.992867e-04   4.765516e-18   780
  6.508139e-01   1.123519e-16   2.452771e-04   5.259053e-18   528
  6.517148e-01   1.089689e-16   2.863130e-04   4.372336e-18   600
  6.530425e-01   1.153753e-16   2.379487e-04   3.552496e-18   900
  6.539577e-01   1.117212e-16   1.317325e-04   4.490145e-18   696
  6.552168e-01   1.109267e-16   3.330907e-04   4.058120e-18   696
  6.564349e-01   1.135732e-16   1.351317e-04   4.722634e-18   552
  6.574592e-01   8.830349e-17   1.571457e-04   3.434098e-18   708
  6.585322e-01   1.077891e-16   2.594565e-04   4.085112e-18   876
  6.596487e-01   1.068178e-16   1.377663e-04   8.479689e-18   216
  6.603980e-01   9.972395e-17   3.768094e-04   3.117928e-18   1032
  6.615201e-01   1.014766e-16   4.195357e-04   4.268169e-18   600
  6.626848e-01   9.777673e-17   2.001869e-04   3.725445e-18   600
  6.635732e-01   9.945155e-17   3.535112e-04   4.905565e-18   528
  6.646233e-01   9.810049e-17   1.940622e-04   3.490979e-18   732
  6.657296e-01   8.830725e-17   1.432973e-04   4.313595e-18   336
  6.670031e-01   9.587834e-17   2.042271e-04   3.178377e-18   912
  6.679548e-01   8.729066e-17   2.049821e-04   3.470865e-18   624
  6.689946e-01   9.349294e-17   1.727341e-04   3.566757e-18   768
  6.702082e-01   1.042539e-16   3.116463e-04   4.056018e-18   792
  6.713995e-01   8.918409e-17   1.545014e-04   3.902784e-18   660
  6.722471e-01   8.572107e-17   2.276826e-04   4.186920e-18   504
  6.731238e-01   9.338590e-17   3.719898e-04   4.639468e-18   480
  6.744376e-01   7.084465e-17   3.440421e-04   2.475167e-18   912
  6.754664e-01   1.011003e-16   3.831443e-04   5.677628e-18   432
  6.764380e-01   8.290381e-17   2.275021e-04   3.864460e-18   564
  6.773006e-01   8.883178e-17   2.177508e-04   3.819016e-18   600
  6.785149e-01   9.094054e-17   3.035240e-04   3.301818e-18   876
  6.794272e-01   9.130522e-17   1.364735e-04   5.368748e-18   264
  6.806846e-01   9.097502e-17   2.648123e-04   3.983423e-18   560
  6.816953e-01   7.983327e-17   1.799457e-04   2.664516e-18   840
  6.829222e-01   7.978924e-17   2.774244e-04   2.871237e-18   1008
  6.840568e-01   8.736914e-17   1.241010e-04   4.129603e-18   456
  6.850930e-01   9.270929e-17   1.607553e-04   3.903062e-18   576
  6.860509e-01   8.611152e-17   2.470177e-04   3.661314e-18   612
  6.873140e-01   7.977078e-17   2.206269e-04   3.123145e-18   780
  6.883444e-01   8.234988e-17   2.528284e-04   3.395576e-18   648
  6.893992e-01   9.298035e-17   1.178213e-04   6.343690e-18   312
  6.900734e-01   7.587896e-17   2.993645e-04   3.390222e-18   528
  6.912414e-01   7.239706e-17   3.909551e-04   3.005378e-18   720
  6.923583e-01   7.502868e-17   3.921794e-04   3.794934e-18   576
  6.937124e-01   7.450501e-17   3.383053e-04   3.423205e-18   444
  6.945549e-01   7.898833e-17   3.317685e-04   2.622431e-18   996
  6.955874e-01   6.740545e-17   2.771265e-04   3.681834e-18   432
  6.965633e-01   7.908640e-17   3.033990e-04   3.936835e-18   504
  6.974062e-01   7.662824e-17   1.367883e-04   3.563072e-18   504
  6.986065e-01   8.291672e-17   2.692009e-04   3.390909e-18   876
  6.996926e-01   7.050512e-17   3.098246e-04   3.373338e-18   504
  7.008236e-01   6.376576e-17   1.975899e-04   2.676471e-18   696
  7.017583e-01   8.081742e-17   1.689187e-04   3.916931e-18   492
  7.030300e-01   6.518493e-17   2.418152e-04   3.355607e-18   432
  7.039719e-01   7.345733e-17   2.264335e-04   2.757347e-18   768
  7.050885e-01   6.575637e-17   2.820533e-04   3.262097e-18   648
  7.061547e-01   6.044256e-17   1.840095e-04   2.972111e-18   456
  7.073798e-01   6.285011e-17   2.530430e-04   2.817337e-18   552
  7.082306e-01   6.471618e-17   1.734358e-04   3.219779e-18   648
  7.094016e-01   6.100492e-17   2.826907e-04   2.147189e-18   840
  7.105454e-01   7.361884e-17   1.348092e-04   3.842922e-18   432
  7.116906e-01   6.088014e-17   1.651183e-04   2.792673e-18   600
  7.124870e-01   7.021732e-17   1.759227e-04   4.001886e-18   432
  7.138248e-01   6.415443e-17   1.751482e-04   3.016341e-18   560
  7.147308e-01   6.119893e-17   2.772412e-04   2.447829e-18   840
  7.158652e-01   7.020135e-17   1.642140e-04   3.547755e-18   504
  7.167662e-01   5.714628e-17   3.351509e-04   2.518568e-18   696
  7.180362e-01   6.872692e-17   1.830475e-04   3.763659e-18   384
  7.190254e-01   5.378818e-17   2.681431e-04   2.543247e-18   576
  7.202219e-01   5.622019e-17   1.654845e-04   3.673995e-18   360
  7.211864e-01   5.693759e-17   2.464465e-04   2.507256e-18   828
  7.222268e-01   5.511794e-17   2.195064e-04   2.826595e-18   372
  7.231800e-01   5.922276e-17   3.352284e-04   2.761201e-18   576
  7.244428e-01   6.085233e-17   1.403933e-04   2.628307e-18   636
  7.253425e-01   5.480455e-17   2.706420e-04   2.414079e-18   648
  7.265596e-01   5.755853e-17   2.200024e-04   2.743251e-18   576
  7.274333e-01   5.420255e-17   3.548870e-04   2.729267e-18   528
  7.285953e-01   5.282966e-17   1.517289e-04   3.152890e-18   360
  7.295571e-01   4.803061e-17   3.490332e-04   1.956722e-18   672
  7.308130e-01   5.344006e-17   1.787806e-04   2.210932e-18   804
  7.318582e-01   5.870627e-17   1.972163e-04   3.161866e-18   408
  7.330145e-01   4.922387e-17   1.219011e-04   2.508554e-18   384
  7.337931e-01   4.514366e-17   2.789567e-04   2.581210e-18   480
  7.348913e-01   5.029363e-17   1.802469e-04   2.598760e-18   432
  7.359446e-01   5.947453e-17   3.321566e-04   2.518170e-18   648
  7.371913e-01   5.275770e-17   2.061016e-04   2.554574e-18   624
  7.381033e-01   5.227381e-17   1.874668e-04   3.008304e-18   456
  7.393486e-01   4.624205e-17   2.560963e-04   2.682414e-18   588
  7.401831e-01   4.398858e-17   1.633884e-04   2.082389e-18   600
  7.414016e-01   4.510877e-17   2.548458e-04   1.771575e-18   708
  7.423640e-01   4.323209e-17   1.605479e-04   2.442094e-18   360
  7.434275e-01   4.974878e-17   1.845541e-04   2.554974e-18   552
  7.444470e-01   4.498234e-17   1.294691e-04   3.553530e-18   288
  7.454820e-01   4.045751e-17   2.434372e-04   1.879879e-18   528
  7.464545e-01   4.338369e-17   1.642340e-04   2.051316e-18   456
  7.475410e-01   4.701046e-17   2.912225e-04   2.248686e-18   608
  7.486338e-01   3.842811e-17   1.408967e-04   1.805391e-18   504
  7.498278e-01   3.527987e-17   3.024972e-04   1.877594e-18   540
  7.507642e-01   5.019367e-17   3.247222e-04   3.159431e-18   360
  7.517735e-01   5.110507e-17   1.470509e-04   2.370858e-18   540
  7.526661e-01   4.311728e-17   1.262606e-04   2.127082e-18   576
  7.539642e-01   4.132938e-17   2.927555e-04   1.856400e-18   588
  7.551985e-01   4.282425e-17   4.039143e-04   2.021504e-18   672
  7.562588e-01   4.690166e-17   3.087151e-04   2.275968e-18   552
  7.571135e-01   3.053050e-17   3.088712e-04   2.547748e-18   144
  7.582042e-01   4.343152e-17   2.624178e-04   2.048743e-18   600
  7.592383e-01   3.569827e-17   3.288668e-04   1.937714e-18   504
  7.603860e-01   4.017570e-17   3.378126e-04   2.950351e-18   336
  7.615932e-01   3.868226e-17   3.797028e-04   1.703012e-18   600
  7.626744e-01   3.623449e-17   2.450478e-04   1.799853e-18   636
  7.638413e-01   4.164942e-17   1.970206e-04   3.209768e-18   384
  7.646595e-01   4.102114e-17   2.748205e-04   2.556852e-18   504
  7.658387e-01   3.703106e-17   1.153383e-04   2.577649e-18   240
  7.667694e-01   3.937876e-17   2.709461e-04   1.559408e-18   744
  7.678860e-01   3.402332e-17   1.850150e-04   1.628903e-18   648
  7.688783e-01   5.965944e-17   1.228185e-04   5.070247e-18   120
  7.700414e-01   3.277089e-17   1.929319e-04   1.444157e-18   564
  7.709202e-01   4.294148e-17   3.030111e-04   2.337176e-18   432
  7.720932e-01   3.232413e-17   2.351965e-04   2.158771e-18   480
  7.729764e-01   2.661986e-17   1.731106e-04   1.576309e-18   456
  7.740189e-01   3.458921e-17   2.864725e-04   2.027421e-18   444
  7.752020e-01   3.215933e-17   4.383180e-04   1.758622e-18   528
  7.762412e-01   3.698376e-17   3.255297e-04   3.169217e-18   264
  7.772498e-01   3.179428e-17   3.336195e-04   1.761253e-18   444
  7.786065e-01   3.413437e-17   3.654311e-04   1.503262e-18   696
  7.797327e-01   3.536926e-17   1.954448e-04   2.126420e-18   384
  7.805563e-01   3.276191e-17   2.469609e-04   1.767971e-18   432
  7.818373e-01   4.173045e-17   1.706384e-04   2.648102e-18   488
  7.826690e-01   3.745907e-17   2.571733e-04   1.794887e-18   480
  7.838749e-01   3.120216e-17   2.868014e-04   1.932251e-18   480
  7.848089e-01   2.778209e-17   1.203331e-04   1.739441e-18   240
  7.858692e-01   3.318797e-17   2.810886e-04   1.675512e-18   600
  7.868694e-01   2.736309e-17   2.449399e-04   1.847949e-18   288
  7.879343e-01   3.179160e-17   2.356143e-04   1.880324e-18   480
  7.890129e-01   2.528444e-17   4.191157e-04   1.480688e-18   504
  7.900748e-01   3.604380e-17   1.798267e-04   2.468806e-18   216
  7.914291e-01   3.246231e-17   2.944050e-04   2.001434e-18   504
  7.924838e-01   2.715335e-17   2.367912e-04   1.623269e-18   456
  7.936384e-01   4.019630e-17   1.358038e-04   2.554050e-18   384
  7.944031e-01   3.875827e-17   2.756326e-04   2.318729e-18   480
  7.954897e-01   2.522695e-17   2.420363e-04   1.567505e-18   504
  7.964966e-01   3.130655e-17   1.535327e-04   2.112555e-18   312
  7.975815e-01   3.033416e-17   2.474127e-04   1.844131e-18   492
  7.985417e-01   3.317213e-17   2.318919e-04   2.060160e-18   312
  7.997779e-01   2.567569e-17   3.766899e-04   1.197917e-18   576
  8.008661e-01   3.413549e-17   3.477153e-04   2.711014e-18   336
  8.017699e-01   1.916510e-17   2.677247e-04   1.437971e-18   240
  8.030228e-01   2.724534e-17   3.549351e-04   1.559241e-18   468
  8.041047e-01   2.598486e-17   2.222407e-04   2.593486e-18   192
  8.052370e-01   2.151867e-17   2.229031e-04   1.546703e-18   324
  8.060669e-01   2.589394e-17   1.617794e-04   1.417477e-18   600
  8.071978e-01   2.645571e-17   2.624704e-04   1.506697e-18   456
  8.080377e-01   2.885729e-17   1.180592e-04   2.036856e-18   336
  8.094297e-01   2.799721e-17   3.535027e-04   1.542191e-18   612
  8.104424e-01   1.873291e-17   2.966749e-04   2.983524e-18   144
  8.114002e-01   2.893752e-17   3.462957e-04   1.618802e-18   552
  8.127025e-01   1.657063e-17   1.363755e-04   9.990937e-19   264
  8.134384e-01   2.325295e-17   3.157441e-04   1.756353e-18   336
  8.145992e-01   2.070276e-17   2.086329e-04   1.200410e-18   384
  8.156059e-01   2.208074e-17   1.174397e-04   1.973338e-18   216
  8.167203e-01   1.811843e-17   2.489964e-04   1.252527e-18   344
  8.177364e-01   1.755676e-17   3.715143e-04   1.121250e-18   408
  8.189746e-01   2.204267e-17   2.854845e-04   2.102216e-18   264
  8.200718e-01   2.189364e-17   3.979796e-04   1.193358e-18   612
  8.211681e-01   2.772560e-17   2.048307e-04   1.832818e-18   408
  8.222956e-01   2.092059e-17   2.051251e-04   1.621631e-18   444
  8.231239e-01   3.820954e-17   1.147249e-04   3.373347e-18   120
  8.242338e-01   2.431312e-17   3.169640e-04   1.886123e-18   336
  8.250576e-01   1.928225e-17   1.101437e-04   1.444309e-18   288
  8.261708e-01   2.050968e-17   3.427692e-04   1.120896e-18   552
  8.277012e-01   2.534656e-17   0.000000e+00   3.538507e-18   72
  8.284882e-01   1.989113e-17   3.404572e-04   1.152294e-18   504
  8.294074e-01   1.155486e-17   1.095558e-04   1.079557e-18   216
  8.305983e-01   1.695876e-17   1.956043e-04   1.282396e-18   312
  8.316675e-01   1.346987e-17   2.227263e-04   9.263749e-19   336
  8.326865e-01   1.528332e-17   3.087236e-04   1.308582e-18   204
  8.337014e-01   2.922173e-17   3.587838e-04   2.074454e-18   504
  8.347777e-01   2.606963e-17   3.416652e-04   1.671694e-18   396
  8.358127e-01   1.922492e-17   3.133249e-04   1.498029e-18   312
  8.370674e-01   2.924958e-17   1.914750e-04   2.717003e-18   216
  8.379516e-01   1.827849e-17   1.039172e-04   1.947120e-18   168
  8.390260e-01   1.885101e-17   2.623966e-04   1.117675e-18   588
  8.402521e-01   1.328599e-17   3.561727e-04   1.317022e-18   240
  8.412047e-01   1.360864e-17   3.145601e-04   1.302807e-18   264
  8.423219e-01   1.705838e-17   3.890183e-04   1.516975e-18   288
  8.433131e-01   1.856028e-17   1.942596e-04   1.618001e-18   288
  8.445693e-01   1.341736e-17   1.824406e-04   1.114599e-18   288
  8.454153e-01   1.518531e-17   2.113423e-04   1.232552e-18   192
  8.464795e-01   1.105035e-17   2.248894e-04   9.464927e-19   264
  8.474933e-01   2.789779e-17   3.699119e-04   1.992749e-18   372
  8.485844e-01   2.771150e-17   3.995208e-04   2.593886e-18   360
  8.499161e-01   2.440174e-17   1.690810e-04   3.375335e-18   144
  8.506044e-01   1.342554e-17   2.348461e-04   1.383036e-18   296
  8.516909e-01   1.528992e-17   2.530345e-04   1.473843e-18   288
  8.529347e-01   1.618808e-17   3.781537e-04   1.084914e-18   480
  8.540076e-01   1.465924e-17   3.142096e-04   2.583509e-18   192
  8.550509e-01   1.895082e-17   3.370327e-04   1.693598e-18   192
  8.559992e-01   1.297345e-17   2.147949e-04   1.158524e-18   288
  8.573180e-01   6.547231e-18   1.869760e-04   8.067067e-19   108
  8.579823e-01   1.385824e-17   1.797545e-04   1.348543e-18   240
  8.591554e-01   1.075888e-17   3.353363e-04   1.000437e-18   384
  8.603605e-01   1.604139e-17   4.090722e-04   1.744280e-18   108
  8.614261e-01   2.038676e-17   2.398466e-04   1.544537e-18   348
  8.625466e-01   1.254640e-17   2.503134e-04   1.569928e-18   312
  8.635474e-01   1.368763e-17   2.432319e-04   3.028170e-18   96
  8.644677e-01   1.363485e-17   3.238194e-04   1.105557e-18   384
  8.654984e-01   1.456878e-17   2.227222e-04   1.346529e-18   144
  8.665066e-01   1.477237e-17   3.422225e-04   1.177800e-18   408
  8.677598e-01   7.522148e-18   1.526554e-04   1.175375e-18   144
  8.689437e-01   1.406170e-17   2.934816e-04   1.651647e-18   192
  8.696459e-01   1.665182e-17   3.303190e-04   1.799025e-18   144
  8.707904e-01   8.842779e-18   2.685615e-04   8.948358e-19   144
  8.718702e-01   1.424859e-17   3.282257e-04   1.386535e-18   336
  8.731927e-01   6.692630e-18   2.428454e-04   5.043641e-19   240
  8.740312e-01   9.944665e-18   1.102739e-04   1.400489e-18   96
  8.752007e-01   1.548176e-17   3.233803e-04   1.362429e-18   372
  8.763838e-01   1.135610e-17   3.846540e-04   1.985330e-18   132
  8.774230e-01   7.508522e-18   2.380193e-04   5.773943e-19   264
  8.783527e-01   1.947578e-17   1.827880e-04   2.493002e-18   168
  8.793449e-01   1.270654e-17   2.922429e-04   1.084264e-18   216
  8.802213e-01   9.278933e-18   1.787978e-04   1.223215e-18   216
  8.814979e-01   4.419871e-18   3.280196e-04   4.717339e-19   96
  8.826561e-01   1.475879e-17   2.140028e-04   1.931614e-18   120
  8.837183e-01   9.055502e-18   2.720578e-04   1.013155e-18   216
  8.845934e-01   7.196718e-18   1.188902e-04   7.557207e-19   200
  8.857519e-01   1.069646e-17   3.077557e-04   1.510884e-18   288
  8.872378e-01   3.183970e-18   8.097649e-05   2.475644e-19   144
  8.878635e-01   1.097166e-17   2.519939e-04   1.908487e-18   168
  8.891412e-01   1.049857e-17   2.835956e-04   1.743123e-18   159
  8.901386e-01   6.615658e-18   2.975600e-04   5.623332e-19   174
  8.911039e-01   5.840461e-18   2.698170e-04   5.595205e-19   144
  8.923678e-01   1.035944e-17   1.557998e-04   1.017770e-18   222
  8.932131e-01   7.085312e-18   1.572158e-04   8.632841e-19   168
  8.946732e-01   1.084437e-17   3.448346e-04   2.716995e-18   30
  8.952763e-01   2.496046e-18   3.044637e-04   3.359401e-19   72
  8.964123e-01   6.957857e-18   2.717302e-04   8.005518e-19   258
  8.976612e-01   5.724640e-18   1.701916e-04   4.939111e-19   264
  8.982857e-01   7.405373e-18   1.835347e-08   1.244595e-18   72
  8.995871e-01   3.754354e-18   3.373270e-04   4.510148e-19   174
  9.007654e-01   7.669147e-18   3.591909e-04   1.129172e-18   168
  9.017127e-01   1.792890e-18   1.123916e-08   2.485481e-19   48
  9.027297e-01   4.003399e-18   2.028435e-04   5.488116e-19   150
  9.039088e-01   9.218098e-18   3.731453e-04   8.517620e-19   168
  9.050911e-01   4.158560e-18   2.273028e-04   4.513721e-19   144
  9.061784e-01   7.504326e-18   2.123525e-04   1.453326e-18   102
  9.069882e-01   2.050335e-18   3.143182e-04   1.789702e-19   96
  9.082731e-01   1.558656e-18   3.119397e-04   1.250870e-19   120
  9.092246e-01   1.547293e-18   3.345635e-04   1.245188e-19   168
  9.102538e-01   7.815451e-18   2.470487e-04   7.783762e-19   126
  9.111308e-01   4.673632e-18   1.863241e-04   6.950329e-19   168
  9.123389e-01   2.388151e-18   2.987709e-04   3.322604e-19   72
  9.133947e-01   2.341022e-18   3.741278e-04   2.031091e-19   168
  9.143196e-01   6.472764e-18   1.025668e-04   1.460002e-18   78
  9.155870e-01   2.199632e-18   1.684070e-04   2.866769e-19   60
  9.166075e-01   8.538170e-18   2.731835e-04   1.608182e-18   96
  9.176659e-01   2.915227e-18   3.314854e-04   2.380695e-19   168
  9.186605e-01   2.565912e-18   2.097511e-04   4.899453e-19   86
  9.197042e-01   1.808111e-18   1.874678e-04   2.346537e-19   120
  9.212002e-01   1.985821e-18   1.336894e-04   1.873034e-19   168
  9.220069e-01   1.123293e-18   0.000000e+00   1.164448e-19   48
  9.230934e-01   4.938040e-18   2.435676e-04   5.575686e-19   120
  9.237177e-01   3.163448e-18   1.776924e-04   4.624238e-19   126
  9.252418e-01   2.623126e-18   3.125113e-04   3.204911e-19   96
  9.262310e-01   2.475373e-18   9.011285e-05   2.418666e-19   96
  9.270111e-01   1.649069e-18   1.059638e-08   1.823656e-19   72
  9.286731e-01   1.994658e-18   1.123916e-08   3.732623e-19   24
  9.297104e-01   2.835962e-18   1.854501e-04   2.689365e-19   120
  9.305196e-01   2.409044e-18   2.705147e-04   3.409075e-19   126
  9.314194e-01   1.604722e-18   2.255107e-04   1.942828e-19   96
  9.324708e-01   9.754836e-19   3.897482e-04   1.078116e-19   72
  9.336415e-01   1.615962e-18   1.685792e-04   1.384606e-19   144
  9.346046e-01   1.537345e-18   9.723254e-05   2.058523e-19   72
  9.355666e-01   2.660152e-18   1.942081e-04   5.692788e-19   54
  9.364132e-01   2.539303e-18   1.711436e-04   2.934956e-19   108
  9.381728e-01   2.806183e-18   1.677650e-04   3.142646e-19   72
  9.387206e-01   1.942485e-18   9.680617e-05   2.079799e-19   72
  9.400202e-01   1.057339e-18   1.946680e-08   1.412724e-19   24
  9.412498e-01   6.087555e-19   2.047976e-04   1.049016e-19   48
  9.419964e-01   1.968380e-18   1.560029e-04   2.739016e-19   102
  9.431203e-01   1.282492e-18   3.528137e-04   1.139446e-19   168
  9.445889e-01   9.430977e-19   1.924163e-04   1.217942e-19   72
  9.451330e-01   1.107354e-18   0.000000e+00   1.612200e-19   48
  9.462744e-01   1.454797e-18   3.309678e-04   1.637955e-19   120
  9.477807e-01   1.314503e-18   2.033864e-04   1.173121e-19   96
  9.492033e-01   3.720316e-18   1.798266e-08   1.309672e-18   30
  9.508942e-01   1.895925e-18   9.555995e-05   2.756132e-19   72
  9.516372e-01   1.073776e-18   1.123916e-08   2.215747e-19   24
  9.525916e-01   5.114391e-19   1.416435e-04   8.008392e-20   56
  9.536606e-01   5.122057e-19   2.021324e-04   4.791665e-20   96
  9.549399e-01   1.049205e-18   2.232036e-04   1.004793e-19   144
  9.559263e-01   1.629812e-18   1.267263e-04   3.601308e-19   54
  9.573592e-01   9.704331e-19   1.898493e-04   1.026789e-19   108
  9.588012e-01   2.635110e-18   1.005243e-04   4.859326e-19   48
  9.601739e-01   1.018984e-18   3.785063e-04   1.119166e-19   72
  9.634680e-01   2.043093e-18   2.500803e-04   2.540675e-19   78
  9.643808e-01   4.988034e-19   1.884669e-04   5.514554e-20   72
  9.654462e-01   5.414968e-19   1.882329e-04   6.449635e-20   72
  9.665603e-01   9.498905e-19   4.542266e-04   8.368907e-20   96
  9.674408e-01   6.285142e-19   1.878449e-04   4.354915e-20   72
  9.685029e-01   9.404586e-19   0.000000e+00   1.591825e-19   24
  9.695638e-01   8.772517e-19   3.748416e-04   9.430089e-20   72
  9.719599e-01   1.106829e-18   2.380359e-04   2.006981e-19   30
  9.724755e-01   1.477098e-18   0.000000e+00   3.152332e-19   24
  9.752466e-01   4.246557e-19   1.976584e-04   5.764459e-20   48
  9.761159e-01   5.952571e-19   4.253608e-04   7.269885e-20   120
  9.772870e-01   4.628707e-19   1.859776e-04   5.527810e-20   72
  9.784697e-01   5.981121e-19   1.857528e-04   9.601781e-20   36
  9.792826e-01   6.186017e-19   3.671339e-04   7.176093e-20   78
  9.815513e-01   7.623985e-19   1.963888e-04   7.940191e-20   48
  9.844928e-01   1.109911e-18   1.589457e-08   1.505084e-19   24
  9.865884e-01   2.316896e-19   1.367612e-04   3.224021e-20   56
  9.876436e-01   2.774798e-19   2.104496e-04   2.461474e-20   102
  9.889860e-01   4.293766e-19   1.498555e-08   4.934606e-20   72
  9.897653e-01   4.798482e-19   1.123916e-08   7.113948e-20   24
  9.911277e-01   4.034825e-19   1.944913e-04   5.411380e-20   48
  9.936528e-01   6.129322e-19   0.000000e+00   1.096566e-19   24
  9.967520e-01   4.416777e-19   0.000000e+00   2.035694e-19   6
  9.977185e-01   1.673128e-19   0.000000e+00   2.928055e-20   24
  9.983623e-01   2.415549e-19   1.820511e-04   2.819663e-20   72
  9.995384e-01   2.592530e-19   3.396336e-04   2.516791e-20   84
  1.000805e+00   2.772177e-19   0.000000e+00   6.443446e-20   24
  1.001190e+00   4.022799e-19   1.589457e-08   4.769891e-20   24
  1.003114e+00   3.648007e-19   1.946680e-08   5.975766e-20   24
  1.005800e+00   4.082792e-19   0.000000e+00   1.377739e-19   6
  1.009244e+00   1.695601e-19   1.910001e-04   2.289613e-20   48
  1.010072e+00   2.028165e-19   3.598129e-04   2.010628e-20   72
  1.011152e+00   2.571084e-19   1.906396e-04   3.119162e-20   48
  1.012867e+00   4.118523e-19   0.000000e+00   8.625289e-20   24
  1.015148e+00   6.025694e-19   0.000000e+00   8.039470e-20   6
  1.020262e+00   1.361157e-19   0.000000e+00   4.024219e-20   8
  1.020640e+00   1.844806e-19   1.123916e-08   3.806186e-20   48
  1.021546e+00   1.854553e-19   1.848806e-04   2.282640e-20   60
  1.022904e+00   2.974015e-19   0.000000e+00   4.747677e-20   24
  1.024787e+00   1.470945e-19   0.000000e+00   4.797618e-20   6
  1.031723e+00   1.455071e-19   0.000000e+00   2.453756e-20   24
  1.032283e+00   1.362137e-19   1.867372e-04   1.658145e-20   48
  1.033217e+00   1.166387e-19   0.000000e+00   2.708222e-20   24
  1.034708e+00   6.546516e-20   0.000000e+00   5.745259e-21   6
  1.043181e+00   1.008525e-19   1.742080e-04   1.883899e-20   36
  1.043797e+00   1.372106e-19   0.000000e+00   3.316704e-20   24
  1.044904e+00   1.424426e-19   0.000000e+00   4.712806e-20   6
  1.054545e+00   1.289145e-19   1.583190e-04   1.417151e-20   32
  1.055367e+00   1.068484e-19   0.000000e+00   2.954873e-20   6
  1.065728e+00   1.602574e-19   0.000000e+00   3.570081e-20   12
  1.066089e+00   1.551925e-19   0.000000e+00   2.815163e-20   6
  1.077063e+00   6.019324e-20   0.000000e+00   8.479263e-21   6
