# power spectrum of chi
# redshift z=0.997956
# k              Pk             sigma(k)       sigma(Pk)      count
  1.963495e-02   1.174148e-20   0.000000e+00   4.638853e-21   6
  2.776802e-02   4.640995e-20   0.000000e+00   1.234786e-20   12
  3.400874e-02   2.637316e-20   3.725290e-10   1.328245e-20   8
  3.926991e-02   1.617599e-20   0.000000e+00   7.417438e-21   6
  4.390509e-02   1.732076e-20   7.024475e-10   3.894545e-21   24
  4.809562e-02   2.039479e-20   7.024475e-10   3.088311e-21   24
  5.553604e-02   2.472207e-20   0.000000e+00   7.825407e-21   12
  5.890486e-02   1.671448e-20   7.947286e-10   2.422950e-21   30
  6.209118e-02   8.407343e-21   0.000000e+00   1.439273e-21   24
  6.512178e-02   1.027743e-20   1.216675e-09   2.258902e-21   24
  6.801748e-02   8.401928e-21   7.450581e-10   2.292442e-21   8
  7.079483e-02   7.337957e-21   9.934107e-10   2.138071e-21   24
  7.346727e-02   8.247879e-21   0.000000e+00   1.195052e-21   48
  7.853982e-02   3.396781e-21   0.000000e+00   1.090045e-21   6
  8.095699e-02   5.199163e-21   9.934107e-10   7.404717e-22   48
  8.330406e-02   4.627808e-21   9.365966e-10   1.002000e-21   36
  8.558678e-02   4.921289e-21   9.934107e-10   6.722176e-22   24
  8.781018e-02   4.901778e-21   1.404895e-09   7.958924e-22   24
  8.997866e-02   4.405120e-21   0.000000e+00   5.551395e-22   48
  9.209610e-02   5.814587e-21   1.404895e-09   8.759136e-22   24
  9.619124e-02   2.412645e-21   1.404895e-09   2.542855e-22   24
  9.817477e-02   2.685112e-21   0.000000e+00   4.362329e-22   30
  1.001190e-01   3.645415e-21   0.000000e+00   4.489966e-22   72
  1.020262e-01   2.215337e-21   1.490116e-09   3.153138e-22   32
  1.057375e-01   2.600664e-21   0.000000e+00   3.038503e-22   72
  1.075451e-01   2.054932e-21   0.000000e+00   3.086061e-22   48
  1.110721e-01   2.628990e-21   0.000000e+00   7.398860e-22   12
  1.127942e-01   2.238772e-21   0.000000e+00   3.528284e-22   48
  1.144905e-01   2.113191e-21   0.000000e+00   2.485389e-22   48
  1.161620e-01   2.457679e-21   1.404895e-09   3.838742e-22   48
  1.178097e-01   3.092147e-21   1.589457e-09   5.660663e-22   30
  1.194348e-01   1.743836e-21   0.000000e+00   2.607942e-22   24
  1.210380e-01   2.009491e-21   2.961779e-09   2.435445e-22   72
  1.241824e-01   1.911958e-21   0.000000e+00   3.729863e-22   24
  1.257251e-01   1.443856e-21   0.000000e+00   1.429163e-22   96
  1.272490e-01   1.338553e-21   0.000000e+00   2.338059e-22   48
  1.287550e-01   1.044377e-21   2.433349e-09   1.198434e-22   24
  1.302436e-01   2.588596e-21   2.433349e-09   3.836391e-22   24
  1.317153e-01   1.573968e-21   0.000000e+00   1.777657e-22   72
  1.331707e-01   9.999901e-22   0.000000e+00   1.533577e-22   48
  1.360350e-01   1.289892e-21   1.490116e-09   2.251787e-22   8
  1.374447e-01   1.244401e-21   1.766064e-09   1.399147e-22   54
  1.388401e-01   1.365121e-21   0.000000e+00   1.166796e-22   84
  1.402216e-01   8.498325e-22   0.000000e+00   1.081167e-22   48
  1.415897e-01   9.458157e-22   1.986821e-09   1.533601e-22   24
  1.429446e-01   1.146041e-21   2.649095e-09   1.472041e-22   72
  1.442869e-01   7.223292e-22   0.000000e+00   6.932511e-23   96
  1.469345e-01   9.816949e-22   0.000000e+00   1.239237e-22   48
  1.482407e-01   7.090307e-22   0.000000e+00   9.387808e-23   48
  1.495354e-01   1.143852e-21   0.000000e+00   2.166567e-22   24
  1.508189e-01   7.240604e-22   0.000000e+00   6.325666e-23   72
  1.533539e-01   7.044522e-22   0.000000e+00   8.376905e-23   72
  1.546058e-01   5.878885e-22   0.000000e+00   5.147354e-23   96
  1.570796e-01   8.142885e-22   0.000000e+00   1.805219e-22   6
  1.583021e-01   5.523069e-22   0.000000e+00   6.411256e-23   96
  1.595151e-01   6.092225e-22   1.986821e-09   6.882905e-23   96
  1.607190e-01   8.507008e-22   0.000000e+00   1.721066e-22   24
  1.619140e-01   7.168547e-22   1.986821e-09   8.571478e-23   48
  1.631002e-01   5.625598e-22   0.000000e+00   5.661017e-23   96
  1.642778e-01   6.480602e-22   0.000000e+00   9.055357e-23   48
  1.666081e-01   3.530295e-22   1.873193e-09   4.649357e-23   36
  1.677611e-01   4.504723e-22   3.441276e-09   5.317194e-23   48
  1.689063e-01   4.510340e-22   3.893359e-09   4.605563e-23   120
  1.700437e-01   4.995749e-22   0.000000e+00   6.807242e-23   56
  1.711736e-01   4.158811e-22   1.986821e-09   7.106777e-23   24
  1.722960e-01   5.457382e-22   0.000000e+00   5.078486e-23   96
  1.734112e-01   4.387010e-22   0.000000e+00   5.729904e-23   48
  1.756204e-01   2.986568e-22   2.809790e-09   5.943754e-23   24
  1.767146e-01   3.470663e-22   0.000000e+00   3.500013e-23   102
  1.778021e-01   4.978035e-22   1.986821e-09   5.977446e-23   48
  1.788829e-01   4.594465e-22   0.000000e+00   5.471536e-23   72
  1.799573e-01   2.426246e-22   0.000000e+00   3.916984e-23   48
  1.810253e-01   6.385915e-22   0.000000e+00   6.446537e-23   48
  1.820871e-01   3.973427e-22   4.495664e-09   2.950561e-23   120
  1.841922e-01   4.139643e-22   2.809790e-09   5.407766e-23   24
  1.852358e-01   3.396481e-22   2.649095e-09   2.823056e-23   144
  1.862735e-01   3.041030e-22   3.178914e-09   2.828177e-23   120
  1.873055e-01   2.441787e-22   2.809790e-09   2.807576e-23   48
  1.893526e-01   2.389165e-22   2.809790e-09   2.364079e-23   48
  1.903679e-01   3.177639e-22   2.809790e-09   2.666354e-23   96
  1.930487e-01   4.344260e-22   4.711199e-04   4.867443e-23   72
  1.943761e-01   2.698138e-22   2.497591e-09   2.473410e-23   108
  1.953653e-01   2.283398e-22   0.000000e+00   1.759015e-23   72
  1.963495e-01   3.278724e-22   0.000000e+00   6.380043e-23   30
  1.973288e-01   2.322270e-22   0.000000e+00   1.684021e-23   168
  1.983033e-01   3.118145e-22   0.000000e+00   4.125299e-23   48
  2.002380e-01   2.612974e-22   0.000000e+00   2.510487e-23   72
  2.011984e-01   2.229910e-22   0.000000e+00   2.316644e-23   96
  2.021542e-01   1.823771e-22   5.298191e-09   2.030670e-23   72
  2.031055e-01   2.692825e-22   0.000000e+00   3.274685e-23   72
  2.047049e-01   2.167948e-22   4.350048e-04   1.849703e-23   104
  2.059331e-01   2.124457e-22   3.746387e-09   1.701917e-23   144
  2.087224e-01   2.475590e-22   6.282881e-09   2.080552e-23   96
  2.096439e-01   1.973057e-22   0.000000e+00   2.137255e-23   96
  2.111095e-01   2.329703e-22   4.475232e-04   1.854493e-23   120
  2.123845e-01   1.702689e-22   0.000000e+00   1.370750e-23   120
  2.132902e-01   1.660598e-22   0.000000e+00   1.824729e-23   72
  2.150901e-01   1.566386e-22   0.000000e+00   1.468302e-23   48
  2.159845e-01   1.773406e-22   4.890638e-09   2.064331e-23   78
  2.171286e-01   1.763539e-22   4.007142e-04   1.489864e-23   168
  2.195255e-01   2.154171e-22   4.588368e-09   1.904158e-23   144
  2.204018e-01   2.005971e-22   3.746387e-09   2.811473e-23   144
  2.229436e-01   1.420566e-22   2.307791e-04   1.050065e-23   156
  2.238729e-01   1.203658e-22   4.866699e-09   1.223258e-23   48
  2.247323e-01   1.095675e-22   3.178914e-09   1.173385e-23   120
  2.255884e-01   1.023630e-22   0.000000e+00   2.026413e-23   48
  2.271022e-01   1.320525e-22   3.532495e-04   8.235652e-24   216
  2.289809e-01   1.122615e-22   0.000000e+00   1.702974e-23   48
  2.298212e-01   1.708718e-22   2.809790e-09   1.247996e-23   96
  2.310160e-01   1.464895e-22   4.128272e-04   1.083172e-23   168
  2.323239e-01   1.223051e-22   2.809790e-09   1.754743e-23   48
  2.331522e-01   1.177632e-22   0.000000e+00   1.353024e-23   96
  2.339775e-01   1.100877e-22   0.000000e+00   1.483824e-23   48
  2.356194e-01   1.044885e-22   3.178914e-09   2.260023e-23   30
  2.364362e-01   1.049496e-22   0.000000e+00   9.955667e-24   96
  2.374123e-01   1.112036e-22   3.244455e-04   6.768225e-24   240
  2.386674e-01   1.260363e-22   3.500299e-04   1.985572e-23   32
  2.396752e-01   1.156289e-22   0.000000e+00   1.066088e-23   168
  2.404781e-01   1.384658e-22   0.000000e+00   1.385583e-23   120
  2.420760e-01   9.615965e-23   5.923557e-09   9.732038e-24   72
  2.428710e-01   1.176825e-22   2.649095e-09   1.020965e-23   144
  2.436634e-01   8.392065e-23   0.000000e+00   9.428485e-24   96
  2.444532e-01   1.046608e-22   0.000000e+00   1.024649e-23   96
  2.460253e-01   8.018959e-23   0.000000e+00   6.190671e-24   72
  2.468075e-01   7.646408e-23   3.973643e-09   5.629539e-24   96
  2.483647e-01   1.264879e-22   0.000000e+00   2.135653e-23   24
  2.491396e-01   9.079957e-23   0.000000e+00   5.921531e-24   192
  2.500522e-01   1.002485e-22   2.970416e-04   8.663740e-24   132
  2.514501e-01   9.151390e-23   0.000000e+00   1.315078e-23   96
  2.522156e-01   9.503121e-23   0.000000e+00   1.016773e-23   96
  2.529787e-01   9.491962e-23   3.178914e-09   7.912268e-24   120
  2.544981e-01   1.002823e-22   0.000000e+00   1.432586e-23   48
  2.557435e-01   9.202232e-23   3.599905e-04   6.559242e-24   222
  2.567603e-01   7.160104e-23   0.000000e+00   6.093224e-24   120
  2.575100e-01   7.763634e-23   4.866699e-09   1.387145e-23   24
  2.586015e-01   8.878191e-23   3.715625e-04   5.136072e-24   312
  2.609797e-01   7.321348e-23   3.483547e-04   6.426836e-24   72
  2.619630e-01   7.356463e-23   4.866699e-09   6.760655e-24   96
  2.629726e-01   7.795407e-23   3.547511e-04   5.368563e-24   192
  2.641613e-01   7.807134e-23   4.495664e-09   6.074176e-24   120
  2.648900e-01   7.320975e-23   0.000000e+00   5.765992e-24   144
  2.663415e-01   6.227607e-23   0.000000e+00   8.942428e-24   48
  2.673732e-01   7.478773e-23   3.567146e-04   3.819204e-24   336
  2.685040e-01   7.828961e-23   0.000000e+00   1.355349e-23   48
  2.699360e-01   6.414375e-23   0.000000e+00   4.212439e-24   192
  2.706492e-01   5.330723e-23   0.000000e+00   7.632944e-24   48
  2.726764e-01   7.105836e-23   2.476067e-04   1.032497e-23   56
  2.736844e-01   6.296868e-23   3.180112e-04   3.621399e-24   336
  2.748894e-01   7.437183e-23   3.532127e-09   9.758745e-24   54
  2.759390e-01   5.913205e-23   3.492904e-04   4.634121e-24   240
  2.781181e-01   6.415244e-23   3.344484e-04   4.847482e-24   228
  2.790651e-01   6.157043e-23   3.746387e-09   5.735133e-24   72
  2.799844e-01   5.669462e-23   3.244231e-04   4.262208e-24   144
  2.811298e-01   5.846049e-23   0.000000e+00   5.918734e-24   96
  2.818146e-01   6.796792e-23   4.495664e-09   4.303978e-24   240
  2.831793e-01   5.476031e-23   3.973643e-09   9.370355e-24   24
  2.840530e-01   6.100823e-23   3.064151e-04   3.042855e-24   336
  2.852142e-01   6.559027e-23   0.000000e+00   7.293112e-24   72
  2.862741e-01   5.510386e-23   3.332831e-04   4.874881e-24   168
  2.872346e-01   7.849740e-23   0.000000e+00   7.567022e-24   72
  2.885737e-01   6.014434e-23   0.000000e+00   6.528310e-24   96
  2.896108e-01   4.944325e-23   3.307829e-04   3.466634e-24   216
  2.905708e-01   4.398545e-23   0.000000e+00   4.016917e-24   96
  2.918946e-01   5.208620e-23   3.973643e-09   3.358703e-24   192
  2.925542e-01   5.513850e-23   3.746387e-09   4.056149e-24   144
  2.938691e-01   5.592504e-23   0.000000e+00   9.856506e-24   48
  2.947794e-01   4.087889e-23   3.189136e-04   2.319133e-24   246
  2.960164e-01   5.197185e-23   2.940434e-04   4.628269e-24   168
  2.971308e-01   5.004403e-23   7.786718e-09   5.511657e-24   120
  2.977788e-01   4.930604e-23   0.000000e+00   3.191632e-24   240
  2.990707e-01   4.506899e-23   0.000000e+00   1.006783e-23   24
  3.001001e-01   4.036078e-23   3.147475e-04   2.116087e-24   360
  3.013820e-01   3.786146e-23   3.134082e-04   3.889036e-24   120
  3.022763e-01   4.238902e-23   0.000000e+00   3.335843e-24   144
  3.029133e-01   4.676968e-23   0.000000e+00   4.716051e-24   96
  3.048165e-01   4.640406e-23   0.000000e+00   3.601949e-24   144
  3.054482e-01   3.735152e-23   0.000000e+00   3.088795e-24   132
  3.063360e-01   3.653073e-23   3.093292e-04   2.688209e-24   176
  3.076248e-01   3.839439e-23   3.123602e-04   2.138186e-24   312
  3.092116e-01   5.284674e-23   0.000000e+00   4.460128e-24   96
  3.098343e-01   4.272546e-23   0.000000e+00   3.077927e-24   144
  3.107899e-01   3.623643e-23   3.092271e-04   1.980486e-24   312
  3.123131e-01   4.051376e-23   0.000000e+00   4.961627e-24   48
  3.129297e-01   2.891009e-23   3.973643e-09   1.954803e-24   192
  3.141593e-01   2.530561e-23   0.000000e+00   6.240719e-24   6
  3.149762e-01   3.009910e-23   2.884066e-04   1.652187e-24   288
  3.162994e-01   3.322979e-23   3.047203e-04   2.476751e-24   192
  3.172124e-01   3.128545e-23   9.345130e-09   1.935216e-24   216
  3.178195e-01   3.491340e-23   0.000000e+00   3.462692e-24   72
  3.193321e-01   3.604748e-23   3.018264e-04   2.674899e-24   192
  3.203366e-01   3.549427e-23   2.241224e-04   2.231376e-24   288
  3.214381e-01   5.121954e-23   0.000000e+00   1.027982e-23   24
  3.222890e-01   3.454924e-23   2.952626e-04   1.601436e-24   456
  3.238280e-01   4.114048e-23   0.000000e+00   7.995297e-24   48
  3.247789e-01   3.207462e-23   2.908218e-04   2.079903e-24   240
  3.258718e-01   3.217387e-23   2.939082e-04   2.194309e-24   216
  3.267908e-01   2.121704e-23   0.000000e+00   2.050499e-24   72
  3.273801e-01   2.792811e-23   1.015467e-08   2.095152e-24   168
  3.290441e-01   2.780164e-23   2.184577e-04   1.615873e-24   288
  3.299773e-01   2.422508e-23   2.890570e-04   1.791613e-24   168
  3.314762e-01   2.646291e-23   0.000000e+00   2.218042e-24   192
  3.320572e-01   3.027294e-23   3.746387e-09   2.350428e-24   144
  3.332162e-01   4.062672e-23   3.746387e-09   6.477054e-24   36
  3.341991e-01   2.924566e-23   2.639705e-04   1.590679e-24   342
  3.351389e-01   2.631744e-23   2.710657e-04   2.326770e-24   144
  3.363470e-01   2.691044e-23   2.842800e-04   1.406232e-24   384
  3.378125e-01   2.394200e-23   7.786718e-09   1.807464e-24   120
  3.385379e-01   2.555239e-23   2.534951e-04   1.484197e-24   264
  3.395201e-01   2.255980e-23   1.256576e-08   1.662480e-24   192
  3.404451e-01   2.807391e-23   2.731894e-04   2.218507e-24   152
  3.412191e-01   1.818657e-23   7.492773e-09   1.767727e-24   144
  3.428472e-01   2.316728e-23   1.768108e-04   1.686771e-24   216
  3.436008e-01   2.064129e-23   2.362665e-04   1.088320e-24   312
  3.449274e-01   2.466239e-23   2.738281e-04   1.606873e-24   240
  3.457090e-01   1.815303e-23   3.973643e-09   1.632256e-24   96
  3.471927e-01   1.455219e-23   2.617995e-04   1.017988e-24   144
  3.481071e-01   2.483722e-23   2.573258e-04   1.139951e-24   456
  3.495904e-01   2.184974e-23   0.000000e+00   1.712902e-24   120
  3.501414e-01   2.211309e-23   0.000000e+00   1.599747e-24   144
  3.512407e-01   3.081225e-23   5.619580e-09   5.250173e-24   24
  3.519456e-01   2.278994e-23   2.473498e-04   1.289346e-24   336
  3.531645e-01   1.959454e-23   2.727931e-04   1.527206e-24   198
  3.543067e-01   2.064558e-23   2.652756e-04   8.874396e-25   432
  3.556041e-01   2.425848e-23   7.947286e-09   3.228017e-24   48
  3.562810e-01   1.955801e-23   2.341925e-04   8.333271e-25   384
  3.574963e-01   1.820724e-23   2.696052e-04   1.314976e-24   144
  3.585975e-01   1.999991e-23   2.676825e-04   1.275538e-24   264
  3.599147e-01   1.927275e-23   0.000000e+00   2.027281e-24   48
  3.607984e-01   2.041221e-23   2.545223e-04   1.287947e-24   276
  3.616510e-01   2.338838e-23   2.307176e-04   1.943332e-24   192
  3.627906e-01   1.956442e-23   2.592759e-04   8.279349e-25   552
  3.641741e-01   2.018654e-23   6.357829e-09   1.653646e-24   120
  3.649965e-01   2.045718e-23   2.624511e-04   1.290382e-24   216
  3.657587e-01   1.657364e-23   6.357829e-09   1.245148e-24   120
  3.671201e-01   1.839086e-23   2.584500e-04   1.005108e-24   408
  3.683844e-01   1.195070e-23   5.619580e-09   1.708238e-24   24
  3.691684e-01   1.837626e-23   2.610810e-04   1.049603e-24   384
  3.702633e-01   1.559476e-23   2.550855e-04   1.060865e-24   240
  3.712141e-01   1.741674e-23   2.569535e-04   1.499526e-24   168
  3.725471e-01   1.420733e-23   0.000000e+00   1.201347e-24   120
  3.734064e-01   1.546657e-23   2.678605e-04   8.707538e-25   350
  3.748037e-01   1.665014e-23   4.409502e-04   8.311421e-25   384
  3.756388e-01   1.457134e-23   0.000000e+00   1.256516e-24   144
  3.771752e-01   1.744834e-23   5.298191e-09   1.071108e-24   288
  3.779773e-01   1.276426e-23   2.524053e-04   6.928986e-25   336
  3.790686e-01   1.232240e-23   2.297941e-04   9.853917e-25   168
  3.797219e-01   1.517283e-23   1.506181e-08   7.175298e-25   336
  3.810732e-01   1.558498e-23   2.385126e-04   9.530332e-25   288
  3.818848e-01   1.585199e-23   2.247398e-04   1.117864e-24   264
  3.832590e-01   1.431460e-23   0.000000e+00   9.265499e-25   240
  3.837616e-01   1.280240e-23   0.000000e+00   1.300892e-24   96
  3.855656e-01   1.484329e-23   3.056310e-04   8.038877e-25   360
  3.864075e-01   1.390491e-23   2.253025e-04   1.162104e-24   168
  3.874713e-01   1.463791e-23   2.456032e-04   7.278232e-25   456
  3.887523e-01   1.285200e-23   7.064254e-09   1.225305e-24   108
  3.894728e-01   1.195871e-23   2.464311e-04   8.162641e-25   264
  3.903716e-01   1.403507e-23   2.198567e-04   8.657284e-25   264
  3.916025e-01   1.517810e-23   2.074668e-04   9.431808e-25   312
  3.931351e-01   1.309546e-23   1.541705e-04   8.643573e-25   270
  3.937775e-01   1.259669e-23   1.957388e-04   8.505188e-25   240
  3.949323e-01   1.321711e-23   2.421536e-04   7.653909e-25   384
  3.956334e-01   1.408724e-23   7.947286e-09   1.180706e-24   192
  3.969952e-01   1.416309e-23   1.942960e-04   9.566230e-25   240
  3.977852e-01   1.223269e-23   2.397927e-04   6.496030e-25   336
  3.992708e-01   1.232711e-23   2.413972e-04   5.589050e-25   480
  4.004761e-01   1.506580e-23   5.298191e-09   2.128631e-24   72
  4.011493e-01   1.180188e-23   2.353842e-04   7.980442e-25   240
  4.020650e-01   1.070931e-23   2.212289e-04   6.206443e-25   312
  4.031147e-01   1.070810e-23   2.390954e-04   6.241733e-25   240
  4.047009e-01   1.018003e-23   1.816506e-04   5.543316e-25   408
  4.053288e-01   1.073843e-23   1.663482e-04   5.540488e-25   336
  4.065560e-01   1.247136e-23   2.112212e-04   7.001904e-25   264
  4.071591e-01   1.095834e-23   0.000000e+00   9.101648e-25   144
  4.088370e-01   1.090374e-23   2.927651e-04   5.275938e-25   464
  4.097211e-01   1.050365e-23   2.328083e-04   7.575207e-25   168
  4.105939e-01   9.939184e-24   2.120376e-04   4.833956e-25   336
  4.121713e-01   1.088136e-23   2.227870e-04   5.390910e-25   414
  4.130606e-01   1.060706e-23   2.319080e-04   6.630358e-25   216
  4.141998e-01   1.583211e-23   5.619580e-09   1.564968e-24   96
  4.146649e-01   1.164761e-23   1.376510e-08   6.663477e-25   384
  4.162944e-01   9.471207e-24   2.314600e-04   4.374673e-25   492
  4.171676e-01   1.129156e-23   2.263480e-04   7.608364e-25   240
  4.181546e-01   1.127243e-23   2.298225e-04   6.695917e-25   312
  4.195176e-01   9.448640e-24   2.297469e-04   5.869035e-25   192
  4.203810e-01   9.314735e-24   2.226525e-04   4.146482e-25   504
  4.215265e-01   9.849831e-24   1.473998e-04   5.191953e-25   408
  4.224284e-01   7.893297e-24   4.515774e-04   5.709560e-25   168
  4.235571e-01   1.064860e-23   2.145032e-04   6.397499e-25   288
  4.245041e-01   1.087291e-23   2.238525e-04   7.032116e-25   288
  4.254743e-01   8.065627e-24   2.251410e-04   3.914096e-25   432
  4.268815e-01   9.654997e-24   2.129084e-04   6.381216e-25   216
  4.276334e-01   8.387658e-24   2.124592e-04   4.104441e-25   360
  4.289721e-01   8.927570e-24   2.073582e-04   5.193294e-25   312
  4.301803e-01   8.640231e-24   0.000000e+00   1.224436e-24   48
  4.308767e-01   8.581490e-24   2.223178e-04   4.200669e-25   432
  4.321240e-01   8.358292e-24   3.708284e-04   4.476374e-25   414
  4.328606e-01   8.681966e-24   8.470833e-09   4.824945e-25   312
  4.342347e-01   8.721189e-24   3.253813e-04   3.531283e-25   528
  4.351620e-01   7.847890e-24   1.707976e-04   5.047570e-25   264
  4.362761e-01   8.923782e-24   2.025191e-04   4.166950e-25   480
  4.377318e-01   8.468616e-24   0.000000e+00   5.261686e-25   288
  4.383604e-01   7.410117e-24   2.176005e-04   5.035755e-25   168
  4.395105e-01   8.594417e-24   3.444610e-04   3.682654e-25   504
  4.408036e-01   9.035040e-24   5.298191e-09   7.623109e-25   144
  4.416171e-01   8.197212e-24   2.212265e-04   3.799503e-25   464
  4.428396e-01   7.470879e-24   3.246624e-04   4.026180e-25   432
  4.434197e-01   7.137607e-24   5.619580e-09   5.016032e-25   192
  4.449189e-01   7.281041e-24   2.406833e-04   3.832764e-25   396
  4.458042e-01   7.509014e-24   2.162000e-04   4.600934e-25   288
  4.466990e-01   7.627470e-24   2.135686e-04   3.837899e-25   336
  4.481283e-01   7.127076e-24   1.352359e-04   3.471451e-25   432
  4.490354e-01   7.931272e-24   3.505126e-04   4.755824e-25   360
  4.500539e-01   7.651573e-24   2.073334e-04   3.559032e-25   384
  4.515004e-01   8.042638e-24   1.830116e-04   4.870906e-25   198
  4.521974e-01   6.472986e-24   2.080246e-04   2.724088e-25   552
  4.534970e-01   7.186583e-24   2.912202e-04   3.588224e-25   432
  4.545821e-01   6.592419e-24   1.112388e-08   4.751076e-25   168
  4.554927e-01   7.185706e-24   3.610065e-04   3.155454e-25   480
  4.566974e-01   6.675566e-24   0.000000e+00   5.402538e-25   120
  4.572396e-01   6.772748e-24   2.948545e-04   3.570041e-25   336
  4.585628e-01   6.541702e-24   2.080152e-04   2.504726e-25   672
  4.598711e-01   7.661893e-24   3.025866e-04   3.506392e-25   528
  4.604805e-01   6.265843e-24   9.082613e-09   5.030779e-25   168
  4.618883e-01   6.266802e-24   3.375333e-04   3.075288e-25   456
  4.627474e-01   6.532592e-24   2.061344e-04   6.155263e-25   168
  4.636392e-01   7.222772e-24   2.057643e-04   3.275919e-25   504
  4.651216e-01   5.831014e-24   2.647872e-04   3.576160e-25   336
  4.660180e-01   6.227730e-24   1.908802e-04   3.429105e-25   312
  4.670124e-01   5.849185e-24   1.865029e-04   2.699701e-25   504
  4.683210e-01   6.056211e-24   1.294009e-04   3.206523e-25   432
  4.689362e-01   5.721958e-24   1.999672e-04   2.983313e-25   312
  4.702151e-01   4.858634e-24   2.049761e-04   2.554552e-25   384
  4.715504e-01   6.574313e-24   1.741510e-04   6.563671e-25   126
  4.723748e-01   5.725797e-24   3.057676e-04   2.685697e-25   492
  4.734278e-01   6.316737e-24   1.958445e-04   2.827983e-25   528
  4.747438e-01   5.840891e-24   1.989360e-04   2.628849e-25   480
  4.755596e-01   5.523321e-24   2.748289e-04   2.920888e-25   432
  4.767402e-01   5.466274e-24   2.161166e-04   2.669991e-25   440
  4.781114e-01   5.619597e-24   1.074739e-04   3.105258e-25   312
  4.786259e-01   5.964912e-24   1.610586e-04   2.578405e-25   480
  4.796813e-01   5.888804e-24   3.153497e-04   2.600395e-25   408
  4.812233e-01   5.808855e-24   1.888588e-04   3.154625e-25   360
  4.818747e-01   5.643381e-24   1.822418e-04   2.769139e-25   408
  4.830820e-01   5.349034e-24   1.854542e-04   2.623924e-25   456
  4.844414e-01   6.459028e-24   1.772485e-04   4.574512e-25   264
  4.851959e-01   5.614447e-24   1.923591e-04   3.041439e-25   384
  4.862943e-01   5.088912e-24   3.238501e-04   1.961000e-25   672
  4.875640e-01   5.449450e-24   1.937042e-04   4.294144e-25   240
  4.882967e-01   5.106907e-24   1.965613e-04   2.890819e-25   264
  4.893308e-01   4.729735e-24   2.424259e-04   1.924080e-25   624
  4.908739e-01   4.110600e-24   0.000000e+00   3.539354e-25   150
  4.914232e-01   5.388864e-24   2.716574e-04   2.273653e-25   600
  4.925819e-01   4.925665e-24   1.874909e-04   1.842392e-25   672
  4.938939e-01   5.705082e-24   1.763484e-04   3.185218e-25   336
  4.946248e-01   5.654094e-24   1.918157e-04   2.910534e-25   408
  4.957926e-01   4.927578e-24   1.913639e-04   2.483667e-25   408
  4.970915e-01   4.853962e-24   9.676385e-05   2.309911e-25   360
  4.978921e-01   5.600544e-24   3.552857e-04   2.740833e-25   456
  4.988592e-01   5.175098e-24   1.932065e-04   2.773818e-25   384
  5.000902e-01   3.902653e-24   1.783541e-04   2.116383e-25   348
  5.007554e-01   5.409749e-24   2.198754e-04   2.496277e-25   576
  5.020050e-01   4.916961e-24   1.810385e-04   2.308226e-25   504
  5.032833e-01   4.737484e-24   2.553443e-04   2.517335e-25   432
  5.043991e-01   4.459781e-24   3.473946e-04   1.844596e-25   576
  5.051948e-01   4.380957e-24   0.000000e+00   2.932846e-25   264
  5.064571e-01   4.769589e-24   2.764393e-04   1.856732e-25   768
  5.075549e-01   4.411371e-24   3.721752e-04   2.601975e-25   240
  5.084277e-01   4.285541e-24   3.282233e-04   3.074662e-25   192
  5.096990e-01   4.619504e-24   2.416124e-04   2.182516e-25   504
  5.106418e-01   4.694847e-24   3.255818e-04   2.153133e-25   590
  5.115460e-01   4.457099e-24   3.647966e-04   2.638422e-25   384
  5.126798e-01   4.560726e-24   3.048625e-04   2.089682e-25   504
  5.140486e-01   4.115173e-24   2.933830e-04   1.901945e-25   648
  5.153764e-01   3.832217e-24   7.967896e-05   1.926962e-25   504
  5.159117e-01   3.649196e-24   1.817627e-04   2.096174e-25   312
  5.168569e-01   4.310938e-24   2.618753e-04   1.803086e-25   576
  5.181545e-01   4.316071e-24   1.822405e-04   3.062718e-25   240
  5.189109e-01   3.664463e-24   1.841453e-04   1.586372e-25   552
  5.199816e-01   4.026048e-24   1.729082e-04   1.697427e-25   600
  5.215067e-01   3.761718e-24   2.111937e-04   1.553599e-25   600
  5.224237e-01   4.035894e-24   3.382099e-04   2.693949e-25   312
  5.233368e-01   4.223526e-24   2.945474e-04   1.923806e-25   480
  5.244775e-01   3.789931e-24   1.837693e-04   1.722128e-25   576
  5.254818e-01   3.468513e-24   2.959085e-04   1.682670e-25   408
  5.263729e-01   2.794946e-24   3.451909e-04   1.950046e-25   216
  5.275243e-01   4.203685e-24   2.643774e-04   1.775169e-25   516
  5.287578e-01   3.599223e-24   2.522429e-04   1.394618e-25   744
  5.300304e-01   4.064674e-24   1.684760e-04   1.885514e-25   462
  5.307494e-01   3.845544e-24   1.712315e-04   2.069523e-25   432
  5.318647e-01   3.539569e-24   1.588547e-04   1.394682e-25   648
  5.331761e-01   3.894325e-24   2.324340e-04   1.939512e-25   528
  5.342295e-01   3.780360e-24   2.799086e-04   1.572058e-25   600
  5.352820e-01   3.848923e-24   3.528915e-04   2.707181e-25   240
  5.363014e-01   3.405221e-24   2.703115e-04   1.315877e-25   720
  5.374863e-01   3.896053e-24   2.138653e-04   1.605370e-25   720
  5.387997e-01   2.380346e-24   0.000000e+00   1.849032e-25   144
  5.394909e-01   3.476569e-24   2.757364e-04   1.266096e-25   720
  5.404742e-01   3.507711e-24   1.653370e-04   1.818000e-25   384
  5.417051e-01   3.223707e-24   1.832848e-04   1.349614e-25   672
  5.428730e-01   3.389417e-24   3.209115e-04   1.970518e-25   336
  5.434308e-01   3.532700e-24   0.000000e+00   2.051621e-25   288
  5.447967e-01   3.430430e-24   2.539800e-04   1.250867e-25   776
  5.460612e-01   3.126935e-24   2.173184e-04   1.222463e-25   720
  5.471231e-01   3.009030e-24   1.750659e-04   1.385359e-25   432
  5.479725e-01   3.414528e-24   2.495786e-04   1.508221e-25   504
  5.489174e-01   3.211346e-24   1.748652e-04   1.397026e-25   528
  5.502396e-01   3.566973e-24   2.382437e-04   1.856602e-25   438
  5.513273e-01   3.248259e-24   2.772938e-04   1.495595e-25   624
  5.521470e-01   3.457324e-24   3.396475e-04   2.055074e-25   312
  5.532738e-01   3.379885e-24   1.829935e-04   1.252744e-25   696
  5.544390e-01   3.261832e-24   1.655760e-04   1.529786e-25   552
  5.556509e-01   3.330665e-24   1.281006e-04   1.474827e-25   516
  5.564006e-01   3.564071e-24   2.558713e-04   1.576480e-25   528
  5.573133e-01   2.584889e-24   1.664001e-04   1.086608e-25   528
  5.586097e-01   2.960560e-24   2.194479e-04   1.113667e-25   864
  5.594897e-01   3.490123e-24   3.005985e-04   1.989064e-25   408
  5.603706e-01   3.733245e-24   2.978186e-04   2.420508e-25   192
  5.616191e-01   3.074017e-24   2.464592e-04   1.274073e-25   720
  5.626731e-01   3.048571e-24   2.272475e-04   1.257695e-25   696
  5.639255e-01   3.281260e-24   2.454294e-04   1.310498e-25   720
  5.650713e-01   3.267218e-24   3.326501e-04   1.624204e-25   432
  5.657395e-01   2.636669e-24   1.958109e-04   1.748949e-25   264
  5.669418e-01   2.892118e-24   2.704061e-04   1.202876e-25   672
  5.680171e-01   3.181228e-24   2.768544e-04   1.372939e-25   600
  5.692933e-01   2.395212e-24   1.620980e-04   1.538389e-25   270
  5.699366e-01   3.001031e-24   2.440026e-04   1.320022e-25   528
  5.709591e-01   2.862670e-24   1.670843e-04   9.947467e-26   840
  5.723613e-01   2.964835e-24   3.194952e-04   1.042031e-25   888
  5.736568e-01   2.773816e-24   2.380474e-04   1.102366e-25   744
  5.747517e-01   2.780814e-24   1.223216e-04   1.304587e-25   456
  5.752963e-01   3.268098e-24   1.671601e-04   1.759986e-25   360
  5.762282e-01   2.749940e-24   1.448348e-04   1.372725e-25   384
  5.776580e-01   2.795405e-24   2.323137e-04   1.090230e-25   816
  5.787308e-01   2.783249e-24   3.370546e-04   1.045693e-25   824
  5.800348e-01   2.955525e-24   1.566791e-04   1.648783e-25   360
  5.807331e-01   3.003344e-24   2.311994e-04   1.339772e-25   624
  5.816941e-01   3.108206e-24   1.562320e-04   2.049755e-25   360
  5.829744e-01   2.837037e-24   2.125215e-04   1.014467e-25   876
  5.841306e-01   2.999599e-24   2.524119e-04   1.407600e-25   696
  5.852967e-01   2.459639e-24   1.629911e-04   1.365915e-25   336
  5.859080e-01   2.788798e-24   1.628079e-04   1.281648e-25   504
  5.869176e-01   2.340708e-24   1.642187e-04   9.613141e-26   672
  5.884155e-01   2.572760e-24   3.269213e-04   9.992242e-26   720
  5.894543e-01   2.568059e-24   2.469541e-04   9.868018e-26   774
  5.906010e-01   2.433558e-24   1.413501e-04   1.368045e-25   384
  5.912015e-01   2.822899e-24   2.720183e-04   1.354972e-25   528
  5.921335e-01   2.807231e-24   2.592486e-04   1.119175e-25   744
  5.936327e-01   2.854660e-24   2.138251e-04   1.118309e-25   768
  5.946281e-01   2.399926e-24   2.400348e-04   1.101912e-25   552
  5.958700e-01   2.308995e-24   2.616108e-04   8.601510e-26   696
  5.967938e-01   2.796044e-24   3.179026e-04   1.546126e-25   408
  5.975272e-01   2.731160e-24   1.373364e-04   1.371155e-25   504
  5.986899e-01   2.470069e-24   2.467198e-04   8.786018e-26   888
  5.998339e-01   2.650492e-24   2.564132e-04   1.132389e-25   648
  6.010230e-01   2.491588e-24   2.542153e-04   1.083157e-25   648
  6.021418e-01   2.400350e-24   2.741064e-04   9.812302e-26   792
  6.033268e-01   2.208542e-24   4.010364e-04   1.013832e-25   600
  6.042000e-01   2.195947e-24   2.717856e-04   1.016478e-25   456
  6.051191e-01   2.448164e-24   1.324567e-04   1.115968e-25   648
  6.062996e-01   2.307858e-24   2.583099e-04   9.190941e-26   936
  6.075741e-01   3.065942e-24   1.586356e-04   1.531344e-25   384
  6.086836e-01   2.689986e-24   0.000000e+00   1.804175e-25   198
  6.095398e-01   2.397863e-24   4.024720e-04   7.963123e-26   1224
  6.104634e-01   2.624140e-24   2.931235e-04   1.373911e-25   420
  6.115558e-01   2.469261e-24   2.836822e-04   9.149737e-26   792
  6.126238e-01   2.555296e-24   2.345810e-04   1.209972e-25   680
  6.138428e-01   2.499590e-24   2.154033e-04   1.330596e-25   600
  6.148235e-01   2.345833e-24   3.123938e-04   8.258974e-26   840
  6.161330e-01   2.524844e-24   1.474979e-04   1.675008e-25   432
  6.166334e-01   2.497705e-24   1.382250e-04   9.955707e-26   720
  6.177213e-01   2.340997e-24   2.768404e-04   8.934682e-26   960
  6.190745e-01   2.309533e-24   2.467829e-04   1.051426e-25   528
  6.200634e-01   1.879748e-24   2.522592e-04   8.148534e-26   624
  6.212404e-01   2.279944e-24   1.982740e-04   8.840188e-26   816
  6.224086e-01   2.389114e-24   3.260658e-04   1.053704e-25   696
  6.236996e-01   1.970220e-24   1.798266e-08   1.241830e-25   240
  6.241851e-01   2.287267e-24   1.922888e-04   9.783810e-26   672
  6.252686e-01   2.326935e-24   3.436476e-04   9.921272e-26   864
  6.264840e-01   2.339470e-24   2.636938e-04   9.089557e-26   816
  6.275795e-01   2.023180e-24   1.509292e-04   8.529876e-26   648
  6.287594e-01   2.379308e-24   1.542771e-04   8.478670e-26   843
  6.297611e-01   1.996398e-24   2.775825e-04   8.320196e-26   780
  6.309548e-01   2.119245e-24   1.489456e-04   1.926121e-25   216
  6.316911e-01   2.311726e-24   3.591661e-04   7.972364e-26   1056
  6.328235e-01   2.250961e-24   2.938382e-04   1.817545e-25   228
  6.338720e-01   2.252507e-24   3.658358e-04   8.546769e-26   924
  6.349484e-01   2.493745e-24   1.357046e-04   1.011333e-25   696
  6.360882e-01   2.000953e-24   2.415153e-04   8.884028e-26   996
  6.372543e-01   1.680421e-24   1.425858e-04   7.215830e-26   576
  6.384675e-01   1.868949e-24   2.200718e-04   9.014947e-26   552
  6.393519e-01   2.457340e-24   2.627580e-04   1.116464e-25   516
  6.402494e-01   2.380443e-24   3.821047e-04   1.029730e-25   744
  6.412749e-01   2.130750e-24   1.874451e-04   1.053304e-25   576
  6.421669e-01   2.124850e-24   1.929285e-04   1.011205e-25   792
  6.434346e-01   2.155794e-24   2.205530e-04   8.781923e-26   792
  6.443636e-01   2.072277e-24   2.378641e-04   1.006556e-25   720
  6.456200e-01   1.991226e-24   2.711104e-04   8.840736e-26   656
  6.467974e-01   1.704134e-24   2.960385e-04   6.860515e-26   816
  6.480043e-01   1.899836e-24   1.596190e-04   1.090074e-25   492
  6.486903e-01   2.151573e-24   2.296231e-04   9.869976e-26   552
  6.499778e-01   1.805382e-24   3.992867e-04   7.304437e-26   780
  6.508139e-01   1.786662e-24   2.452771e-04   9.725022e-26   528
  6.517148e-01   1.728268e-24   2.863130e-04   6.765219e-26   600
  6.530425e-01   2.013847e-24   2.379487e-04   7.337454e-26   900
  6.539577e-01   2.049165e-24   1.317325e-04   9.145494e-26   696
  6.552168e-01   1.904485e-24   3.330907e-04   7.894219e-26   696
  6.564349e-01   1.761009e-24   1.351317e-04   8.155868e-26   552
  6.574592e-01   1.881176e-24   1.571457e-04   8.085330e-26   708
  6.585322e-01   1.704463e-24   2.594565e-04   5.961496e-26   876
  6.596487e-01   1.634817e-24   1.377663e-04   1.350034e-25   216
  6.603980e-01   1.892922e-24   3.768094e-04   5.825577e-26   1032
  6.615201e-01   1.734655e-24   4.195357e-04   8.104891e-26   600
  6.626848e-01   1.458754e-24   2.001869e-04   6.819481e-26   600
  6.635732e-01   1.792683e-24   3.535112e-04   1.020093e-25   528
  6.646233e-01   1.891808e-24   1.940622e-04   8.053528e-26   732
  6.657296e-01   1.760432e-24   1.432973e-04   8.789466e-26   336
  6.670031e-01   1.524041e-24   2.042271e-04   6.098636e-26   912
  6.679548e-01   1.603777e-24   2.049821e-04   7.074124e-26   624
  6.689946e-01   1.714039e-24   1.727341e-04   6.774902e-26   768
  6.702082e-01   1.813153e-24   3.116463e-04   7.493457e-26   792
  6.713995e-01   1.754583e-24   1.545014e-04   7.435260e-26   660
  6.722471e-01   1.457458e-24   2.276826e-04   7.029252e-26   504
  6.731238e-01   1.695040e-24   3.719898e-04   9.369380e-26   480
  6.744376e-01   1.466521e-24   3.440421e-04   5.325370e-26   912
  6.754664e-01   1.702944e-24   3.831443e-04   1.014327e-25   432
  6.764380e-01   1.609240e-24   2.275021e-04   7.581599e-26   564
  6.773006e-01   1.492476e-24   2.177508e-04   5.937990e-26   600
  6.785149e-01   1.561982e-24   3.035240e-04   5.831837e-26   876
  6.794272e-01   1.330372e-24   1.364735e-04   8.553266e-26   264
  6.806846e-01   1.499729e-24   2.648123e-04   6.392436e-26   560
  6.816953e-01   1.612555e-24   1.799457e-04   5.903582e-26   840
  6.829222e-01   1.460081e-24   2.774244e-04   5.219706e-26   1008
  6.840568e-01   1.333371e-24   1.241010e-04   6.839518e-26   456
  6.850930e-01   1.655357e-24   1.607553e-04   7.957034e-26   576
  6.860509e-01   1.535943e-24   2.470177e-04   7.002100e-26   612
  6.873140e-01   1.501084e-24   2.206269e-04   6.676739e-26   780
  6.883444e-01   1.655620e-24   2.528284e-04   7.456228e-26   648
  6.893992e-01   1.577427e-24   1.178213e-04   1.210213e-25   312
  6.900734e-01   1.376982e-24   2.993645e-04   6.525718e-26   528
  6.912414e-01   1.280986e-24   3.909551e-04   5.497177e-26   720
  6.923583e-01   1.433919e-24   3.921794e-04   7.733840e-26   576
  6.937124e-01   1.480393e-24   3.383053e-04   7.608087e-26   444
  6.945549e-01   1.438229e-24   3.317685e-04   4.788590e-26   996
  6.955874e-01   1.459142e-24   2.771265e-04   8.013628e-26   432
  6.965633e-01   1.510462e-24   3.033990e-04   6.773709e-26   504
  6.974062e-01   1.116022e-24   1.367883e-04   5.303807e-26   504
  6.986065e-01   1.415981e-24   2.692009e-04   5.081844e-26   876
  6.996926e-01   1.179363e-24   3.098246e-04   5.602333e-26   504
  7.008236e-01   1.254775e-24   1.975899e-04   4.947126e-26   696
  7.017583e-01   1.415112e-24   1.689187e-04   6.956861e-26   492
  7.030300e-01   1.383260e-24   2.418152e-04   7.561823e-26   432
  7.039719e-01   1.407040e-24   2.264335e-04   5.538403e-26   768
  7.050885e-01   1.316157e-24   2.820533e-04   6.770494e-26   648
  7.061547e-01   1.327180e-24   1.840095e-04   6.108891e-26   456
  7.073798e-01   1.478707e-24   2.530430e-04   6.761969e-26   552
  7.082306e-01   1.293752e-24   1.734358e-04   6.449296e-26   648
  7.094016e-01   1.218233e-24   2.826907e-04   4.093813e-26   840
  7.105454e-01   1.275809e-24   1.348092e-04   6.117665e-26   432
  7.116906e-01   1.309746e-24   1.651183e-04   6.305135e-26   600
  7.124870e-01   1.319014e-24   1.759227e-04   6.333930e-26   432
  7.138248e-01   1.260863e-24   1.751482e-04   5.303319e-26   560
  7.147308e-01   1.179204e-24   2.772412e-04   4.159246e-26   840
  7.158652e-01   1.313643e-24   1.642140e-04   6.391425e-26   504
  7.167662e-01   1.156963e-24   3.351509e-04   4.469605e-26   696
  7.180362e-01   1.476165e-24   1.830475e-04   8.221369e-26   384
  7.190254e-01   1.192259e-24   2.681431e-04   5.128842e-26   576
  7.202219e-01   1.116419e-24   1.654845e-04   6.164509e-26   360
  7.211864e-01   1.213615e-24   2.464465e-04   4.206143e-26   828
  7.222268e-01   1.208265e-24   2.195064e-04   6.556681e-26   372
  7.231800e-01   1.137710e-24   3.352284e-04   4.841572e-26   576
  7.244428e-01   1.128878e-24   1.403933e-04   4.852223e-26   636
  7.253425e-01   1.219561e-24   2.706420e-04   5.255050e-26   648
  7.265596e-01   1.145181e-24   2.200024e-04   5.501272e-26   576
  7.274333e-01   1.103650e-24   3.548870e-04   5.254358e-26   528
  7.285953e-01   1.205890e-24   1.517289e-04   6.979679e-26   360
  7.295571e-01   9.679941e-25   3.490332e-04   3.835255e-26   672
  7.308130e-01   1.188288e-24   1.787806e-04   4.669911e-26   804
  7.318582e-01   1.182055e-24   1.972163e-04   6.399778e-26   408
  7.330145e-01   1.136472e-24   1.219011e-04   5.376690e-26   384
  7.337931e-01   1.059517e-24   2.789567e-04   5.146357e-26   480
  7.348913e-01   1.323703e-24   1.802469e-04   7.786829e-26   432
  7.359446e-01   1.233250e-24   3.321566e-04   5.107354e-26   648
  7.371913e-01   1.111918e-24   2.061016e-04   4.561613e-26   624
  7.381033e-01   1.119504e-24   1.874668e-04   5.612847e-26   456
  7.393486e-01   9.534217e-25   2.560963e-04   4.145133e-26   588
  7.401831e-01   1.063298e-24   1.633884e-04   4.583800e-26   600
  7.414016e-01   9.614771e-25   2.548458e-04   3.782490e-26   708
  7.423640e-01   1.092566e-24   1.605479e-04   5.421153e-26   360
  7.434275e-01   1.184519e-24   1.845541e-04   5.112772e-26   552
  7.444470e-01   9.430191e-25   1.294691e-04   5.960046e-26   288
  7.454820e-01   1.003647e-24   2.434372e-04   4.544043e-26   528
  7.464545e-01   1.104268e-24   1.642340e-04   5.277176e-26   456
  7.475410e-01   1.075321e-24   2.912225e-04   4.720786e-26   608
  7.486338e-01   9.053247e-25   1.408967e-04   4.737512e-26   504
  7.498278e-01   8.241493e-25   3.024972e-04   4.031463e-26   540
  7.507642e-01   1.077145e-24   3.247222e-04   5.945843e-26   360
  7.517735e-01   1.074305e-24   1.470509e-04   5.183539e-26   540
  7.526661e-01   9.267794e-25   1.262606e-04   4.214510e-26   576
  7.539642e-01   1.070410e-24   2.927555e-04   4.745350e-26   588
  7.551985e-01   9.849354e-25   4.039143e-04   4.139962e-26   672
  7.562588e-01   1.040261e-24   3.087151e-04   4.486239e-26   552
  7.571135e-01   1.020427e-24   3.088712e-04   7.686080e-26   144
  7.582042e-01   1.054912e-24   2.624178e-04   4.479892e-26   600
  7.592383e-01   9.783707e-25   3.288668e-04   4.735448e-26   504
  7.603860e-01   1.119789e-24   3.378126e-04   6.895666e-26   336
  7.615932e-01   9.082134e-25   3.797028e-04   3.908791e-26   600
  7.626744e-01   9.138868e-25   2.450478e-04   3.793699e-26   636
  7.638413e-01   9.003402e-25   1.970206e-04   4.105921e-26   384
  7.646595e-01   1.122526e-24   2.748205e-04   5.710418e-26   504
  7.658387e-01   9.563243e-25   1.153383e-04   7.816071e-26   240
  7.667694e-01   9.691111e-25   2.709461e-04   3.667932e-26   744
  7.678860e-01   8.697046e-25   1.850150e-04   4.015428e-26   648
  7.688783e-01   1.260481e-24   1.228185e-04   1.231792e-25   120
  7.700414e-01   8.419347e-25   1.929319e-04   3.757991e-26   564
  7.709202e-01   9.270928e-25   3.030111e-04   4.923647e-26   432
  7.720932e-01   9.114318e-25   2.351965e-04   4.750610e-26   480
  7.729764e-01   8.911713e-25   1.731106e-04   4.114459e-26   456
  7.740189e-01   9.632170e-25   2.864725e-04   4.580821e-26   444
  7.752020e-01   8.382266e-25   4.383180e-04   4.187841e-26   528
  7.762412e-01   9.346062e-25   3.255297e-04   6.326615e-26   264
  7.772498e-01   9.457149e-25   3.336195e-04   4.911364e-26   444
  7.786065e-01   9.170450e-25   3.654311e-04   3.491279e-26   696
  7.797327e-01   1.046194e-24   1.954448e-04   6.082904e-26   384
  7.805563e-01   8.613627e-25   2.469609e-04   4.227512e-26   432
  7.818373e-01   9.239835e-25   1.706384e-04   4.501098e-26   488
  7.826690e-01   8.976893e-25   2.571733e-04   4.651663e-26   480
  7.838749e-01   9.499549e-25   2.868014e-04   5.023238e-26   480
  7.848089e-01   8.329881e-25   1.203331e-04   4.976249e-26   240
  7.858692e-01   8.750242e-25   2.810886e-04   3.917006e-26   600
  7.868694e-01   8.527759e-25   2.449399e-04   5.031758e-26   288
  7.879343e-01   8.382091e-25   2.356143e-04   4.049896e-26   480
  7.890129e-01   7.785331e-25   4.191157e-04   3.795498e-26   504
  7.900748e-01   7.933392e-25   1.798267e-04   5.844264e-26   216
  7.914291e-01   8.379229e-25   2.944050e-04   3.960602e-26   504
  7.924838e-01   8.073220e-25   2.367912e-04   4.662500e-26   456
  7.936384e-01   8.498424e-25   1.358038e-04   4.115575e-26   384
  7.944031e-01   8.514249e-25   2.756326e-04   4.014473e-26   480
  7.954897e-01   6.655773e-25   2.420363e-04   3.208667e-26   504
  7.964966e-01   8.636723e-25   1.535327e-04   5.251346e-26   312
  7.975815e-01   8.631011e-25   2.474127e-04   4.470723e-26   492
  7.985417e-01   8.286050e-25   2.318919e-04   5.108905e-26   312
  7.997779e-01   8.317640e-25   3.766899e-04   3.325460e-26   576
  8.008661e-01   8.644085e-25   3.477153e-04   5.204935e-26   336
  8.017699e-01   7.375275e-25   2.677247e-04   6.527537e-26   240
  8.030228e-01   9.224662e-25   3.549351e-04   5.336134e-26   468
  8.041047e-01   9.210432e-25   2.222407e-04   6.895357e-26   192
  8.052370e-01   8.670451e-25   2.229031e-04   5.921999e-26   324
  8.060669e-01   7.761233e-25   1.617794e-04   3.346245e-26   600
  8.071978e-01   9.869543e-25   2.624704e-04   4.791517e-26   456
  8.080377e-01   7.879719e-25   1.180592e-04   4.358516e-26   336
  8.094297e-01   8.558930e-25   3.535027e-04   4.194233e-26   612
  8.104424e-01   7.296808e-25   2.966749e-04   6.422039e-26   144
  8.114002e-01   8.907957e-25   3.462957e-04   4.087474e-26   552
  8.127025e-01   6.150131e-25   1.363755e-04   3.580136e-26   264
  8.134384e-01   8.826894e-25   3.157441e-04   5.371917e-26   336
  8.145992e-01   7.538057e-25   2.086329e-04   3.724442e-26   384
  8.156059e-01   7.224814e-25   1.174397e-04   4.262500e-26   216
  8.167203e-01   7.349650e-25   2.489964e-04   4.072758e-26   344
  8.177364e-01   7.636788e-25   3.715143e-04   4.854774e-26   408
  8.189746e-01   7.915468e-25   2.854845e-04   5.477966e-26   264
  8.200718e-01   8.848234e-25   3.979796e-04   4.359593e-26   612
  8.211681e-01   8.714716e-25   2.048307e-04   4.679764e-26   408
  8.222956e-01   6.685395e-25   2.051251e-04   3.929962e-26   444
  8.231239e-01   1.072445e-24   1.147249e-04   9.352994e-26   120
  8.242338e-01   8.823161e-25   3.169640e-04   5.763734e-26   336
  8.250576e-01   7.923106e-25   1.101437e-04   5.464281e-26   288
  8.261708e-01   6.938438e-25   3.427692e-04   3.247447e-26   552
  8.277012e-01   7.789318e-25   0.000000e+00   1.155802e-25   72
  8.284882e-01   7.483689e-25   3.404572e-04   3.768135e-26   504
  8.294074e-01   5.865360e-25   1.095558e-04   4.235666e-26   216
  8.305983e-01   7.428383e-25   1.956043e-04   4.664299e-26   312
  8.316675e-01   7.251428e-25   2.227263e-04   4.063861e-26   336
  8.326865e-01   7.068064e-25   3.087236e-04   6.397577e-26   204
  8.337014e-01   8.883237e-25   3.587838e-04   4.256149e-26   504
  8.347777e-01   9.363716e-25   3.416652e-04   4.879283e-26   396
  8.358127e-01   7.939573e-25   3.133249e-04   5.571790e-26   312
  8.370674e-01   9.071223e-25   1.914750e-04   7.096835e-26   216
  8.379516e-01   8.130636e-25   1.039172e-04   6.833679e-26   168
  8.390260e-01   7.396945e-25   2.623966e-04   3.444910e-26   588
  8.402521e-01   6.348453e-25   3.561727e-04   4.077695e-26   240
  8.412047e-01   6.860289e-25   3.145601e-04   4.520589e-26   264
  8.423219e-01   6.893915e-25   3.890183e-04   4.617679e-26   288
  8.433131e-01   6.849692e-25   1.942596e-04   4.155288e-26   288
  8.445693e-01   7.228371e-25   1.824406e-04   4.894939e-26   288
  8.454153e-01   7.305127e-25   2.113423e-04   6.439694e-26   192
  8.464795e-01   5.562504e-25   2.248894e-04   4.015420e-26   264
  8.474933e-01   1.113614e-24   3.699119e-04   8.054840e-26   372
  8.485844e-01   8.767770e-25   3.995208e-04   5.797952e-26   360
  8.499161e-01   8.957176e-25   1.690810e-04   6.926357e-26   144
  8.506044e-01   7.563627e-25   2.348461e-04   4.715112e-26   296
  8.516909e-01   6.258943e-25   2.530345e-04   4.667146e-26   288
  8.529347e-01   6.138363e-25   3.781537e-04   2.865048e-26   480
  8.540076e-01   6.219744e-25   3.142096e-04   6.007809e-26   192
  8.550509e-01   7.347108e-25   3.370327e-04   4.992313e-26   192
  8.559992e-01   5.547952e-25   2.147949e-04   3.732493e-26   288
  8.573180e-01   6.814678e-25   1.869760e-04   5.883987e-26   108
  8.579823e-01   7.288257e-25   1.797545e-04   4.967740e-26   240
  8.591554e-01   5.719872e-25   3.353363e-04   3.368302e-26   384
  8.603605e-01   7.987800e-25   4.090722e-04   9.699929e-26   108
  8.614261e-01   9.910446e-25   2.398466e-04   7.073342e-26   348
  8.625466e-01   8.154752e-25   2.503134e-04   6.046226e-26   312
  8.635474e-01   5.669151e-25   2.432319e-04   6.004355e-26   96
  8.644677e-01   6.722792e-25   3.238194e-04   3.742880e-26   384
  8.654984e-01   7.160997e-25   2.227222e-04   8.046420e-26   144
  8.665066e-01   6.849841e-25   3.422225e-04   3.707161e-26   408
  8.677598e-01   5.227007e-25   1.526554e-04   4.016108e-26   144
  8.689437e-01   6.844671e-25   2.934816e-04   5.799297e-26   192
  8.696459e-01   9.000066e-25   3.303190e-04   7.260085e-26   144
  8.707904e-01   5.134317e-25   2.685615e-04   4.979315e-26   144
  8.718702e-01   6.568485e-25   3.282257e-04   3.686378e-26   336
  8.731927e-01   6.050137e-25   2.428454e-04   4.112565e-26   240
  8.740312e-01   5.132618e-25   1.102739e-04   6.286116e-26   96
  8.752007e-01   8.691216e-25   3.233803e-04   5.390181e-26   372
  8.763838e-01   6.038383e-25   3.846540e-04   4.855718e-26   132
  8.774230e-01   6.071559e-25   2.380193e-04   3.318633e-26   264
  8.783527e-01   6.501647e-25   1.827880e-04   4.644419e-26   168
  8.793449e-01   6.874846e-25   2.922429e-04   4.342477e-26   216
  8.802213e-01   6.787231e-25   1.787978e-04   4.452326e-26   216
  8.814979e-01   4.861298e-25   3.280196e-04   3.350315e-26   96
  8.826561e-01   6.386650e-25   2.140028e-04   5.198030e-26   120
  8.837183e-01   6.002558e-25   2.720578e-04   4.065634e-26   216
  8.845934e-01   5.303390e-25   1.188902e-04   3.130041e-26   200
  8.857519e-01   5.659642e-25   3.077557e-04   3.395555e-26   288
  8.872378e-01   5.058660e-25   8.097649e-05   4.061437e-26   144
  8.878635e-01   6.085437e-25   2.519939e-04   6.004217e-26   168
  8.891412e-01   6.671718e-25   2.835956e-04   8.249907e-26   159
  8.901386e-01   6.806343e-25   2.975600e-04   5.132074e-26   174
  8.911039e-01   4.992965e-25   2.698170e-04   3.669331e-26   144
  8.923678e-01   7.156793e-25   1.557998e-04   4.986199e-26   222
  8.932131e-01   5.325659e-25   1.572158e-04   4.526995e-26   168
  8.946732e-01   1.294462e-24   3.448346e-04   3.592441e-25   30
  8.952763e-01   3.913005e-25   3.044637e-04   4.611527e-26   72
  8.964123e-01   5.253980e-25   2.717302e-04   2.763064e-26   258
  8.976612e-01   5.519121e-25   1.701916e-04   4.510970e-26   264
  8.982857e-01   5.432432e-25   1.835347e-08   6.655639e-26   72
  8.995871e-01   4.765793e-25   3.373270e-04   3.245223e-26   174
  9.007654e-01   6.206490e-25   3.591909e-04   4.959410e-26   168
  9.017127e-01   3.290436e-25   1.123916e-08   3.011191e-26   48
  9.027297e-01   5.466456e-25   2.028435e-04   4.748047e-26   150
  9.039088e-01   6.466578e-25   3.731453e-04   5.574286e-26   168
  9.050911e-01   4.094987e-25   2.273028e-04   3.373694e-26   144
  9.061784e-01   6.591234e-25   2.123525e-04   9.605489e-26   102
  9.069882e-01   3.516571e-25   3.143182e-04   3.590499e-26   96
  9.082731e-01   4.555350e-25   3.119397e-04   4.107982e-26   120
  9.092246e-01   4.234668e-25   3.345635e-04   2.816930e-26   168
  9.102538e-01   5.568972e-25   2.470487e-04   4.578259e-26   126
  9.111308e-01   5.140772e-25   1.863241e-04   4.201844e-26   168
  9.123389e-01   3.873010e-25   2.987709e-04   5.309345e-26   72
  9.133947e-01   4.519291e-25   3.741278e-04   2.902717e-26   168
  9.143196e-01   5.522976e-25   1.025668e-04   4.522308e-26   78
  9.155870e-01   3.144816e-25   1.684070e-04   4.861532e-26   60
  9.166075e-01   6.344148e-25   2.731835e-04   6.654957e-26   96
  9.176659e-01   5.036992e-25   3.314854e-04   3.660215e-26   168
  9.186605e-01   4.533595e-25   2.097511e-04   5.341699e-26   86
  9.197042e-01   3.015666e-25   1.874678e-04   2.524846e-26   120
  9.212002e-01   4.908282e-25   1.336894e-04   3.491125e-26   168
  9.220069e-01   3.495002e-25   0.000000e+00   4.871696e-26   48
  9.230934e-01   4.703367e-25   2.435676e-04   3.936419e-26   120
  9.237177e-01   4.095135e-25   1.776924e-04   3.552505e-26   126
  9.252418e-01   5.045497e-25   3.125113e-04   4.994473e-26   96
  9.262310e-01   6.080088e-25   9.011285e-05   5.890317e-26   96
  9.270111e-01   4.275426e-25   1.059638e-08   4.723405e-26   72
  9.286731e-01   5.328815e-25   1.123916e-08   8.938316e-26   24
  9.297104e-01   3.924133e-25   1.854501e-04   4.011818e-26   120
  9.305196e-01   5.131216e-25   2.705147e-04   3.828439e-26   126
  9.314194e-01   4.422323e-25   2.255107e-04   3.724594e-26   96
  9.324708e-01   3.337586e-25   3.897482e-04   4.190924e-26   72
  9.336415e-01   4.415762e-25   1.685792e-04   3.632565e-26   144
  9.346046e-01   3.251048e-25   9.723254e-05   3.193420e-26   72
  9.355666e-01   5.460286e-25   1.942081e-04   5.746262e-26   54
  9.364132e-01   5.209868e-25   1.711436e-04   4.500468e-26   108
  9.381728e-01   3.916603e-25   1.677650e-04   4.395547e-26   72
  9.387206e-01   4.944023e-25   9.680617e-05   5.569553e-26   72
  9.400202e-01   3.489524e-25   1.946680e-08   6.046636e-26   24
  9.412498e-01   3.146145e-25   2.047976e-04   3.076037e-26   48
  9.419964e-01   3.927345e-25   1.560029e-04   2.746576e-26   102
  9.431203e-01   3.765957e-25   3.528137e-04   2.418854e-26   168
  9.445889e-01   4.168309e-25   1.924163e-04   4.237763e-26   72
  9.451330e-01   2.881419e-25   0.000000e+00   2.963512e-26   48
  9.462744e-01   4.514159e-25   3.309678e-04   4.449420e-26   120
  9.477807e-01   3.935105e-25   2.033864e-04   3.561559e-26   96
  9.492033e-01   3.883012e-25   1.798266e-08   5.475322e-26   30
  9.508942e-01   5.221961e-25   9.555995e-05   4.748314e-26   72
  9.516372e-01   6.549681e-25   1.123916e-08   1.173392e-25   24
  9.525916e-01   3.788193e-25   1.416435e-04   5.108451e-26   56
  9.536606e-01   3.086879e-25   2.021324e-04   3.140540e-26   96
  9.549399e-01   3.894047e-25   2.232036e-04   2.912099e-26   144
  9.559263e-01   5.038865e-25   1.267263e-04   5.482411e-26   54
  9.573592e-01   4.082351e-25   1.898493e-04   4.221026e-26   108
  9.588012e-01   5.997492e-25   1.005243e-04   5.604019e-26   48
  9.601739e-01   3.786610e-25   3.785063e-04   4.280400e-26   72
  9.634680e-01   3.674298e-25   2.500803e-04   3.571391e-26   78
  9.643808e-01   3.514535e-25   1.884669e-04   4.184498e-26   72
  9.654462e-01   2.577461e-25   1.882329e-04   2.209986e-26   72
  9.665603e-01   4.486355e-25   4.542266e-04   3.566291e-26   96
  9.674408e-01   3.900242e-25   1.878449e-04   4.205118e-26   72
  9.685029e-01   4.017569e-25   0.000000e+00   5.772101e-26   24
  9.695638e-01   4.528412e-25   3.748416e-04   4.648399e-26   72
  9.719599e-01   4.045776e-25   2.380359e-04   6.275927e-26   30
  9.724755e-01   5.668767e-25   0.000000e+00   9.559543e-26   24
  9.752466e-01   4.142404e-25   1.976584e-04   8.175832e-26   48
  9.761159e-01   3.312705e-25   4.253608e-04   2.522815e-26   120
  9.772870e-01   4.523383e-25   1.859776e-04   4.627509e-26   72
  9.784697e-01   3.869247e-25   1.857528e-04   5.145073e-26   36
  9.792826e-01   3.675053e-25   3.671339e-04   4.118484e-26   78
  9.815513e-01   5.192934e-25   1.963888e-04   6.756235e-26   48
  9.844928e-01   3.273516e-25   1.589457e-08   4.971765e-26   24
  9.865884e-01   3.966284e-25   1.367612e-04   3.268626e-26   56
  9.876436e-01   3.237317e-25   2.104496e-04   2.782966e-26   102
  9.889860e-01   3.371753e-25   1.498555e-08   3.720289e-26   72
  9.897653e-01   2.795247e-25   1.123916e-08   6.721573e-26   24
  9.911277e-01   3.236943e-25   1.944913e-04   4.614083e-26   48
  9.936528e-01   4.248996e-25   0.000000e+00   6.993646e-26   24
  9.967520e-01   7.035194e-25   0.000000e+00   1.044276e-25   6
  9.977185e-01   4.048664e-25   0.000000e+00   8.446588e-26   24
  9.983623e-01   3.099449e-25   1.820511e-04   3.132391e-26   72
  9.995384e-01   3.695907e-25   3.396336e-04   3.599655e-26   84
  1.000805e+00   3.449622e-25   0.000000e+00   5.338229e-26   24
  1.001190e+00   3.667497e-25   1.589457e-08   6.720632e-26   24
  1.003114e+00   3.495944e-25   1.946680e-08   5.310677e-26   24
  1.005800e+00   1.192896e-25   0.000000e+00   4.662044e-26   6
  1.009244e+00   3.096212e-25   1.910001e-04   3.395349e-26   48
  1.010072e+00   3.500614e-25   3.598129e-04   3.133355e-26   72
  1.011152e+00   4.369995e-25   1.906396e-04   5.018064e-26   48
  1.012867e+00   4.339001e-25   0.000000e+00   8.665678e-26   24
  1.015148e+00   2.645553e-25   0.000000e+00   1.017397e-25   6
  1.020262e+00   2.998813e-25   0.000000e+00   8.100837e-26   8
  1.020640e+00   4.092437e-25   1.123916e-08   4.793093e-26   48
  1.021546e+00   4.880709e-25   1.848806e-04   5.697165e-26   60
  1.022904e+00   2.967532e-25   0.000000e+00   6.336918e-26   24
  1.024787e+00   4.210200e-25   0.000000e+00   1.129373e-25   6
  1.031723e+00   1.502226e-25   0.000000e+00   2.355129e-26   24
  1.032283e+00   3.878230e-25   1.867372e-04   5.479615e-26   48
  1.033217e+00   2.321123e-25   0.000000e+00   4.895392e-26   24
  1.034708e+00   6.541173e-25   0.000000e+00   4.661130e-26   6
  1.043181e+00   3.119106e-25   1.742080e-04   4.627403e-26   36
  1.043797e+00   2.486529e-25   0.000000e+00   3.691806e-26   24
  1.044904e+00   4.138405e-25   0.000000e+00   1.678225e-26   6
  1.054545e+00   3.032865e-25   1.583190e-04   4.195095e-26   32
  1.055367e+00   6.307301e-25   0.000000e+00   7.873551e-26   6
  1.065728e+00   2.131301e-25   0.000000e+00   7.225096e-26   12
  1.066089e+00   5.045384e-25   0.000000e+00   7.225516e-26   6
  1.077063e+00   1.426335e-25   0.000000e+00   4.793726e-26   6
