# power spectrum of chi
# redshift z=48.519783
# k              Pk             sigma(k)       sigma(Pk)      count
  1.963495e-02   1.522052e-20   0.000000e+00   4.695168e-21   6
  2.776802e-02   5.850300e-20   0.000000e+00   1.467907e-20   12
  3.400874e-02   3.398453e-20   3.725290e-10   1.452642e-20   8
  3.926991e-02   1.958903e-20   0.000000e+00   7.407036e-21   6
  4.390509e-02   2.202907e-20   7.024475e-10   4.983050e-21   24
  4.809562e-02   2.618337e-20   7.024475e-10   3.684744e-21   24
  5.553604e-02   2.928190e-20   0.000000e+00   9.895765e-21   12
  5.890486e-02   2.163410e-20   7.947286e-10   3.136866e-21   30
  6.209118e-02   9.961330e-21   0.000000e+00   1.848779e-21   24
  6.512178e-02   1.425327e-20   1.216675e-09   2.982558e-21   24
  6.801748e-02   1.033857e-20   7.450581e-10   2.778947e-21   8
  7.079483e-02   1.057470e-20   9.934107e-10   3.067429e-21   24
  7.346727e-02   1.050043e-20   0.000000e+00   1.619788e-21   48
  7.853982e-02   3.512468e-21   0.000000e+00   8.282625e-22   6
  8.095699e-02   6.957749e-21   9.934107e-10   1.011304e-21   48
  8.330406e-02   6.815073e-21   9.365966e-10   1.330561e-21   36
  8.558678e-02   6.080213e-21   9.934107e-10   9.921731e-22   24
  8.781018e-02   8.047504e-21   1.404895e-09   1.372535e-21   24
  8.997866e-02   6.262917e-21   0.000000e+00   7.748096e-22   48
  9.209610e-02   8.348455e-21   1.404895e-09   1.137296e-21   24
  9.619124e-02   4.532009e-21   1.404895e-09   6.155060e-22   24
  9.817477e-02   3.347770e-21   0.000000e+00   5.507266e-22   30
  1.001190e-01   5.510397e-21   0.000000e+00   6.391962e-22   72
  1.020262e-01   3.458865e-21   1.490116e-09   5.300324e-22   32
  1.057375e-01   3.772567e-21   0.000000e+00   3.982076e-22   72
  1.075451e-01   2.813828e-21   0.000000e+00   4.298334e-22   48
  1.110721e-01   4.376207e-21   0.000000e+00   1.504701e-21   12
  1.127942e-01   2.798604e-21   0.000000e+00   4.097652e-22   48
  1.144905e-01   3.212045e-21   0.000000e+00   4.223735e-22   48
  1.161620e-01   3.440848e-21   1.404895e-09   5.480614e-22   48
  1.178097e-01   3.831299e-21   1.589457e-09   7.957489e-22   30
  1.194348e-01   2.527771e-21   0.000000e+00   3.455839e-22   24
  1.210380e-01   2.731391e-21   2.961779e-09   3.326942e-22   72
  1.241824e-01   2.519080e-21   0.000000e+00   7.339592e-22   24
  1.257251e-01   1.883617e-21   0.000000e+00   2.024846e-22   96
  1.272490e-01   1.938663e-21   0.000000e+00   2.809312e-22   48
  1.287550e-01   1.467631e-21   2.433349e-09   1.710673e-22   24
  1.302436e-01   2.953200e-21   2.433349e-09   4.500329e-22   24
  1.317153e-01   1.823523e-21   0.000000e+00   1.970037e-22   72
  1.331707e-01   1.206891e-21   0.000000e+00   1.679197e-22   48
  1.360350e-01   2.370782e-21   1.490116e-09   5.742746e-22   8
  1.374447e-01   1.887694e-21   1.766064e-09   2.170164e-22   54
  1.388401e-01   1.892962e-21   0.000000e+00   1.793732e-22   84
  1.402216e-01   1.078819e-21   0.000000e+00   1.454600e-22   48
  1.415897e-01   1.138782e-21   1.986821e-09   1.531284e-22   24
  1.429446e-01   1.637704e-21   2.649095e-09   1.976490e-22   72
  1.442869e-01   1.027291e-21   0.000000e+00   1.061831e-22   96
  1.469345e-01   1.407980e-21   0.000000e+00   1.844061e-22   48
  1.482407e-01   7.574505e-22   0.000000e+00   1.173056e-22   48
  1.495354e-01   1.112852e-21   0.000000e+00   2.017624e-22   24
  1.508189e-01   1.164905e-21   0.000000e+00   1.132258e-22   72
  1.533539e-01   9.869305e-22   0.000000e+00   1.634934e-22   72
  1.546058e-01   8.777009e-22   0.000000e+00   9.573800e-23   96
  1.570796e-01   7.150279e-22   0.000000e+00   1.905334e-22   6
  1.583021e-01   8.592548e-22   0.000000e+00   1.051258e-22   96
  1.595151e-01   8.609644e-22   1.986821e-09   9.827896e-23   96
  1.607190e-01   1.259729e-21   0.000000e+00   3.193257e-22   24
  1.619140e-01   8.247981e-22   1.986821e-09   1.011039e-22   48
  1.631002e-01   6.492904e-22   0.000000e+00   5.425191e-23   96
  1.642778e-01   9.238303e-22   0.000000e+00   1.455525e-22   48
  1.666081e-01   6.690973e-22   1.873193e-09   1.745666e-22   36
  1.677611e-01   4.307148e-22   3.441276e-09   6.327735e-23   48
  1.689063e-01   4.769154e-22   3.893359e-09   3.530343e-23   120
  1.700437e-01   6.368019e-22   0.000000e+00   1.412052e-22   56
  1.711736e-01   5.355865e-22   1.986821e-09   1.081791e-22   24
  1.722960e-01   6.738555e-22   0.000000e+00   6.730029e-23   96
  1.734112e-01   6.558131e-22   0.000000e+00   1.003908e-22   48
  1.756204e-01   3.818038e-22   2.809790e-09   5.211227e-23   24
  1.767146e-01   5.553349e-22   0.000000e+00   5.477500e-23   102
  1.778021e-01   5.183277e-22   1.986821e-09   6.507199e-23   48
  1.788829e-01   6.179408e-22   0.000000e+00   7.430870e-23   72
  1.799573e-01   4.984612e-22   0.000000e+00   9.348127e-23   48
  1.810253e-01   5.235662e-22   0.000000e+00   6.334779e-23   48
  1.820871e-01   6.125044e-22   4.495664e-09   4.887136e-23   120
  1.841922e-01   6.935766e-22   2.809790e-09   1.348033e-22   24
  1.852358e-01   3.731806e-22   2.649095e-09   2.967657e-23   144
  1.862735e-01   3.169523e-22   3.178914e-09   2.747847e-23   120
  1.873055e-01   3.386277e-22   2.809790e-09   3.997615e-23   48
  1.893526e-01   3.611812e-22   2.809790e-09   3.399376e-23   48
  1.903679e-01   4.548887e-22   2.809790e-09   3.338652e-23   96
  1.930487e-01   4.199127e-22   4.711199e-04   4.486524e-23   72
  1.943761e-01   3.746811e-22   2.497591e-09   3.809762e-23   108
  1.953653e-01   3.169469e-22   0.000000e+00   2.858797e-23   72
  1.963495e-01   3.109251e-22   0.000000e+00   5.290557e-23   30
  1.973288e-01   2.894431e-22   0.000000e+00   2.135092e-23   168
  1.983033e-01   3.813930e-22   0.000000e+00   5.323145e-23   48
  2.002380e-01   2.833868e-22   0.000000e+00   2.575984e-23   72
  2.011984e-01   2.867453e-22   0.000000e+00   2.921775e-23   96
  2.021542e-01   3.082360e-22   5.298191e-09   3.601745e-23   72
  2.031055e-01   3.537044e-22   0.000000e+00   3.193243e-23   72
  2.047049e-01   3.075349e-22   4.350048e-04   2.946051e-23   104
  2.059331e-01   2.480664e-22   3.746387e-09   1.908638e-23   144
  2.087224e-01   1.927038e-22   6.282881e-09   1.946415e-23   96
  2.096439e-01   1.893701e-22   0.000000e+00   1.714766e-23   96
  2.111095e-01   2.678445e-22   4.475232e-04   2.255807e-23   120
  2.123845e-01   1.907594e-22   0.000000e+00   1.614815e-23   120
  2.132902e-01   1.754951e-22   0.000000e+00   2.100902e-23   72
  2.150901e-01   1.697831e-22   0.000000e+00   2.689635e-23   48
  2.159845e-01   2.509898e-22   4.890638e-09   2.505889e-23   78
  2.171286e-01   1.972704e-22   4.007142e-04   1.586286e-23   168
  2.195255e-01   1.946946e-22   4.588368e-09   1.950040e-23   144
  2.204018e-01   1.777506e-22   3.746387e-09   1.609926e-23   144
  2.229436e-01   2.064260e-22   2.307791e-04   1.470752e-23   156
  2.238729e-01   1.584128e-22   4.866699e-09   2.396836e-23   48
  2.247323e-01   1.810812e-22   3.178914e-09   1.729008e-23   120
  2.255884e-01   2.049532e-22   0.000000e+00   4.274564e-23   48
  2.271022e-01   1.683305e-22   3.532495e-04   1.046967e-23   216
  2.289809e-01   1.174643e-22   0.000000e+00   1.909655e-23   48
  2.298212e-01   1.723347e-22   2.809790e-09   1.685606e-23   96
  2.310160e-01   1.504431e-22   4.128272e-04   1.061598e-23   168
  2.323239e-01   1.598592e-22   2.809790e-09   1.394885e-23   48
  2.331522e-01   1.176889e-22   0.000000e+00   9.781686e-24   96
  2.339775e-01   1.754855e-22   0.000000e+00   2.821932e-23   48
  2.356194e-01   1.306897e-22   3.178914e-09   1.892862e-23   30
  2.364362e-01   1.244894e-22   0.000000e+00   1.160235e-23   96
  2.374123e-01   1.300289e-22   3.244455e-04   7.146321e-24   240
  2.386674e-01   1.357079e-22   3.500299e-04   2.693390e-23   32
  2.396752e-01   1.070457e-22   0.000000e+00   9.738112e-24   168
  2.404781e-01   1.243738e-22   0.000000e+00   1.064835e-23   120
  2.420760e-01   1.001927e-22   5.923557e-09   9.616491e-24   72
  2.428710e-01   9.597241e-23   2.649095e-09   7.917966e-24   144
  2.436634e-01   8.724279e-23   0.000000e+00   1.077305e-23   96
  2.444532e-01   8.860211e-23   0.000000e+00   8.657693e-24   96
  2.460253e-01   9.199067e-23   0.000000e+00   1.051207e-23   72
  2.468075e-01   9.538119e-23   3.973643e-09   9.669331e-24   96
  2.483647e-01   1.370365e-22   0.000000e+00   2.513342e-23   24
  2.491396e-01   1.093073e-22   0.000000e+00   7.258781e-24   192
  2.500522e-01   9.539551e-23   2.970416e-04   7.500331e-24   132
  2.514501e-01   1.076786e-22   0.000000e+00   1.528737e-23   96
  2.522156e-01   1.178615e-22   0.000000e+00   1.000274e-23   96
  2.529787e-01   1.101674e-22   3.178914e-09   9.009546e-24   120
  2.544981e-01   1.180561e-22   0.000000e+00   1.857604e-23   48
  2.557435e-01   9.418300e-23   3.599905e-04   6.024262e-24   222
  2.567603e-01   1.190527e-22   0.000000e+00   8.383484e-24   120
  2.575100e-01   6.480102e-23   4.866699e-09   1.084093e-23   24
  2.586015e-01   8.691283e-23   3.715625e-04   4.473468e-24   312
  2.609797e-01   6.674364e-23   3.483547e-04   6.563822e-24   72
  2.619630e-01   7.763671e-23   4.866699e-09   7.304589e-24   96
  2.629726e-01   7.272608e-23   3.547511e-04   4.823930e-24   192
  2.641613e-01   7.937356e-23   4.495664e-09   5.780919e-24   120
  2.648900e-01   6.928914e-23   0.000000e+00   5.455974e-24   144
  2.663415e-01   9.870140e-23   0.000000e+00   1.478452e-23   48
  2.673732e-01   6.692988e-23   3.567146e-04   3.696594e-24   336
  2.685040e-01   7.771386e-23   0.000000e+00   7.057187e-24   48
  2.699360e-01   7.057819e-23   0.000000e+00   4.805631e-24   192
  2.706492e-01   4.760171e-23   0.000000e+00   6.530826e-24   48
  2.726764e-01   5.845878e-23   2.476067e-04   8.448766e-24   56
  2.736844e-01   6.850103e-23   3.180112e-04   3.597849e-24   336
  2.748894e-01   6.522027e-23   3.532127e-09   8.653638e-24   54
  2.759390e-01   5.902393e-23   3.492904e-04   3.857362e-24   240
  2.781181e-01   5.818071e-23   3.344484e-04   3.616812e-24   228
  2.790651e-01   6.407720e-23   3.746387e-09   8.200072e-24   72
  2.799844e-01   6.896644e-23   3.244231e-04   5.824133e-24   144
  2.811298e-01   5.819773e-23   0.000000e+00   6.374823e-24   96
  2.818146e-01   5.365559e-23   4.495664e-09   3.488178e-24   240
  2.831793e-01   6.739404e-23   3.973643e-09   1.123306e-23   24
  2.840530e-01   6.004785e-23   3.064151e-04   3.299927e-24   336
  2.852142e-01   5.581056e-23   0.000000e+00   5.962466e-24   72
  2.862741e-01   5.742830e-23   3.332831e-04   4.437915e-24   168
  2.872346e-01   6.617825e-23   0.000000e+00   7.502392e-24   72
  2.885737e-01   5.138272e-23   0.000000e+00   4.528090e-24   96
  2.896108e-01   4.339388e-23   3.307829e-04   3.193507e-24   216
  2.905708e-01   3.780042e-23   0.000000e+00   3.647678e-24   96
  2.918946e-01   4.138817e-23   3.973643e-09   2.896139e-24   192
  2.925542e-01   3.893438e-23   3.746387e-09   2.958743e-24   144
  2.938691e-01   5.083689e-23   0.000000e+00   6.600111e-24   48
  2.947794e-01   4.147472e-23   3.189136e-04   2.563258e-24   246
  2.960164e-01   4.616231e-23   2.940434e-04   3.247548e-24   168
  2.971308e-01   5.125079e-23   7.786718e-09   4.427999e-24   120
  2.977788e-01   3.588947e-23   0.000000e+00   2.457601e-24   240
  2.990707e-01   5.255979e-23   0.000000e+00   1.000297e-23   24
  3.001001e-01   3.972502e-23   3.147475e-04   2.305361e-24   360
  3.013820e-01   3.515917e-23   3.134082e-04   3.079315e-24   120
  3.022763e-01   3.457997e-23   0.000000e+00   2.976806e-24   144
  3.029133e-01   4.184182e-23   0.000000e+00   3.632291e-24   96
  3.048165e-01   2.938836e-23   0.000000e+00   1.885010e-24   144
  3.054482e-01   3.185546e-23   0.000000e+00   2.924498e-24   132
  3.063360e-01   3.057321e-23   3.093292e-04   1.996788e-24   176
  3.076248e-01   3.300360e-23   3.123602e-04   1.783154e-24   312
  3.092116e-01   3.207442e-23   0.000000e+00   3.285718e-24   96
  3.098343e-01   2.831110e-23   0.000000e+00   2.098362e-24   144
  3.107899e-01   3.362538e-23   3.092271e-04   1.736209e-24   312
  3.123131e-01   3.655977e-23   0.000000e+00   4.625055e-24   48
  3.129297e-01   3.878051e-23   3.973643e-09   3.004867e-24   192
  3.141593e-01   2.706898e-23   0.000000e+00   5.104042e-24   6
  3.149762e-01   2.737922e-23   2.884066e-04   1.698754e-24   288
  3.162994e-01   2.786939e-23   3.047203e-04   1.916349e-24   192
  3.172124e-01   2.744323e-23   9.345130e-09   1.882022e-24   216
  3.178195e-01   3.492427e-23   0.000000e+00   4.192116e-24   72
  3.193321e-01   3.105908e-23   3.018264e-04   2.199979e-24   192
  3.203366e-01   2.768878e-23   2.241224e-04   1.667290e-24   288
  3.214381e-01   4.318687e-23   0.000000e+00   4.206997e-24   24
  3.222890e-01   2.702422e-23   2.952626e-04   1.230683e-24   456
  3.238280e-01   2.442717e-23   0.000000e+00   3.045904e-24   48
  3.247789e-01   2.665398e-23   2.908218e-04   1.523189e-24   240
  3.258718e-01   2.323033e-23   2.939082e-04   1.517379e-24   216
  3.267908e-01   2.221155e-23   0.000000e+00   2.438420e-24   72
  3.273801e-01   2.561037e-23   1.015467e-08   2.143090e-24   168
  3.290441e-01   2.706105e-23   2.184577e-04   1.603701e-24   288
  3.299773e-01   2.561587e-23   2.890570e-04   1.779770e-24   168
  3.314762e-01   2.041238e-23   0.000000e+00   1.254586e-24   192
  3.320572e-01   2.258903e-23   3.746387e-09   1.624300e-24   144
  3.332162e-01   2.930543e-23   3.746387e-09   3.478831e-24   36
  3.341991e-01   2.425504e-23   2.639705e-04   1.146289e-24   342
  3.351389e-01   2.284993e-23   2.710657e-04   1.960846e-24   144
  3.363470e-01   2.219158e-23   2.842800e-04   1.185913e-24   384
  3.378125e-01   2.538017e-23   7.786718e-09   2.144441e-24   120
  3.385379e-01   2.041917e-23   2.534951e-04   1.224150e-24   264
  3.395201e-01   2.168015e-23   1.256576e-08   1.489776e-24   192
  3.404451e-01   2.268692e-23   2.731894e-04   2.085340e-24   152
  3.412191e-01   2.210397e-23   7.492773e-09   1.509309e-24   144
  3.428472e-01   2.029156e-23   1.768108e-04   1.126260e-24   216
  3.436008e-01   2.043230e-23   2.362665e-04   1.187661e-24   312
  3.449274e-01   2.121597e-23   2.738281e-04   1.391515e-24   240
  3.457090e-01   1.785774e-23   3.973643e-09   1.968915e-24   96
  3.471927e-01   1.734973e-23   2.617995e-04   1.557215e-24   144
  3.481071e-01   1.686104e-23   2.573258e-04   8.120450e-25   456
  3.495904e-01   1.991586e-23   0.000000e+00   1.505143e-24   120
  3.501414e-01   1.747953e-23   0.000000e+00   1.351574e-24   144
  3.512407e-01   8.984177e-24   5.619580e-09   1.950287e-24   24
  3.519456e-01   1.640394e-23   2.473498e-04   8.434235e-25   336
  3.531645e-01   1.841685e-23   2.727931e-04   1.403199e-24   198
  3.543067e-01   1.480471e-23   2.652756e-04   7.504591e-25   432
  3.556041e-01   1.402135e-23   7.947286e-09   1.848042e-24   48
  3.562810e-01   1.531600e-23   2.341925e-04   7.961113e-25   384
  3.574963e-01   1.555538e-23   2.696052e-04   1.308494e-24   144
  3.585975e-01   1.330953e-23   2.676825e-04   8.708826e-25   264
  3.599147e-01   1.415333e-23   0.000000e+00   2.502204e-24   48
  3.607984e-01   1.414810e-23   2.545223e-04   8.708084e-25   276
  3.616510e-01   1.494220e-23   2.307176e-04   9.064318e-25   192
  3.627906e-01   1.273638e-23   2.592759e-04   5.734201e-25   552
  3.641741e-01   1.089019e-23   6.357829e-09   9.822078e-25   120
  3.649965e-01   1.051346e-23   2.624511e-04   7.477596e-25   216
  3.657587e-01   1.493408e-23   6.357829e-09   1.167725e-24   120
  3.671201e-01   1.394020e-23   2.584500e-04   7.983248e-25   408
  3.683844e-01   1.287025e-23   5.619580e-09   1.736977e-24   24
  3.691684e-01   1.396798e-23   2.610810e-04   7.552129e-25   384
  3.702633e-01   1.130689e-23   2.550855e-04   5.996732e-25   240
  3.712141e-01   1.316667e-23   2.569535e-04   1.110847e-24   168
  3.725471e-01   9.987185e-24   0.000000e+00   1.309172e-24   120
  3.734064e-01   1.200720e-23   2.678605e-04   6.333402e-25   350
  3.748037e-01   1.391046e-23   4.409502e-04   7.297229e-25   384
  3.756388e-01   1.104870e-23   0.000000e+00   9.316752e-25   144
  3.771752e-01   1.125110e-23   5.298191e-09   6.861348e-25   288
  3.779773e-01   9.927267e-24   2.524053e-04   5.197074e-25   336
  3.790686e-01   1.232875e-23   2.297941e-04   9.932336e-25   168
  3.797219e-01   1.108198e-23   1.506181e-08   5.160056e-25   336
  3.810732e-01   1.000604e-23   2.385126e-04   6.001100e-25   288
  3.818848e-01   1.158760e-23   2.247398e-04   6.817665e-25   264
  3.832590e-01   1.051021e-23   0.000000e+00   7.371133e-25   240
  3.837616e-01   1.130213e-23   0.000000e+00   1.016514e-24   96
  3.855656e-01   1.047941e-23   3.056310e-04   5.260089e-25   360
  3.864075e-01   9.525169e-24   2.253025e-04   7.227968e-25   168
  3.874713e-01   9.496989e-24   2.456032e-04   4.429851e-25   456
  3.887523e-01   7.975952e-24   7.064254e-09   9.318047e-25   108
  3.894728e-01   8.184081e-24   2.464311e-04   4.906860e-25   264
  3.903716e-01   9.166325e-24   2.198567e-04   5.565358e-25   264
  3.916025e-01   9.004506e-24   2.074668e-04   5.791281e-25   312
  3.931351e-01   8.350602e-24   1.541705e-04   5.215334e-25   270
  3.937775e-01   1.032661e-23   1.957388e-04   7.038362e-25   240
  3.949323e-01   7.942270e-24   2.421536e-04   3.931870e-25   384
  3.956334e-01   8.827307e-24   7.947286e-09   6.744244e-25   192
  3.969952e-01   8.568030e-24   1.942960e-04   5.873971e-25   240
  3.977852e-01   8.331020e-24   2.397927e-04   4.591214e-25   336
  3.992708e-01   9.237141e-24   2.413972e-04   4.254671e-25   480
  4.004761e-01   7.268192e-24   5.298191e-09   6.805188e-25   72
  4.011493e-01   7.705787e-24   2.353842e-04   4.547839e-25   240
  4.020650e-01   8.705717e-24   2.212289e-04   4.733496e-25   312
  4.031147e-01   8.366361e-24   2.390954e-04   5.987802e-25   240
  4.047009e-01   7.601736e-24   1.816506e-04   3.517675e-25   408
  4.053288e-01   6.554420e-24   1.663482e-04   3.523460e-25   336
  4.065560e-01   7.723353e-24   2.112212e-04   4.862559e-25   264
  4.071591e-01   6.730034e-24   0.000000e+00   4.588694e-25   144
  4.088370e-01   6.775274e-24   2.927651e-04   3.049286e-25   464
  4.097211e-01   7.688130e-24   2.328083e-04   6.320858e-25   168
  4.105939e-01   7.027925e-24   2.120376e-04   4.293794e-25   336
  4.121713e-01   7.351692e-24   2.227870e-04   3.817112e-25   414
  4.130606e-01   8.101731e-24   2.319080e-04   5.423706e-25   216
  4.141998e-01   7.859428e-24   5.619580e-09   7.915083e-25   96
  4.146649e-01   6.662084e-24   1.376510e-08   3.386556e-25   384
  4.162944e-01   6.537908e-24   2.314600e-04   2.897688e-25   492
  4.171676e-01   6.830122e-24   2.263480e-04   4.556720e-25   240
  4.181546e-01   6.729458e-24   2.298225e-04   4.420126e-25   312
  4.195176e-01   5.970515e-24   2.297469e-04   4.470694e-25   192
  4.203810e-01   6.471028e-24   2.226525e-04   2.590772e-25   504
  4.215265e-01   6.421980e-24   1.473998e-04   3.713908e-25   408
  4.224284e-01   5.797557e-24   4.515774e-04   4.113909e-25   168
  4.235571e-01   6.003806e-24   2.145032e-04   3.274124e-25   288
  4.245041e-01   6.048123e-24   2.238525e-04   3.614046e-25   288
  4.254743e-01   5.701266e-24   2.251410e-04   2.870968e-25   432
  4.268815e-01   5.420662e-24   2.129084e-04   4.455546e-25   216
  4.276334e-01   5.554082e-24   2.124592e-04   3.167796e-25   360
  4.289721e-01   6.194174e-24   2.073582e-04   3.697653e-25   312
  4.301803e-01   3.718393e-24   0.000000e+00   3.975820e-25   48
  4.308767e-01   5.218660e-24   2.223178e-04   2.555471e-25   432
  4.321240e-01   5.191654e-24   3.708284e-04   2.375652e-25   414
  4.328606e-01   5.569788e-24   8.470833e-09   3.201762e-25   312
  4.342347e-01   5.209074e-24   3.253813e-04   2.106204e-25   528
  4.351620e-01   4.927478e-24   1.707976e-04   3.486317e-25   264
  4.362761e-01   5.402937e-24   2.025191e-04   2.541009e-25   480
  4.377318e-01   5.047250e-24   0.000000e+00   3.001567e-25   288
  4.383604e-01   3.779504e-24   2.176005e-04   2.414999e-25   168
  4.395105e-01   4.710555e-24   3.444610e-04   1.887490e-25   504
  4.408036e-01   5.920260e-24   5.298191e-09   5.233455e-25   144
  4.416171e-01   4.388253e-24   2.212265e-04   2.015542e-25   464
  4.428396e-01   4.836556e-24   3.246624e-04   2.393765e-25   432
  4.434197e-01   4.631566e-24   5.619580e-09   3.210583e-25   192
  4.449189e-01   3.791057e-24   2.406833e-04   1.807428e-25   396
  4.458042e-01   4.232194e-24   2.162000e-04   2.273619e-25   288
  4.466990e-01   3.872053e-24   2.135686e-04   1.847111e-25   336
  4.481283e-01   3.769767e-24   1.352359e-04   2.406449e-25   432
  4.490354e-01   4.108677e-24   3.505126e-04   2.317889e-25   360
  4.500539e-01   4.166663e-24   2.073334e-04   1.902107e-25   384
  4.515004e-01   4.764036e-24   1.830116e-04   3.769657e-25   198
  4.521974e-01   4.059555e-24   2.080246e-04   1.533560e-25   552
  4.534970e-01   3.803952e-24   2.912202e-04   1.679922e-25   432
  4.545821e-01   4.124291e-24   1.112388e-08   3.503308e-25   168
  4.554927e-01   3.552365e-24   3.610065e-04   1.588375e-25   480
  4.566974e-01   5.147792e-24   0.000000e+00   4.297875e-25   120
  4.572396e-01   3.981702e-24   2.948545e-04   2.270141e-25   336
  4.585628e-01   3.744487e-24   2.080152e-04   1.467258e-25   672
  4.598711e-01   3.533729e-24   3.025866e-04   1.648363e-25   528
  4.604805e-01   4.094795e-24   9.082613e-09   3.038345e-25   168
  4.618883e-01   3.458594e-24   3.375333e-04   1.754758e-25   456
  4.627474e-01   3.677108e-24   2.061344e-04   3.217480e-25   168
  4.636392e-01   3.788093e-24   2.057643e-04   1.770154e-25   504
  4.651216e-01   3.138042e-24   2.647872e-04   1.728185e-25   336
  4.660180e-01   3.252952e-24   1.908802e-04   1.804545e-25   312
  4.670124e-01   3.068839e-24   1.865029e-04   1.396443e-25   504
  4.683210e-01   2.912193e-24   1.294009e-04   1.421667e-25   432
  4.689362e-01   3.298818e-24   1.999672e-04   1.734804e-25   312
  4.702151e-01   3.274719e-24   2.049761e-04   1.758715e-25   384
  4.715504e-01   2.896897e-24   1.741510e-04   2.430005e-25   126
  4.723748e-01   2.966511e-24   3.057676e-04   1.435094e-25   492
  4.734278e-01   3.065276e-24   1.958445e-04   1.313470e-25   528
  4.747438e-01   2.895728e-24   1.989360e-04   1.438850e-25   480
  4.755596e-01   3.126092e-24   2.748289e-04   1.431944e-25   432
  4.767402e-01   2.902915e-24   2.161166e-04   1.540605e-25   440
  4.781114e-01   3.199415e-24   1.074739e-04   1.795796e-25   312
  4.786259e-01   2.846250e-24   1.610586e-04   1.480147e-25   480
  4.796813e-01   2.738097e-24   3.153497e-04   1.703733e-25   408
  4.812233e-01   3.059021e-24   1.888588e-04   1.577389e-25   360
  4.818747e-01   2.715947e-24   1.822418e-04   1.289871e-25   408
  4.830820e-01   2.567404e-24   1.854542e-04   1.279885e-25   456
  4.844414e-01   2.996089e-24   1.772485e-04   1.757171e-25   264
  4.851959e-01   2.491542e-24   1.923591e-04   1.308491e-25   384
  4.862943e-01   2.506735e-24   3.238501e-04   9.605720e-26   672
  4.875640e-01   2.665646e-24   1.937042e-04   1.572352e-25   240
  4.882967e-01   2.464079e-24   1.965613e-04   1.414903e-25   264
  4.893308e-01   2.428607e-24   2.424259e-04   9.603158e-26   624
  4.908739e-01   1.929617e-24   0.000000e+00   1.585600e-25   150
  4.914232e-01   2.452680e-24   2.716574e-04   1.053251e-25   600
  4.925819e-01   2.587724e-24   1.874909e-04   9.922505e-26   672
  4.938939e-01   2.573979e-24   1.763484e-04   1.392873e-25   336
  4.946248e-01   2.079560e-24   1.918157e-04   1.094128e-25   408
  4.957926e-01   2.723613e-24   1.913639e-04   1.423796e-25   408
  4.970915e-01   2.500404e-24   9.676385e-05   1.349163e-25   360
  4.978921e-01   2.294530e-24   3.552857e-04   1.126399e-25   456
  4.988592e-01   2.284199e-24   1.932065e-04   1.280634e-25   384
  5.000902e-01   1.801384e-24   1.783541e-04   9.448753e-26   348
  5.007554e-01   2.161034e-24   2.198754e-04   8.923285e-26   576
  5.020050e-01   2.171607e-24   1.810385e-04   9.821591e-26   504
  5.032833e-01   2.184675e-24   2.553443e-04   1.160656e-25   432
  5.043991e-01   2.090768e-24   3.473946e-04   9.111897e-26   576
  5.051948e-01   1.893672e-24   0.000000e+00   1.198526e-25   264
  5.064571e-01   2.012412e-24   2.764393e-04   7.735183e-26   768
  5.075549e-01   1.757246e-24   3.721752e-04   1.244792e-25   240
  5.084277e-01   1.824939e-24   3.282233e-04   1.299370e-25   192
  5.096990e-01   1.943397e-24   2.416124e-04   9.132319e-26   504
  5.106418e-01   1.780823e-24   3.255818e-04   7.963931e-26   590
  5.115460e-01   1.726799e-24   3.647966e-04   8.241480e-26   384
  5.126798e-01   1.629345e-24   3.048625e-04   7.377653e-26   504
  5.140486e-01   1.730219e-24   2.933830e-04   7.612580e-26   648
  5.153764e-01   1.620431e-24   7.967896e-05   7.072154e-26   504
  5.159117e-01   1.567145e-24   1.817627e-04   8.784062e-26   312
  5.168569e-01   1.717941e-24   2.618753e-04   7.119882e-26   576
  5.181545e-01   1.959371e-24   1.822405e-04   1.302259e-25   240
  5.189109e-01   1.766216e-24   1.841453e-04   7.754374e-26   552
  5.199816e-01   1.785360e-24   1.729082e-04   7.136786e-26   600
  5.215067e-01   1.670718e-24   2.111937e-04   7.185892e-26   600
  5.224237e-01   1.759147e-24   3.382099e-04   9.534466e-26   312
  5.233368e-01   1.712791e-24   2.945474e-04   8.178388e-26   480
  5.244775e-01   1.602255e-24   1.837693e-04   7.421179e-26   576
  5.254818e-01   1.276542e-24   2.959085e-04   6.742413e-26   408
  5.263729e-01   1.256580e-24   3.451909e-04   1.010772e-25   216
  5.275243e-01   1.459810e-24   2.643774e-04   6.281941e-26   516
  5.287578e-01   1.582443e-24   2.522429e-04   6.549613e-26   744
  5.300304e-01   1.483417e-24   1.684760e-04   7.126654e-26   462
  5.307494e-01   1.311757e-24   1.712315e-04   6.807292e-26   432
  5.318647e-01   1.484050e-24   1.588547e-04   5.650712e-26   648
  5.331761e-01   1.297531e-24   2.324340e-04   5.593696e-26   528
  5.342295e-01   1.579157e-24   2.799086e-04   6.669879e-26   600
  5.352820e-01   1.433269e-24   3.528915e-04   9.731997e-26   240
  5.363014e-01   1.448225e-24   2.703115e-04   5.469593e-26   720
  5.374863e-01   1.268704e-24   2.138653e-04   5.335428e-26   720
  5.387997e-01   1.007145e-24   0.000000e+00   6.622809e-26   144
  5.394909e-01   1.359758e-24   2.757364e-04   4.818422e-26   720
  5.404742e-01   1.393309e-24   1.653370e-04   7.284108e-26   384
  5.417051e-01   1.361748e-24   1.832848e-04   5.876112e-26   672
  5.428730e-01   1.307518e-24   3.209115e-04   7.583440e-26   336
  5.434308e-01   1.040245e-24   0.000000e+00   5.820660e-26   288
  5.447967e-01   1.292589e-24   2.539800e-04   4.663256e-26   776
  5.460612e-01   1.363110e-24   2.173184e-04   4.765447e-26   720
  5.471231e-01   1.236617e-24   1.750659e-04   5.953851e-26   432
  5.479725e-01   1.429664e-24   2.495786e-04   6.006349e-26   504
  5.489174e-01   1.403782e-24   1.748652e-04   5.947380e-26   528
  5.502396e-01   1.147605e-24   2.382437e-04   6.052684e-26   438
  5.513273e-01   1.131039e-24   2.772938e-04   5.102942e-26   624
  5.521470e-01   1.209935e-24   3.396475e-04   6.726747e-26   312
  5.532738e-01   1.256375e-24   1.829935e-04   4.858254e-26   696
  5.544390e-01   9.799683e-25   1.655760e-04   4.410814e-26   552
  5.556509e-01   1.152219e-24   1.281006e-04   5.910770e-26   516
  5.564006e-01   1.105143e-24   2.558713e-04   5.130288e-26   528
  5.573133e-01   1.047758e-24   1.664001e-04   4.574066e-26   528
  5.586097e-01   9.630884e-25   2.194479e-04   3.363111e-26   864
  5.594897e-01   9.814611e-25   3.005985e-04   5.709597e-26   408
  5.603706e-01   1.237054e-24   2.978186e-04   8.894322e-26   192
  5.616191e-01   1.039510e-24   2.464592e-04   4.750038e-26   720
  5.626731e-01   1.100632e-24   2.272475e-04   4.542949e-26   696
  5.639255e-01   1.009621e-24   2.454294e-04   4.222246e-26   720
  5.650713e-01   1.187891e-24   3.326501e-04   6.019256e-26   432
  5.657395e-01   1.015952e-24   1.958109e-04   7.079100e-26   264
  5.669418e-01   9.727285e-25   2.704061e-04   3.840273e-26   672
  5.680171e-01   8.596905e-25   2.768544e-04   3.417304e-26   600
  5.692933e-01   7.606849e-25   1.620980e-04   4.838754e-26   270
  5.699366e-01   8.179703e-25   2.440026e-04   3.816711e-26   528
  5.709591e-01   8.993999e-25   1.670843e-04   3.228722e-26   840
  5.723613e-01   9.125737e-25   3.194952e-04   3.187554e-26   888
  5.736568e-01   8.924984e-25   2.380474e-04   3.321054e-26   744
  5.747517e-01   7.682104e-25   1.223216e-04   3.901768e-26   456
  5.752963e-01   1.059486e-24   1.671601e-04   6.169337e-26   360
  5.762282e-01   8.653789e-25   1.448348e-04   4.790269e-26   384
  5.776580e-01   9.438752e-25   2.323137e-04   3.354615e-26   816
  5.787308e-01   8.416505e-25   3.370546e-04   2.888005e-26   824
  5.800348e-01   9.195652e-25   1.566791e-04   4.633253e-26   360
  5.807331e-01   8.194152e-25   2.311994e-04   3.690319e-26   624
  5.816941e-01   9.777555e-25   1.562320e-04   6.074215e-26   360
  5.829744e-01   8.132321e-25   2.125215e-04   2.741944e-26   876
  5.841306e-01   8.552967e-25   2.524119e-04   3.502617e-26   696
  5.852967e-01   7.800039e-25   1.629911e-04   4.248559e-26   336
  5.859080e-01   7.507702e-25   1.628079e-04   3.453903e-26   504
  5.869176e-01   8.329962e-25   1.642187e-04   3.366354e-26   672
  5.884155e-01   8.015882e-25   3.269213e-04   3.104580e-26   720
  5.894543e-01   7.399242e-25   2.469541e-04   2.959532e-26   774
  5.906010e-01   6.531425e-25   1.413501e-04   3.376662e-26   384
  5.912015e-01   8.237563e-25   2.720183e-04   3.797949e-26   528
  5.921335e-01   7.529663e-25   2.592486e-04   3.031986e-26   744
  5.936327e-01   8.279689e-25   2.138251e-04   3.381859e-26   768
  5.946281e-01   6.380219e-25   2.400348e-04   2.727345e-26   552
  5.958700e-01   6.778284e-25   2.616108e-04   2.902250e-26   696
  5.967938e-01   7.384840e-25   3.179026e-04   4.273493e-26   408
  5.975272e-01   7.071411e-25   1.373364e-04   3.030164e-26   504
  5.986899e-01   7.039149e-25   2.467198e-04   2.651006e-26   888
  5.998339e-01   6.951557e-25   2.564132e-04   2.825071e-26   648
  6.010230e-01   7.081290e-25   2.542153e-04   3.047416e-26   648
  6.021418e-01   6.210912e-25   2.741064e-04   2.281046e-26   792
  6.033268e-01   5.761942e-25   4.010364e-04   2.683287e-26   600
  6.042000e-01   5.556978e-25   2.717856e-04   2.416543e-26   456
  6.051191e-01   6.758477e-25   1.324567e-04   2.826231e-26   648
  6.062996e-01   6.564791e-25   2.583099e-04   2.179861e-26   936
  6.075741e-01   7.495910e-25   1.586356e-04   4.325761e-26   384
  6.086836e-01   5.818014e-25   0.000000e+00   3.998071e-26   198
  6.095398e-01   5.801788e-25   4.024720e-04   1.845804e-26   1224
  6.104634e-01   6.522775e-25   2.931235e-04   3.419989e-26   420
  6.115558e-01   5.311597e-25   2.836822e-04   2.047417e-26   792
  6.126238e-01   5.659540e-25   2.345810e-04   2.206657e-26   680
  6.138428e-01   5.430335e-25   2.154033e-04   2.493913e-26   600
  6.148235e-01   5.434333e-25   3.123938e-04   1.851671e-26   840
  6.161330e-01   5.944050e-25   1.474979e-04   3.315950e-26   432
  6.166334e-01   5.504535e-25   1.382250e-04   2.143298e-26   720
  6.177213e-01   5.655211e-25   2.768404e-04   1.974230e-26   960
  6.190745e-01   5.154539e-25   2.467829e-04   2.437948e-26   528
  6.200634e-01   4.991811e-25   2.522592e-04   2.111520e-26   624
  6.212404e-01   5.563174e-25   1.982740e-04   2.094788e-26   816
  6.224086e-01   4.700101e-25   3.260658e-04   1.914526e-26   696
  6.236996e-01   5.479528e-25   1.798266e-08   3.743832e-26   240
  6.241851e-01   5.494047e-25   1.922888e-04   2.413070e-26   672
  6.252686e-01   4.710825e-25   3.436476e-04   1.931593e-26   864
  6.264840e-01   4.320623e-25   2.636938e-04   1.706623e-26   816
  6.275795e-01   4.399371e-25   1.509292e-04   2.030765e-26   648
  6.287594e-01   4.829679e-25   1.542771e-04   1.672816e-26   843
  6.297611e-01   3.974656e-25   2.775825e-04   1.546024e-26   780
  6.309548e-01   3.824623e-25   1.489456e-04   2.623104e-26   216
  6.316911e-01   4.422229e-25   3.591661e-04   1.463852e-26   1056
  6.328235e-01   4.140712e-25   2.938382e-04   2.413112e-26   228
  6.338720e-01   4.715918e-25   3.658358e-04   1.721584e-26   924
  6.349484e-01   4.927020e-25   1.357046e-04   1.852852e-26   696
  6.360882e-01   3.737940e-25   2.415153e-04   1.259798e-26   996
  6.372543e-01   3.864401e-25   1.425858e-04   1.762784e-26   576
  6.384675e-01   4.327356e-25   2.200718e-04   2.495705e-26   552
  6.393519e-01   4.646669e-25   2.627580e-04   2.481788e-26   516
  6.402494e-01   3.985040e-25   3.821047e-04   1.459652e-26   744
  6.412749e-01   3.619834e-25   1.874451e-04   1.716719e-26   576
  6.421669e-01   3.537794e-25   1.929285e-04   1.480759e-26   792
  6.434346e-01   3.722453e-25   2.205530e-04   1.376319e-26   792
  6.443636e-01   3.592919e-25   2.378641e-04   1.511763e-26   720
  6.456200e-01   3.317087e-25   2.711104e-04   1.229388e-26   656
  6.467974e-01   3.606828e-25   2.960385e-04   1.432210e-26   816
  6.480043e-01   3.357333e-25   1.596190e-04   1.610390e-26   492
  6.486903e-01   3.712398e-25   2.296231e-04   1.646023e-26   552
  6.499778e-01   3.080551e-25   3.992867e-04   1.398124e-26   780
  6.508139e-01   3.409110e-25   2.452771e-04   1.809425e-26   528
  6.517148e-01   3.134800e-25   2.863130e-04   1.388584e-26   600
  6.530425e-01   3.655009e-25   2.379487e-04   1.324197e-26   900
  6.539577e-01   3.235404e-25   1.317325e-04   1.636932e-26   696
  6.552168e-01   2.891647e-25   3.330907e-04   1.252047e-26   696
  6.564349e-01   2.836267e-25   1.351317e-04   1.127301e-26   552
  6.574592e-01   2.544866e-25   1.571457e-04   1.125511e-26   708
  6.585322e-01   2.962098e-25   2.594565e-04   1.121422e-26   876
  6.596487e-01   3.424418e-25   1.377663e-04   3.402384e-26   216
  6.603980e-01   2.910305e-25   3.768094e-04   9.992424e-27   1032
  6.615201e-01   2.628958e-25   4.195357e-04   1.165422e-26   600
  6.626848e-01   2.295203e-25   2.001869e-04   9.434484e-27   600
  6.635732e-01   2.802270e-25   3.535112e-04   1.431582e-26   528
  6.646233e-01   2.662626e-25   1.940622e-04   1.115759e-26   732
  6.657296e-01   2.799446e-25   1.432973e-04   1.658229e-26   336
  6.670031e-01   2.522785e-25   2.042271e-04   9.866201e-27   912
  6.679548e-01   2.086414e-25   2.049821e-04   8.622185e-27   624
  6.689946e-01   2.477977e-25   1.727341e-04   1.081578e-26   768
  6.702082e-01   2.670622e-25   3.116463e-04   1.051114e-26   792
  6.713995e-01   2.255654e-25   1.545014e-04   1.025373e-26   660
  6.722471e-01   2.152468e-25   2.276826e-04   1.208319e-26   504
  6.731238e-01   2.151260e-25   3.719898e-04   1.149523e-26   480
  6.744376e-01   1.696147e-25   3.440421e-04   6.514351e-27   912
  6.754664e-01   2.557147e-25   3.831443e-04   1.534939e-26   432
  6.764380e-01   2.269497e-25   2.275021e-04   1.249604e-26   564
  6.773006e-01   2.139232e-25   2.177508e-04   9.744403e-27   600
  6.785149e-01   2.411779e-25   3.035240e-04   9.332793e-27   876
  6.794272e-01   2.229338e-25   1.364735e-04   1.474799e-26   264
  6.806846e-01   1.980267e-25   2.648123e-04   8.865722e-27   560
  6.816953e-01   1.864015e-25   1.799457e-04   6.601926e-27   840
  6.829222e-01   1.766746e-25   2.774244e-04   6.908904e-27   1008
  6.840568e-01   1.825157e-25   1.241010e-04   8.886283e-27   456
  6.850930e-01   2.208018e-25   1.607553e-04   1.075512e-26   576
  6.860509e-01   1.954054e-25   2.470177e-04   9.106225e-27   612
  6.873140e-01   1.893625e-25   2.206269e-04   8.404502e-27   780
  6.883444e-01   1.892448e-25   2.528284e-04   8.433887e-27   648
  6.893992e-01   2.240835e-25   1.178213e-04   1.641380e-26   312
  6.900734e-01   1.598222e-25   2.993645e-04   6.841909e-27   528
  6.912414e-01   1.535457e-25   3.909551e-04   6.384942e-27   720
  6.923583e-01   1.789972e-25   3.921794e-04   1.028543e-26   576
  6.937124e-01   1.701870e-25   3.383053e-04   8.942688e-27   444
  6.945549e-01   1.736878e-25   3.317685e-04   6.094134e-27   996
  6.955874e-01   1.393640e-25   2.771265e-04   7.991434e-27   432
  6.965633e-01   1.695911e-25   3.033990e-04   9.460882e-27   504
  6.974062e-01   1.408337e-25   1.367883e-04   6.878389e-27   504
  6.986065e-01   1.808330e-25   2.692009e-04   8.059426e-27   876
  6.996926e-01   1.434756e-25   3.098246e-04   7.217899e-27   504
  7.008236e-01   1.387974e-25   1.975899e-04   6.689355e-27   696
  7.017583e-01   1.665274e-25   1.689187e-04   8.140393e-27   492
  7.030300e-01   1.321917e-25   2.418152e-04   7.348425e-27   432
  7.039719e-01   1.576709e-25   2.264335e-04   6.545159e-27   768
  7.050885e-01   1.372121e-25   2.820533e-04   7.138535e-27   648
  7.061547e-01   1.270077e-25   1.840095e-04   6.757030e-27   456
  7.073798e-01   1.339288e-25   2.530430e-04   6.527263e-27   552
  7.082306e-01   1.243621e-25   1.734358e-04   6.068383e-27   648
  7.094016e-01   1.132256e-25   2.826907e-04   3.955579e-27   840
  7.105454e-01   1.413134e-25   1.348092e-04   7.275123e-27   432
  7.116906e-01   1.264346e-25   1.651183e-04   6.694469e-27   600
  7.124870e-01   1.273886e-25   1.759227e-04   7.496806e-27   432
  7.138248e-01   1.248404e-25   1.751482e-04   5.631997e-27   560
  7.147308e-01   1.138426e-25   2.772412e-04   4.646010e-27   840
  7.158652e-01   1.408404e-25   1.642140e-04   8.369747e-27   504
  7.167662e-01   1.083071e-25   3.351509e-04   4.817360e-27   696
  7.180362e-01   1.363571e-25   1.830475e-04   7.671571e-27   384
  7.190254e-01   9.602629e-26   2.681431e-04   4.723332e-27   576
  7.202219e-01   1.064791e-25   1.654845e-04   7.265217e-27   360
  7.211864e-01   1.037081e-25   2.464465e-04   4.536884e-27   828
  7.222268e-01   1.011175e-25   2.195064e-04   5.440301e-27   372
  7.231800e-01   1.045252e-25   3.352284e-04   4.746189e-27   576
  7.244428e-01   1.073400e-25   1.403933e-04   4.584362e-27   636
  7.253425e-01   9.863375e-26   2.706420e-04   4.321704e-27   648
  7.265596e-01   9.521471e-26   2.200024e-04   4.226462e-27   576
  7.274333e-01   9.519021e-26   3.548870e-04   4.760744e-27   528
  7.285953e-01   9.097676e-26   1.517289e-04   5.479555e-27   360
  7.295571e-01   8.756207e-26   3.490332e-04   3.615091e-27   672
  7.308130e-01   9.671182e-26   1.787806e-04   3.947880e-27   804
  7.318582e-01   9.873750e-26   1.972163e-04   5.369463e-27   408
  7.330145e-01   9.644598e-26   1.219011e-04   5.123213e-27   384
  7.337931e-01   7.669025e-26   2.789567e-04   4.523553e-27   480
  7.348913e-01   8.733656e-26   1.802469e-04   4.944966e-27   432
  7.359446e-01   9.693349e-26   3.321566e-04   4.207694e-27   648
  7.371913e-01   8.518821e-26   2.061016e-04   3.877806e-27   624
  7.381033e-01   9.194161e-26   1.874668e-04   5.322265e-27   456
  7.393486e-01   7.552405e-26   2.560963e-04   4.163941e-27   588
  7.401831e-01   7.277816e-26   1.633884e-04   3.564176e-27   600
  7.414016e-01   7.582932e-26   2.548458e-04   2.960687e-27   708
  7.423640e-01   7.108795e-26   1.605479e-04   3.838041e-27   360
  7.434275e-01   8.079181e-26   1.845541e-04   4.264836e-27   552
  7.444470e-01   7.432206e-26   1.294691e-04   5.707926e-27   288
  7.454820e-01   6.609112e-26   2.434372e-04   3.134707e-27   528
  7.464545e-01   7.228701e-26   1.642340e-04   3.479416e-27   456
  7.475410e-01   7.932787e-26   2.912225e-04   3.772189e-27   608
  7.486338e-01   6.204830e-26   1.408967e-04   2.776551e-27   504
  7.498278e-01   5.464114e-26   3.024972e-04   2.687149e-27   540
  7.507642e-01   7.175974e-26   3.247222e-04   4.084965e-27   360
  7.517735e-01   7.845594e-26   1.470509e-04   3.684123e-27   540
  7.526661e-01   6.522458e-26   1.262606e-04   3.059677e-27   576
  7.539642e-01   6.632803e-26   2.927555e-04   3.055953e-27   588
  7.551985e-01   6.742058e-26   4.039143e-04   3.024904e-27   672
  7.562588e-01   7.291991e-26   3.087151e-04   3.452285e-27   552
  7.571135e-01   5.147027e-26   3.088712e-04   4.014530e-27   144
  7.582042e-01   6.714868e-26   2.624178e-04   3.196186e-27   600
  7.592383e-01   5.367039e-26   3.288668e-04   2.618582e-27   504
  7.603860e-01   5.619635e-26   3.378126e-04   3.774045e-27   336
  7.615932e-01   6.210932e-26   3.797028e-04   2.788393e-27   600
  7.626744e-01   5.674082e-26   2.450478e-04   2.810267e-27   636
  7.638413e-01   6.001843e-26   1.970206e-04   4.392631e-27   384
  7.646595e-01   5.832928e-26   2.748205e-04   3.480218e-27   504
  7.658387e-01   4.746490e-26   1.153383e-04   2.938082e-27   240
  7.667694e-01   5.585414e-26   2.709461e-04   2.140093e-27   744
  7.678860e-01   5.175142e-26   1.850150e-04   2.380740e-27   648
  7.688783e-01   7.525748e-26   1.228185e-04   6.469803e-27   120
  7.700414e-01   4.768497e-26   1.929319e-04   1.878341e-27   564
  7.709202e-01   6.046923e-26   3.030111e-04   3.191165e-27   432
  7.720932e-01   5.011314e-26   2.351965e-04   2.946526e-27   480
  7.729764e-01   3.823953e-26   1.731106e-04   2.063100e-27   456
  7.740189e-01   4.986211e-26   2.864725e-04   2.904672e-27   444
  7.752020e-01   4.689156e-26   4.383180e-04   2.499290e-27   528
  7.762412e-01   5.227459e-26   3.255297e-04   4.185781e-27   264
  7.772498e-01   4.600544e-26   3.336195e-04   2.327646e-27   444
  7.786065e-01   4.717823e-26   3.654311e-04   1.883155e-27   696
  7.797327e-01   4.698556e-26   1.954448e-04   2.820561e-27   384
  7.805563e-01   4.203400e-26   2.469609e-04   1.961080e-27   432
  7.818373e-01   5.364756e-26   1.706384e-04   2.826871e-27   488
  7.826690e-01   5.020591e-26   2.571733e-04   2.372132e-27   480
  7.838749e-01   4.039205e-26   2.868014e-04   2.222611e-27   480
  7.848089e-01   3.976302e-26   1.203331e-04   2.358373e-27   240
  7.858692e-01   4.498225e-26   2.810886e-04   2.133532e-27   600
  7.868694e-01   3.685738e-26   2.449399e-04   2.248860e-27   288
  7.879343e-01   4.446348e-26   2.356143e-04   2.404133e-27   480
  7.890129e-01   3.677113e-26   4.191157e-04   1.942451e-27   504
  7.900748e-01   4.548134e-26   1.798267e-04   3.102325e-27   216
  7.914291e-01   4.086548e-26   2.944050e-04   2.292295e-27   504
  7.924838e-01   3.323553e-26   2.367912e-04   1.747451e-27   456
  7.936384e-01   4.747480e-26   1.358038e-04   2.691603e-27   384
  7.944031e-01   4.845672e-26   2.756326e-04   2.718061e-27   480
  7.954897e-01   3.258046e-26   2.420363e-04   1.716552e-27   504
  7.964966e-01   3.824999e-26   1.535327e-04   2.097860e-27   312
  7.975815e-01   3.874167e-26   2.474127e-04   2.118362e-27   492
  7.985417e-01   4.297652e-26   2.318919e-04   2.693600e-27   312
  7.997779e-01   3.535511e-26   3.766899e-04   1.536685e-27   576
  8.008661e-01   4.027900e-26   3.477153e-04   2.897584e-27   336
  8.017699e-01   2.666281e-26   2.677247e-04   1.817380e-27   240
  8.030228e-01   3.668752e-26   3.549351e-04   1.982745e-27   468
  8.041047e-01   3.249648e-26   2.222407e-04   2.748960e-27   192
  8.052370e-01   2.972183e-26   2.229031e-04   1.937185e-27   324
  8.060669e-01   3.295684e-26   1.617794e-04   1.471949e-27   600
  8.071978e-01   2.981996e-26   2.624704e-04   1.535507e-27   456
  8.080377e-01   3.216705e-26   1.180592e-04   2.040699e-27   336
  8.094297e-01   3.404956e-26   3.535027e-04   1.684193e-27   612
  8.104424e-01   2.751626e-26   2.966749e-04   3.694434e-27   144
  8.114002e-01   3.399530e-26   3.462957e-04   1.686544e-27   552
  8.127025e-01   2.184138e-26   1.363755e-04   1.305072e-27   264
  8.134384e-01   2.786394e-26   3.157441e-04   2.068389e-27   336
  8.145992e-01   2.804548e-26   2.086329e-04   1.434095e-27   384
  8.156059e-01   2.612132e-26   1.174397e-04   1.880628e-27   216
  8.167203e-01   2.332662e-26   2.489964e-04   1.374827e-27   344
  8.177364e-01   2.424187e-26   3.715143e-04   1.363303e-27   408
  8.189746e-01   2.534142e-26   2.854845e-04   2.022696e-27   264
  8.200718e-01   2.485002e-26   3.979796e-04   1.227754e-27   612
  8.211681e-01   3.282144e-26   2.048307e-04   2.009795e-27   408
  8.222956e-01   2.496227e-26   2.051251e-04   1.613297e-27   444
  8.231239e-01   3.878175e-26   1.147249e-04   3.382016e-27   120
  8.242338e-01   2.894386e-26   3.169640e-04   2.090654e-27   336
  8.250576e-01   2.292487e-26   1.101437e-04   1.357625e-27   288
  8.261708e-01   2.528633e-26   3.427692e-04   1.247256e-27   552
  8.277012e-01   2.827160e-26   0.000000e+00   3.486107e-27   72
  8.284882e-01   2.539136e-26   3.404572e-04   1.299348e-27   504
  8.294074e-01   1.574728e-26   1.095558e-04   1.011906e-27   216
  8.305983e-01   2.018916e-26   1.956043e-04   1.271729e-27   312
  8.316675e-01   1.721117e-26   2.227263e-04   1.102944e-27   336
  8.326865e-01   1.767305e-26   3.087236e-04   1.298665e-27   204
  8.337014e-01   2.989380e-26   3.587838e-04   2.022254e-27   504
  8.347777e-01   2.720673e-26   3.416652e-04   1.526894e-27   396
  8.358127e-01   2.179276e-26   3.133249e-04   1.572882e-27   312
  8.370674e-01   2.940946e-26   1.914750e-04   2.508289e-27   216
  8.379516e-01   2.078519e-26   1.039172e-04   1.987230e-27   168
  8.390260e-01   2.117526e-26   2.623966e-04   1.060992e-27   588
  8.402521e-01   1.793053e-26   3.561727e-04   1.515791e-27   240
  8.412047e-01   1.593793e-26   3.145601e-04   1.168760e-27   264
  8.423219e-01   1.887146e-26   3.890183e-04   1.364349e-27   288
  8.433131e-01   2.196443e-26   1.942596e-04   1.652844e-27   288
  8.445693e-01   1.552989e-26   1.824406e-04   1.028909e-27   288
  8.454153e-01   1.868690e-26   2.113423e-04   1.438631e-27   192
  8.464795e-01   1.380196e-26   2.248894e-04   9.882888e-28   264
  8.474933e-01   2.616746e-26   3.699119e-04   1.636798e-27   372
  8.485844e-01   2.736274e-26   3.995208e-04   2.164488e-27   360
  8.499161e-01   2.536909e-26   1.690810e-04   3.146053e-27   144
  8.506044e-01   1.613941e-26   2.348461e-04   1.217800e-27   296
  8.516909e-01   1.615086e-26   2.530345e-04   1.269549e-27   288
  8.529347e-01   1.884912e-26   3.781537e-04   1.130317e-27   480
  8.540076e-01   1.622966e-26   3.142096e-04   2.083128e-27   192
  8.550509e-01   2.031218e-26   3.370327e-04   1.592522e-27   192
  8.559992e-01   1.509844e-26   2.147949e-04   1.066587e-27   288
  8.573180e-01   1.012125e-26   1.869760e-04   1.122696e-27   108
  8.579823e-01   1.433012e-26   1.797545e-04   1.150642e-27   240
  8.591554e-01   1.311326e-26   3.353363e-04   9.203906e-28   384
  8.603605e-01   1.631213e-26   4.090722e-04   1.553553e-27   108
  8.614261e-01   1.905923e-26   2.398466e-04   1.201417e-27   348
  8.625466e-01   1.388651e-26   2.503134e-04   1.347170e-27   312
  8.635474e-01   1.356949e-26   2.432319e-04   2.438626e-27   96
  8.644677e-01   1.462710e-26   3.238194e-04   9.337602e-28   384
  8.654984e-01   1.571962e-26   2.227222e-04   1.206409e-27   144
  8.665066e-01   1.579877e-26   3.422225e-04   9.855374e-28   408
  8.677598e-01   1.019976e-26   1.526554e-04   1.318358e-27   144
  8.689437e-01   1.379195e-26   2.934816e-04   1.263792e-27   192
  8.696459e-01   1.768757e-26   3.303190e-04   1.510721e-27   144
  8.707904e-01   1.103125e-26   2.685615e-04   1.121397e-27   144
  8.718702e-01   1.471642e-26   3.282257e-04   1.188991e-27   336
  8.731927e-01   9.733520e-27   2.428454e-04   6.821621e-28   240
  8.740312e-01   1.031748e-26   1.102739e-04   1.181305e-27   96
  8.752007e-01   1.571084e-26   3.233803e-04   1.187354e-27   372
  8.763838e-01   1.246764e-26   3.846540e-04   1.479162e-27   132
  8.774230e-01   9.765536e-27   2.380193e-04   6.696568e-28   264
  8.783527e-01   1.821500e-26   1.827880e-04   1.818174e-27   168
  8.793449e-01   1.397716e-26   2.922429e-04   1.036136e-27   216
  8.802213e-01   1.108700e-26   1.787978e-04   1.057743e-27   216
  8.814979e-01   7.008639e-27   3.280196e-04   7.275737e-28   96
  8.826561e-01   1.411499e-26   2.140028e-04   1.747988e-27   120
  8.837183e-01   1.032324e-26   2.720578e-04   9.306964e-28   216
  8.845934e-01   8.713147e-27   1.188902e-04   7.429116e-28   200
  8.857519e-01   1.194732e-26   3.077557e-04   1.212435e-27   288
  8.872378e-01   5.385539e-27   8.097649e-05   4.172674e-28   144
  8.878635e-01   1.159935e-26   2.519939e-04   1.629783e-27   168
  8.891412e-01   1.140494e-26   2.835956e-04   1.620606e-27   159
  8.901386e-01   8.026431e-27   2.975600e-04   5.331545e-28   174
  8.911039e-01   7.703689e-27   2.698170e-04   6.532919e-28   144
  8.923678e-01   1.127369e-26   1.557998e-04   9.071132e-28   222
  8.932131e-01   8.203053e-27   1.572158e-04   7.458043e-28   168
  8.946732e-01   1.299109e-26   3.448346e-04   2.617943e-27   30
  8.952763e-01   4.615928e-27   3.044637e-04   5.923567e-28   72
  8.964123e-01   8.012765e-27   2.717302e-04   6.712065e-28   258
  8.976612e-01   7.466829e-27   1.701916e-04   5.719232e-28   264
  8.982857e-01   8.784808e-27   1.835347e-08   1.172026e-27   72
  8.995871e-01   5.230364e-27   3.373270e-04   4.272352e-28   174
  9.007654e-01   8.720966e-27   3.591909e-04   9.621753e-28   168
  9.017127e-01   3.412891e-27   1.123916e-08   4.909586e-28   48
  9.027297e-01   6.023218e-27   2.028435e-04   5.464347e-28   150
  9.039088e-01   9.688361e-27   3.731453e-04   7.675598e-28   168
  9.050911e-01   5.660338e-27   2.273028e-04   5.703239e-28   144
  9.061784e-01   8.813290e-27   2.123525e-04   1.270449e-27   102
  9.069882e-01   3.680396e-27   3.143182e-04   3.108840e-28   96
  9.082731e-01   2.733961e-27   3.119397e-04   2.058958e-28   120
  9.092246e-01   2.914145e-27   3.345635e-04   2.227821e-28   168
  9.102538e-01   9.068468e-27   2.470487e-04   7.634276e-28   126
  9.111308e-01   6.042158e-27   1.863241e-04   6.874509e-28   168
  9.123389e-01   4.195175e-27   2.987709e-04   5.329705e-28   72
  9.133947e-01   4.125789e-27   3.741278e-04   3.382949e-28   168
  9.143196e-01   8.093510e-27   1.025668e-04   1.405871e-27   78
  9.155870e-01   4.207004e-27   1.684070e-04   5.622744e-28   60
  9.166075e-01   8.926396e-27   2.731835e-04   1.516185e-27   96
  9.176659e-01   4.611179e-27   3.314854e-04   3.615624e-28   168
  9.186605e-01   3.445924e-27   2.097511e-04   4.257666e-28   86
  9.197042e-01   3.484926e-27   1.874678e-04   3.863806e-28   120
  9.212002e-01   3.227568e-27   1.336894e-04   2.862006e-28   168
  9.220069e-01   2.441903e-27   0.000000e+00   2.591821e-28   48
  9.230934e-01   6.178155e-27   2.435676e-04   5.897341e-28   120
  9.237177e-01   4.359058e-27   1.776924e-04   5.030901e-28   126
  9.252418e-01   4.095911e-27   3.125113e-04   4.731355e-28   96
  9.262310e-01   4.464721e-27   9.011285e-05   4.346630e-28   96
  9.270111e-01   3.007417e-27   1.059638e-08   3.357492e-28   72
  9.286731e-01   3.292437e-27   1.123916e-08   6.389234e-28   24
  9.297104e-01   4.044972e-27   1.854501e-04   3.981441e-28   120
  9.305196e-01   3.463099e-27   2.705147e-04   3.828635e-28   126
  9.314194e-01   3.451461e-27   2.255107e-04   3.460755e-28   96
  9.324708e-01   2.279528e-27   3.897482e-04   2.406900e-28   72
  9.336415e-01   3.009984e-27   1.685792e-04   2.498512e-28   144
  9.346046e-01   2.399930e-27   9.723254e-05   2.970263e-28   72
  9.355666e-01   4.047452e-27   1.942081e-04   6.253910e-28   54
  9.364132e-01   4.051532e-27   1.711436e-04   3.941012e-28   108
  9.381728e-01   4.475671e-27   1.677650e-04   4.255057e-28   72
  9.387206e-01   2.864194e-27   9.680617e-05   2.748544e-28   72
  9.400202e-01   1.914940e-27   1.946680e-08   2.960682e-28   24
  9.412498e-01   1.651358e-27   2.047976e-04   2.545629e-28   48
  9.419964e-01   3.414012e-27   1.560029e-04   3.871790e-28   102
  9.431203e-01   2.361534e-27   3.528137e-04   1.800123e-28   168
  9.445889e-01   2.141124e-27   1.924163e-04   2.818893e-28   72
  9.451330e-01   2.451251e-27   0.000000e+00   3.434044e-28   48
  9.462744e-01   2.586498e-27   3.309678e-04   2.788677e-28   120
  9.477807e-01   2.669154e-27   2.033864e-04   2.517464e-28   96
  9.492033e-01   5.802511e-27   1.798266e-08   1.739494e-27   30
  9.508942e-01   2.747429e-27   9.555995e-05   3.741984e-28   72
  9.516372e-01   2.020851e-27   1.123916e-08   5.147230e-28   24
  9.525916e-01   1.482031e-27   1.416435e-04   2.284228e-28   56
  9.536606e-01   1.423513e-27   2.021324e-04   1.340412e-28   96
  9.549399e-01   2.152178e-27   2.232036e-04   1.792620e-28   144
  9.559263e-01   2.937660e-27   1.267263e-04   4.572217e-28   54
  9.573592e-01   2.322617e-27   1.898493e-04   2.339868e-28   108
  9.588012e-01   4.292822e-27   1.005243e-04   6.748530e-28   48
  9.601739e-01   2.027370e-27   3.785063e-04   2.036093e-28   72
  9.634680e-01   3.642100e-27   2.500803e-04   3.744539e-28   78
  9.643808e-01   1.404772e-27   1.884669e-04   1.380020e-28   72
  9.654462e-01   1.418129e-27   1.882329e-04   1.648803e-28   72
  9.665603e-01   2.138774e-27   4.542266e-04   1.512428e-28   96
  9.674408e-01   1.650727e-27   1.878449e-04   1.240876e-28   72
  9.685029e-01   2.244825e-27   0.000000e+00   3.595757e-28   24
  9.695638e-01   2.136988e-27   3.748416e-04   2.342610e-28   72
  9.719599e-01   1.937790e-27   2.380359e-04   2.666920e-28   30
  9.724755e-01   2.853114e-27   0.000000e+00   5.119441e-28   24
  9.752466e-01   1.537257e-27   1.976584e-04   2.063484e-28   48
  9.761159e-01   1.419540e-27   4.253608e-04   1.506892e-28   120
  9.772870e-01   1.427960e-27   1.859776e-04   1.750892e-28   72
  9.784697e-01   1.576501e-27   1.857528e-04   2.152667e-28   36
  9.792826e-01   1.624345e-27   3.671339e-04   1.675876e-28   78
  9.815513e-01   1.724271e-27   1.963888e-04   2.071340e-28   48
  9.844928e-01   2.280335e-27   1.589457e-08   2.502825e-28   24
  9.865884e-01   7.662869e-28   1.367612e-04   1.206752e-28   56
  9.876436e-01   1.041904e-27   2.104496e-04   1.129315e-28   102
  9.889860e-01   1.223931e-27   1.498555e-08   1.266946e-28   72
  9.897653e-01   1.688308e-27   1.123916e-08   2.584258e-28   24
  9.911277e-01   1.109482e-27   1.944913e-04   1.460416e-28   48
  9.936528e-01   1.562410e-27   0.000000e+00   3.020176e-28   24
  9.967520e-01   8.013435e-28   0.000000e+00   3.663932e-28   6
  9.977185e-01   7.908571e-28   0.000000e+00   1.176205e-28   24
  9.983623e-01   8.400575e-28   1.820511e-04   8.055474e-29   72
  9.995384e-01   8.882367e-28   3.396336e-04   9.740619e-29   84
  1.000805e+00   9.912321e-28   0.000000e+00   2.721502e-28   24
  1.001190e+00   9.209925e-28   1.589457e-08   1.110185e-28   24
  1.003114e+00   1.197940e-27   1.946680e-08   1.456355e-28   24
  1.005800e+00   8.840434e-28   0.000000e+00   3.257521e-28   6
  1.009244e+00   7.151094e-28   1.910001e-04   1.217706e-28   48
  1.010072e+00   7.908041e-28   3.598129e-04   7.861602e-29   72
  1.011152e+00   8.241702e-28   1.906396e-04   9.706976e-29   48
  1.012867e+00   1.393510e-27   0.000000e+00   3.151411e-28   24
  1.015148e+00   1.784427e-27   0.000000e+00   2.659300e-28   6
  1.020262e+00   7.091770e-28   0.000000e+00   1.774568e-28   8
  1.020640e+00   8.965781e-28   1.123916e-08   1.645220e-28   48
  1.021546e+00   6.730186e-28   1.848806e-04   7.261388e-29   60
  1.022904e+00   9.332783e-28   0.000000e+00   1.380958e-28   24
  1.024787e+00   2.124203e-28   0.000000e+00   6.110818e-29   6
  1.031723e+00   5.192726e-28   0.000000e+00   1.252106e-28   24
  1.032283e+00   8.552236e-28   1.867372e-04   8.580731e-29   48
  1.033217e+00   6.289607e-28   0.000000e+00   1.407212e-28   24
  1.034708e+00   4.057391e-28   0.000000e+00   3.589196e-29   6
  1.043181e+00   6.495368e-28   1.742080e-04   1.331070e-28   36
  1.043797e+00   8.153182e-28   0.000000e+00   1.396912e-28   24
  1.044904e+00   7.603772e-28   0.000000e+00   3.907356e-28   6
  1.054545e+00   4.985581e-28   1.583190e-04   5.893531e-29   32
  1.055367e+00   3.682197e-28   0.000000e+00   7.984191e-29   6
  1.065728e+00   4.132877e-28   0.000000e+00   7.566061e-29   12
  1.066089e+00   1.420493e-27   0.000000e+00   4.658360e-28   6
  1.077063e+00   6.663401e-28   0.000000e+00   1.912112e-28   6
