# power spectrum of hij
# redshift z=29.789154
# k              Pk             sigma(k)       sigma(Pk)      count
  1.963495e-02   2.009056e-19   0.000000e+00   6.870250e-20   6
  2.776802e-02   1.150094e-19   0.000000e+00   1.159389e-20   12
  3.400874e-02   1.369067e-19   3.725290e-10   4.192691e-20   8
  3.926991e-02   4.039339e-20   0.000000e+00   1.036719e-21   6
  4.390509e-02   6.198118e-20   7.024475e-10   1.014542e-20   24
  4.809562e-02   3.976774e-20   7.024475e-10   6.843854e-21   24
  5.553604e-02   2.599186e-20   0.000000e+00   5.061383e-21   12
  5.890486e-02   2.150021e-20   7.947286e-10   2.454795e-21   30
  6.209118e-02   1.507196e-20   0.000000e+00   1.611283e-21   24
  6.512178e-02   9.606360e-21   1.216675e-09   1.122381e-21   24
  6.801748e-02   1.144958e-20   7.450581e-10   1.939806e-21   8
  7.079483e-02   1.379607e-20   9.934107e-10   1.424394e-21   24
  7.346727e-02   9.648293e-21   0.000000e+00   7.097795e-22   48
  7.853982e-02   6.838217e-21   0.000000e+00   1.159638e-21   6
  8.095699e-02   6.240842e-21   9.934107e-10   5.653806e-22   48
  8.330406e-02   8.950716e-21   9.365966e-10   8.455837e-22   36
  8.558678e-02   7.352804e-21   9.934107e-10   6.729495e-22   24
  8.781018e-02   4.216542e-21   1.404895e-09   4.939803e-22   24
  8.997866e-02   4.805165e-21   0.000000e+00   5.029059e-22   48
  9.209610e-02   2.304526e-21   1.404895e-09   1.559248e-22   24
  9.619124e-02   3.470531e-21   1.404895e-09   5.090406e-22   24
  9.817477e-02   2.727008e-21   0.000000e+00   3.101469e-22   30
  1.001190e-01   2.948684e-21   0.000000e+00   2.722448e-22   72
  1.020262e-01   2.848258e-21   1.490116e-09   4.428264e-22   32
  1.057375e-01   2.553845e-21   0.000000e+00   2.094893e-22   72
  1.075451e-01   2.176327e-21   0.000000e+00   1.970896e-22   48
  1.110721e-01   2.035192e-21   0.000000e+00   3.773797e-22   12
  1.127942e-01   1.354284e-21   0.000000e+00   1.130814e-22   48
  1.144905e-01   1.050768e-21   0.000000e+00   1.111899e-22   48
  1.161620e-01   1.308960e-21   1.404895e-09   1.218012e-22   48
  1.178097e-01   1.678245e-21   1.589457e-09   4.101607e-22   30
  1.194348e-01   1.375005e-21   0.000000e+00   2.648833e-22   24
  1.210380e-01   1.296678e-21   2.961779e-09   1.024819e-22   72
  1.241824e-01   1.068568e-21   0.000000e+00   1.342650e-22   24
  1.257251e-01   9.510298e-22   0.000000e+00   7.314188e-23   96
  1.272490e-01   7.432866e-22   0.000000e+00   6.125571e-23   48
  1.287550e-01   9.031418e-22   2.433349e-09   1.271396e-22   24
  1.302436e-01   6.561888e-22   2.433349e-09   1.148281e-22   24
  1.317153e-01   7.394627e-22   0.000000e+00   5.351071e-23   72
  1.331707e-01   5.751928e-22   0.000000e+00   4.495702e-23   48
  1.360350e-01   6.597503e-22   1.490116e-09   1.582083e-22   8
  1.374447e-01   5.180195e-22   1.766064e-09   4.795734e-23   54
  1.388401e-01   5.558091e-22   0.000000e+00   5.024093e-23   84
  1.402216e-01   6.209991e-22   0.000000e+00   7.226657e-23   48
  1.415897e-01   7.256360e-22   1.986821e-09   8.835694e-23   24
  1.429446e-01   5.040605e-22   2.649095e-09   3.497932e-23   72
  1.442869e-01   5.077444e-22   0.000000e+00   3.449402e-23   96
  1.469345e-01   3.844753e-22   0.000000e+00   4.027516e-23   48
  1.482407e-01   3.601129e-22   0.000000e+00   2.832752e-23   48
  1.495354e-01   4.969640e-22   0.000000e+00   5.834985e-23   24
  1.508189e-01   3.412910e-22   0.000000e+00   2.643938e-23   72
  1.533539e-01   3.091690e-22   0.000000e+00   2.472358e-23   72
  1.546058e-01   3.751488e-22   0.000000e+00   2.358332e-23   96
  1.570796e-01   2.604967e-22   0.000000e+00   7.073801e-23   6
  1.583021e-01   3.574264e-22   0.000000e+00   2.600350e-23   96
  1.595151e-01   3.186304e-22   1.986821e-09   2.296029e-23   96
  1.607190e-01   2.147898e-22   0.000000e+00   2.683390e-23   24
  1.619140e-01   3.577876e-22   1.986821e-09   2.680512e-23   48
  1.631002e-01   3.077221e-22   0.000000e+00   2.126041e-23   96
  1.642778e-01   2.188673e-22   0.000000e+00   1.883537e-23   48
  1.666081e-01   2.597501e-22   1.873193e-09   2.887759e-23   36
  1.677611e-01   2.018010e-22   3.441276e-09   2.583672e-23   48
  1.689063e-01   1.917935e-22   3.893359e-09   1.295809e-23   120
  1.700437e-01   2.109930e-22   0.000000e+00   2.254253e-23   56
  1.711736e-01   2.520124e-22   1.986821e-09   2.867403e-23   24
  1.722960e-01   2.021211e-22   0.000000e+00   1.300023e-23   96
  1.734112e-01   2.976913e-22   0.000000e+00   3.221244e-23   48
  1.756204e-01   1.863772e-22   2.809790e-09   2.388551e-23   24
  1.767146e-01   1.524030e-22   0.000000e+00   1.248767e-23   102
  1.778021e-01   1.642019e-22   1.986821e-09   1.346489e-23   48
  1.788829e-01   1.592310e-22   0.000000e+00   1.512420e-23   72
  1.799573e-01   1.473061e-22   0.000000e+00   1.393895e-23   48
  1.810253e-01   1.425473e-22   0.000000e+00   1.773340e-23   48
  1.820871e-01   1.272030e-22   4.495664e-09   9.665885e-24   120
  1.841922e-01   1.226413e-22   2.809790e-09   1.327292e-23   24
  1.852358e-01   1.185460e-22   2.649095e-09   6.924233e-24   144
  1.862735e-01   1.189206e-22   3.178914e-09   7.887200e-24   120
  1.873055e-01   9.104476e-23   2.809790e-09   8.074081e-24   48
  1.893526e-01   1.406439e-22   2.809790e-09   1.559644e-23   48
  1.903679e-01   1.013853e-22   2.809790e-09   6.474748e-24   96
  1.930487e-01   1.069366e-22   4.711199e-04   8.952694e-24   72
  1.943761e-01   1.081610e-22   2.497591e-09   5.627842e-24   108
  1.953653e-01   9.793707e-23   0.000000e+00   7.200593e-24   72
  1.963495e-01   1.495465e-22   0.000000e+00   1.835413e-23   30
  1.973288e-01   8.748652e-23   0.000000e+00   5.352063e-24   168
  1.983033e-01   9.105824e-23   0.000000e+00   9.285133e-24   48
  2.002380e-01   7.811704e-23   0.000000e+00   7.086496e-24   72
  2.011984e-01   7.843827e-23   0.000000e+00   5.754456e-24   96
  2.021542e-01   6.453670e-23   5.298191e-09   5.309418e-24   72
  2.031055e-01   8.458915e-23   0.000000e+00   6.860731e-24   72
  2.047049e-01   8.887673e-23   4.350048e-04   7.294503e-24   104
  2.059331e-01   7.294868e-23   3.746387e-09   3.875410e-24   144
  2.087224e-01   5.760225e-23   6.282881e-09   3.689546e-24   96
  2.096439e-01   6.558713e-23   0.000000e+00   5.605657e-24   96
  2.111095e-01   5.666816e-23   4.475232e-04   3.216447e-24   120
  2.123845e-01   6.298514e-23   0.000000e+00   3.357525e-24   120
  2.132902e-01   6.494903e-23   0.000000e+00   5.342775e-24   72
  2.150901e-01   6.868441e-23   0.000000e+00   7.509073e-24   48
  2.159845e-01   5.103603e-23   4.890638e-09   4.528371e-24   78
  2.171286e-01   5.856168e-23   4.007142e-04   2.858871e-24   168
  2.195255e-01   5.691866e-23   4.588368e-09   3.327950e-24   144
  2.204018e-01   4.692530e-23   3.746387e-09   2.686406e-24   144
  2.229436e-01   4.566287e-23   2.307791e-04   2.806498e-24   156
  2.238729e-01   5.755063e-23   4.866699e-09   5.550410e-24   48
  2.247323e-01   3.995036e-23   3.178914e-09   2.630612e-24   120
  2.255884e-01   3.555100e-23   0.000000e+00   3.628447e-24   48
  2.271022e-01   4.385153e-23   3.532495e-04   1.873634e-24   216
  2.289809e-01   3.608567e-23   0.000000e+00   3.470479e-24   48
  2.298212e-01   3.471218e-23   2.809790e-09   2.782598e-24   96
  2.310160e-01   4.659859e-23   4.128272e-04   2.766287e-24   168
  2.323239e-01   3.531640e-23   2.809790e-09   3.496179e-24   48
  2.331522e-01   3.786969e-23   0.000000e+00   2.719827e-24   96
  2.339775e-01   3.578666e-23   0.000000e+00   2.916645e-24   48
  2.356194e-01   3.362230e-23   3.178914e-09   3.032802e-24   30
  2.364362e-01   3.072887e-23   0.000000e+00   1.929651e-24   96
  2.374123e-01   3.134463e-23   3.244455e-04   1.540405e-24   240
  2.386674e-01   4.147196e-23   3.500299e-04   3.635187e-24   32
  2.396752e-01   2.989307e-23   0.000000e+00   1.467054e-24   168
  2.404781e-01   3.112706e-23   0.000000e+00   1.663071e-24   120
  2.420760e-01   3.310833e-23   5.923557e-09   2.681469e-24   72
  2.428710e-01   2.905017e-23   2.649095e-09   1.663832e-24   144
  2.436634e-01   3.268434e-23   0.000000e+00   2.205643e-24   96
  2.444532e-01   2.613993e-23   0.000000e+00   1.911792e-24   96
  2.460253e-01   3.244558e-23   0.000000e+00   2.640339e-24   72
  2.468075e-01   2.404398e-23   3.973643e-09   1.831712e-24   96
  2.483647e-01   3.086130e-23   0.000000e+00   3.789321e-24   24
  2.491396e-01   2.471396e-23   0.000000e+00   1.266588e-24   192
  2.500522e-01   2.133799e-23   2.970416e-04   1.130183e-24   132
  2.514501e-01   2.264312e-23   0.000000e+00   1.729856e-24   96
  2.522156e-01   2.159558e-23   0.000000e+00   1.819126e-24   96
  2.529787e-01   1.950686e-23   3.178914e-09   1.141953e-24   120
  2.544981e-01   2.572057e-23   0.000000e+00   2.124367e-24   48
  2.557435e-01   2.198358e-23   3.599905e-04   9.628326e-25   222
  2.567603e-01   2.514599e-23   0.000000e+00   1.629523e-24   120
  2.575100e-01   1.580884e-23   4.866699e-09   2.078035e-24   24
  2.586015e-01   1.809624e-23   3.715625e-04   6.975824e-25   312
  2.609797e-01   2.150710e-23   3.483547e-04   1.582781e-24   72
  2.619630e-01   1.663462e-23   4.866699e-09   1.308463e-24   96
  2.629726e-01   1.761995e-23   3.547511e-04   8.829164e-25   192
  2.641613e-01   1.956793e-23   4.495664e-09   1.228875e-24   120
  2.648900e-01   1.801749e-23   0.000000e+00   1.140019e-24   144
  2.663415e-01   1.626533e-23   0.000000e+00   1.303655e-24   48
  2.673732e-01   1.549844e-23   3.567146e-04   6.133602e-25   336
  2.685040e-01   1.757862e-23   0.000000e+00   1.925597e-24   48
  2.699360e-01   1.595981e-23   0.000000e+00   8.284224e-25   192
  2.706492e-01   1.466747e-23   0.000000e+00   1.267610e-24   48
  2.726764e-01   1.433819e-23   2.476067e-04   1.047784e-24   56
  2.736844e-01   1.617430e-23   3.180112e-04   6.158706e-25   336
  2.748894e-01   1.336264e-23   3.532127e-09   1.598638e-24   54
  2.759390e-01   1.358191e-23   3.492904e-04   6.005390e-25   240
  2.781181e-01   1.305456e-23   3.344484e-04   5.146187e-25   228
  2.790651e-01   1.384411e-23   3.746387e-09   1.056913e-24   72
  2.799844e-01   1.340832e-23   3.244231e-04   7.516746e-25   144
  2.811298e-01   8.939150e-24   0.000000e+00   5.775314e-25   96
  2.818146e-01   1.237292e-23   4.495664e-09   5.913463e-25   240
  2.831793e-01   1.477828e-23   3.973643e-09   2.122566e-24   24
  2.840530e-01   1.154382e-23   3.064151e-04   4.980958e-25   336
  2.852142e-01   1.003164e-23   0.000000e+00   7.882717e-25   72
  2.862741e-01   1.296434e-23   3.332831e-04   7.843036e-25   168
  2.872346e-01   1.252504e-23   0.000000e+00   1.442683e-24   72
  2.885737e-01   1.302077e-23   0.000000e+00   9.031484e-25   96
  2.896108e-01   9.438599e-24   3.307829e-04   4.720091e-25   216
  2.905708e-01   9.484598e-24   0.000000e+00   6.395699e-25   96
  2.918946e-01   9.933842e-24   3.973643e-09   4.652228e-25   192
  2.925542e-01   9.975753e-24   3.746387e-09   6.279819e-25   144
  2.938691e-01   8.560261e-24   0.000000e+00   7.446673e-25   48
  2.947794e-01   8.769155e-24   3.189136e-04   3.896196e-25   246
  2.960164e-01   8.714509e-24   2.940434e-04   4.580891e-25   168
  2.971308e-01   8.329648e-24   7.786718e-09   5.856927e-25   120
  2.977788e-01   8.600585e-24   0.000000e+00   4.215272e-25   240
  2.990707e-01   9.516396e-24   0.000000e+00   1.278760e-24   24
  3.001001e-01   8.710589e-24   3.147475e-04   3.177199e-25   360
  3.013820e-01   7.664536e-24   3.134082e-04   5.341784e-25   120
  3.022763e-01   8.716693e-24   0.000000e+00   4.416221e-25   144
  3.029133e-01   8.822473e-24   0.000000e+00   7.076696e-25   96
  3.048165e-01   7.054794e-24   0.000000e+00   4.471033e-25   144
  3.054482e-01   8.879742e-24   0.000000e+00   5.711129e-25   132
  3.063360e-01   7.018619e-24   3.093292e-04   3.038909e-25   176
  3.076248e-01   7.539375e-24   3.123602e-04   3.258795e-25   312
  3.092116e-01   7.307696e-24   0.000000e+00   5.051978e-25   96
  3.098343e-01   5.933117e-24   0.000000e+00   3.555622e-25   144
  3.107899e-01   7.119553e-24   3.092271e-04   2.998900e-25   312
  3.123131e-01   5.958383e-24   0.000000e+00   5.782051e-25   48
  3.129297e-01   6.316349e-24   3.973643e-09   3.807839e-25   192
  3.141593e-01   6.498006e-24   0.000000e+00   1.225758e-24   6
  3.149762e-01   5.717006e-24   2.884066e-04   2.375900e-25   288
  3.162994e-01   6.232258e-24   3.047203e-04   3.234673e-25   192
  3.172124e-01   6.405112e-24   9.345130e-09   3.242432e-25   216
  3.178195e-01   5.762293e-24   0.000000e+00   4.860638e-25   72
  3.193321e-01   6.172229e-24   3.018264e-04   2.970527e-25   192
  3.203366e-01   5.368602e-24   2.241224e-04   2.339593e-25   288
  3.214381e-01   6.479474e-24   0.000000e+00   6.016631e-25   24
  3.222890e-01   5.625474e-24   2.952626e-04   1.890765e-25   456
  3.238280e-01   5.360710e-24   0.000000e+00   6.425849e-25   48
  3.247789e-01   4.927728e-24   2.908218e-04   2.025607e-25   240
  3.258718e-01   5.007280e-24   2.939082e-04   2.861877e-25   216
  3.267908e-01   5.459381e-24   0.000000e+00   4.710266e-25   72
  3.273801e-01   5.095808e-24   1.015467e-08   3.289347e-25   168
  3.290441e-01   4.406825e-24   2.184577e-04   1.892772e-25   288
  3.299773e-01   4.087604e-24   2.890570e-04   2.116865e-25   168
  3.314762e-01   4.598958e-24   0.000000e+00   2.534715e-25   192
  3.320572e-01   4.264787e-24   3.746387e-09   2.771917e-25   144
  3.332162e-01   4.923673e-24   3.746387e-09   6.220135e-25   36
  3.341991e-01   4.331745e-24   2.639705e-04   1.736138e-25   342
  3.351389e-01   4.317192e-24   2.710657e-04   2.515801e-25   144
  3.363470e-01   4.069929e-24   2.842800e-04   1.427581e-25   384
  3.378125e-01   4.593426e-24   7.786718e-09   2.977463e-25   120
  3.385379e-01   4.121432e-24   2.534951e-04   1.859420e-25   264
  3.395201e-01   4.166546e-24   1.256576e-08   2.689095e-25   192
  3.404451e-01   3.537287e-24   2.731894e-04   2.281033e-25   152
  3.412191e-01   4.014055e-24   7.492773e-09   2.437245e-25   144
  3.428472e-01   4.008894e-24   1.768108e-04   1.966976e-25   216
  3.436008e-01   3.820824e-24   2.362665e-04   1.472466e-25   312
  3.449274e-01   4.023991e-24   2.738281e-04   1.595701e-25   240
  3.457090e-01   3.022805e-24   3.973643e-09   2.617008e-25   96
  3.471927e-01   3.055344e-24   2.617995e-04   1.714569e-25   144
  3.481071e-01   3.433855e-24   2.573258e-04   1.124888e-25   456
  3.495904e-01   3.311845e-24   0.000000e+00   2.240301e-25   120
  3.501414e-01   3.127959e-24   0.000000e+00   1.790452e-25   144
  3.512407e-01   2.723046e-24   5.619580e-09   3.763471e-25   24
  3.519456e-01   3.113878e-24   2.473498e-04   1.219627e-25   336
  3.531645e-01   3.272355e-24   2.727931e-04   1.769988e-25   198
  3.543067e-01   3.126651e-24   2.652756e-04   1.204535e-25   432
  3.556041e-01   3.248098e-24   7.947286e-09   4.075611e-25   48
  3.562810e-01   3.155940e-24   2.341925e-04   1.121039e-25   384
  3.574963e-01   2.354536e-24   2.696052e-04   1.349118e-25   144
  3.585975e-01   3.195586e-24   2.676825e-04   1.680905e-25   264
  3.599147e-01   2.588277e-24   0.000000e+00   2.094489e-25   48
  3.607984e-01   2.604008e-24   2.545223e-04   1.076536e-25   276
  3.616510e-01   2.806661e-24   2.307176e-04   1.412654e-25   192
  3.627906e-01   2.645255e-24   2.592759e-04   8.911165e-26   552
  3.641741e-01   2.316212e-24   6.357829e-09   1.405012e-25   120
  3.649965e-01   2.065605e-24   2.624511e-04   9.113445e-26   216
  3.657587e-01   2.272294e-24   6.357829e-09   1.728446e-25   120
  3.671201e-01   2.577215e-24   2.584500e-04   9.651715e-26   408
  3.683844e-01   2.183022e-24   5.619580e-09   1.871959e-25   24
  3.691684e-01   2.478425e-24   2.610810e-04   1.016578e-25   384
  3.702633e-01   2.351563e-24   2.550855e-04   1.039104e-25   240
  3.712141e-01   2.462864e-24   2.569535e-04   1.516378e-25   168
  3.725471e-01   2.104403e-24   0.000000e+00   1.631517e-25   120
  3.734064e-01   2.307905e-24   2.678605e-04   1.054584e-25   350
  3.748037e-01   2.415617e-24   4.409502e-04   8.558750e-26   384
  3.756388e-01   2.225566e-24   0.000000e+00   1.253458e-25   144
  3.771752e-01   2.090420e-24   5.298191e-09   8.685532e-26   288
  3.779773e-01   1.997289e-24   2.524053e-04   7.840600e-26   336
  3.790686e-01   2.077215e-24   2.297941e-04   1.115628e-25   168
  3.797219e-01   2.007555e-24   1.506181e-08   7.779361e-26   336
  3.810732e-01   2.233398e-24   2.385126e-04   9.786215e-26   288
  3.818848e-01   1.989382e-24   2.247398e-04   8.126105e-26   264
  3.832590e-01   1.778947e-24   0.000000e+00   7.971768e-26   240
  3.837616e-01   1.937404e-24   0.000000e+00   1.439629e-25   96
  3.855656e-01   1.868468e-24   3.056310e-04   6.880711e-26   360
  3.864075e-01   2.137787e-24   2.253025e-04   1.419544e-25   168
  3.874713e-01   1.688773e-24   2.456032e-04   6.050756e-26   456
  3.887523e-01   1.826659e-24   7.064254e-09   9.950950e-26   108
  3.894728e-01   1.541842e-24   2.464311e-04   7.459393e-26   264
  3.903716e-01   1.699684e-24   2.198567e-04   6.577551e-26   264
  3.916025e-01   1.794847e-24   2.074668e-04   7.086758e-26   312
  3.931351e-01   1.586935e-24   1.541705e-04   7.574662e-26   270
  3.937775e-01   1.426813e-24   1.957388e-04   7.228665e-26   240
  3.949323e-01   1.607493e-24   2.421536e-04   6.174888e-26   384
  3.956334e-01   1.623961e-24   7.947286e-09   9.969349e-26   192
  3.969952e-01   1.800224e-24   1.942960e-04   8.402735e-26   240
  3.977852e-01   1.579543e-24   2.397927e-04   6.940287e-26   336
  3.992708e-01   1.566000e-24   2.413972e-04   4.740858e-26   480
  4.004761e-01   1.817942e-24   5.298191e-09   1.620023e-25   72
  4.011493e-01   1.408586e-24   2.353842e-04   8.297644e-26   240
  4.020650e-01   1.506049e-24   2.212289e-04   5.890337e-26   312
  4.031147e-01   1.412366e-24   2.390954e-04   6.594777e-26   240
  4.047009e-01   1.381576e-24   1.816506e-04   5.164871e-26   408
  4.053288e-01   1.438195e-24   1.663482e-04   5.682917e-26   336
  4.065560e-01   1.609513e-24   2.112212e-04   8.065659e-26   264
  4.071591e-01   1.140888e-24   0.000000e+00   6.039113e-26   144
  4.088370e-01   1.204891e-24   2.927651e-04   4.107069e-26   464
  4.097211e-01   1.263507e-24   2.328083e-04   5.859957e-26   168
  4.105939e-01   1.148318e-24   2.120376e-04   5.140824e-26   336
  4.121713e-01   1.360430e-24   2.227870e-04   5.174889e-26   414
  4.130606e-01   1.344110e-24   2.319080e-04   7.145508e-26   216
  4.141998e-01   1.356327e-24   5.619580e-09   9.234661e-26   96
  4.146649e-01   1.143307e-24   1.376510e-08   4.590253e-26   384
  4.162944e-01   1.181007e-24   2.314600e-04   3.928736e-26   492
  4.171676e-01   1.397723e-24   2.263480e-04   7.029775e-26   240
  4.181546e-01   1.119900e-24   2.298225e-04   4.400585e-26   312
  4.195176e-01   1.028427e-24   2.297469e-04   5.889283e-26   192
  4.203810e-01   1.068401e-24   2.226525e-04   3.694267e-26   504
  4.215265e-01   1.066889e-24   1.473998e-04   3.855326e-26   408
  4.224284e-01   9.976206e-25   4.515774e-04   5.264370e-26   168
  4.235571e-01   1.123702e-24   2.145032e-04   5.113143e-26   288
  4.245041e-01   9.685126e-25   2.238525e-04   4.136171e-26   288
  4.254743e-01   9.032984e-25   2.251410e-04   3.574079e-26   432
  4.268815e-01   1.038727e-24   2.129084e-04   5.312238e-26   216
  4.276334e-01   9.416275e-25   2.124592e-04   3.564481e-26   360
  4.289721e-01   9.786057e-25   2.073582e-04   4.050329e-26   312
  4.301803e-01   1.256883e-24   0.000000e+00   1.297008e-25   48
  4.308767e-01   9.446519e-25   2.223178e-04   3.389226e-26   432
  4.321240e-01   8.827187e-25   3.708284e-04   3.302645e-26   414
  4.328606e-01   1.056615e-24   8.470833e-09   4.818814e-26   312
  4.342347e-01   9.280039e-25   3.253813e-04   3.080535e-26   528
  4.351620e-01   9.654206e-25   1.707976e-04   4.745387e-26   264
  4.362761e-01   9.020385e-25   2.025191e-04   3.120013e-26   480
  4.377318e-01   8.994457e-25   0.000000e+00   3.629471e-26   288
  4.383604e-01   9.920933e-25   2.176005e-04   5.562324e-26   168
  4.395105e-01   8.501028e-25   3.444610e-04   3.386057e-26   504
  4.408036e-01   9.853320e-25   5.298191e-09   6.167227e-26   144
  4.416171e-01   8.746369e-25   2.212265e-04   3.082024e-26   464
  4.428396e-01   8.925855e-25   3.246624e-04   3.505635e-26   432
  4.434197e-01   8.975302e-25   5.619580e-09   4.644346e-26   192
  4.449189e-01   7.519038e-25   2.406833e-04   3.038148e-26   396
  4.458042e-01   6.853686e-25   2.162000e-04   3.306076e-26   288
  4.466990e-01   7.795344e-25   2.135686e-04   3.720688e-26   336
  4.481283e-01   7.197141e-25   1.352359e-04   3.115528e-26   432
  4.490354e-01   7.518022e-25   3.505126e-04   3.051019e-26   360
  4.500539e-01   7.751072e-25   2.073334e-04   2.859198e-26   384
  4.515004e-01   7.234946e-25   1.830116e-04   4.011136e-26   198
  4.521974e-01   7.345113e-25   2.080246e-04   2.324568e-26   552
  4.534970e-01   7.072486e-25   2.912202e-04   2.814783e-26   432
  4.545821e-01   7.806942e-25   1.112388e-08   5.373638e-26   168
  4.554927e-01   6.718154e-25   3.610065e-04   2.451038e-26   480
  4.566974e-01   6.665027e-25   0.000000e+00   4.177818e-26   120
  4.572396e-01   7.595702e-25   2.948545e-04   4.358695e-26   336
  4.585628e-01   6.673322e-25   2.080152e-04   2.133450e-26   672
  4.598711e-01   7.840511e-25   3.025866e-04   2.620666e-26   528
  4.604805e-01   5.809120e-25   9.082613e-09   3.602584e-26   168
  4.618883e-01   6.790446e-25   3.375333e-04   2.453079e-26   456
  4.627474e-01   7.508517e-25   2.061344e-04   4.445098e-26   168
  4.636392e-01   6.999418e-25   2.057643e-04   2.647803e-26   504
  4.651216e-01   5.448382e-25   2.647872e-04   2.616896e-26   336
  4.660180e-01   6.247638e-25   1.908802e-04   2.602365e-26   312
  4.670124e-01   6.310239e-25   1.865029e-04   2.497062e-26   504
  4.683210e-01   5.818085e-25   1.294009e-04   2.386583e-26   432
  4.689362e-01   6.999284e-25   1.999672e-04   3.139043e-26   312
  4.702151e-01   6.169478e-25   2.049761e-04   2.626631e-26   384
  4.715504e-01   6.015318e-25   1.741510e-04   3.313819e-26   126
  4.723748e-01   5.998479e-25   3.057676e-04   2.253106e-26   492
  4.734278e-01   5.612810e-25   1.958445e-04   1.888584e-26   528
  4.747438e-01   5.259011e-25   1.989360e-04   1.839575e-26   480
  4.755596e-01   6.137142e-25   2.748289e-04   2.391365e-26   432
  4.767402e-01   5.471891e-25   2.161166e-04   2.287721e-26   440
  4.781114e-01   6.358962e-25   1.074739e-04   3.164045e-26   312
  4.786259e-01   4.861605e-25   1.610586e-04   1.877746e-26   480
  4.796813e-01   5.166834e-25   3.153497e-04   2.208459e-26   408
  4.812233e-01   6.134953e-25   1.888588e-04   2.626715e-26   360
  4.818747e-01   5.157451e-25   1.822418e-04   2.356054e-26   408
  4.830820e-01   4.750843e-25   1.854542e-04   1.689227e-26   456
  4.844414e-01   5.170777e-25   1.772485e-04   2.377823e-26   264
  4.851959e-01   5.638333e-25   1.923591e-04   2.548413e-26   384
  4.862943e-01   5.408283e-25   3.238501e-04   1.754025e-26   672
  4.875640e-01   5.620361e-25   1.937042e-04   3.190780e-26   240
  4.882967e-01   4.671119e-25   1.965613e-04   2.311279e-26   264
  4.893308e-01   4.262009e-25   2.424259e-04   1.272914e-26   624
  4.908739e-01   3.751894e-25   0.000000e+00   2.578705e-26   150
  4.914232e-01   4.841148e-25   2.716574e-04   1.724808e-26   600
  4.925819e-01   5.129570e-25   1.874909e-04   1.673873e-26   672
  4.938939e-01   4.430522e-25   1.763484e-04   2.027656e-26   336
  4.946248e-01   4.288455e-25   1.918157e-04   1.740621e-26   408
  4.957926e-01   5.231451e-25   1.913639e-04   2.329806e-26   408
  4.970915e-01   5.337905e-25   9.676385e-05   2.346466e-26   360
  4.978921e-01   4.813121e-25   3.552857e-04   1.921302e-26   456
  4.988592e-01   3.904679e-25   1.932065e-04   1.536411e-26   384
  5.000902e-01   3.624310e-25   1.783541e-04   1.708590e-26   348
  5.007554e-01   4.284427e-25   2.198754e-04   1.700448e-26   576
  5.020050e-01   4.254370e-25   1.810385e-04   1.494833e-26   504
  5.032833e-01   4.440171e-25   2.553443e-04   2.014720e-26   432
  5.043991e-01   4.296957e-25   3.473946e-04   1.476616e-26   576
  5.051948e-01   4.068502e-25   0.000000e+00   2.165683e-26   264
  5.064571e-01   4.295660e-25   2.764393e-04   1.342092e-26   768
  5.075549e-01   3.354865e-25   3.721752e-04   1.385815e-26   240
  5.084277e-01   3.787064e-25   3.282233e-04   3.337216e-26   192
  5.096990e-01   4.150029e-25   2.416124e-04   1.529787e-26   504
  5.106418e-01   4.221320e-25   3.255818e-04   1.386339e-26   590
  5.115460e-01   4.022035e-25   3.647966e-04   1.870774e-26   384
  5.126798e-01   3.539682e-25   3.048625e-04   1.511932e-26   504
  5.140486e-01   3.659649e-25   2.933830e-04   1.242661e-26   648
  5.153764e-01   3.198463e-25   7.967896e-05   1.167985e-26   504
  5.159117e-01   3.637815e-25   1.817627e-04   1.617312e-26   312
  5.168569e-01   4.006294e-25   2.618753e-04   1.594771e-26   576
  5.181545e-01   4.184560e-25   1.822405e-04   2.182685e-26   240
  5.189109e-01   3.641100e-25   1.841453e-04   1.371082e-26   552
  5.199816e-01   3.480526e-25   1.729082e-04   1.192062e-26   600
  5.215067e-01   3.651433e-25   2.111937e-04   1.351554e-26   600
  5.224237e-01   3.606339e-25   3.382099e-04   1.812896e-26   312
  5.233368e-01   3.923502e-25   2.945474e-04   1.833118e-26   480
  5.244775e-01   3.393390e-25   1.837693e-04   1.313325e-26   576
  5.254818e-01   3.307643e-25   2.959085e-04   1.530374e-26   408
  5.263729e-01   2.052735e-25   3.451909e-04   1.378143e-26   216
  5.275243e-01   3.615863e-25   2.643774e-04   1.371197e-26   516
  5.287578e-01   3.350753e-25   2.522429e-04   1.042967e-26   744
  5.300304e-01   3.512289e-25   1.684760e-04   1.466839e-26   462
  5.307494e-01   2.834182e-25   1.712315e-04   1.364125e-26   432
  5.318647e-01   3.175885e-25   1.588547e-04   1.177304e-26   648
  5.331761e-01   2.882198e-25   2.324340e-04   1.156389e-26   528
  5.342295e-01   3.506703e-25   2.799086e-04   1.340296e-26   600
  5.352820e-01   3.677287e-25   3.528915e-04   1.971981e-26   240
  5.363014e-01   2.822219e-25   2.703115e-04   9.479716e-27   720
  5.374863e-01   3.102132e-25   2.138653e-04   1.117136e-26   720
  5.387997e-01   1.692183e-25   0.000000e+00   9.684607e-27   144
  5.394909e-01   3.380939e-25   2.757364e-04   1.178528e-26   720
  5.404742e-01   3.195979e-25   1.653370e-04   1.600838e-26   384
  5.417051e-01   2.901184e-25   1.832848e-04   1.038327e-26   672
  5.428730e-01   3.224368e-25   3.209115e-04   1.975242e-26   336
  5.434308e-01   2.539570e-25   0.000000e+00   1.679278e-26   288
  5.447967e-01   2.484985e-25   2.539800e-04   8.842962e-27   776
  5.460612e-01   2.784303e-25   2.173184e-04   9.863104e-27   720
  5.471231e-01   2.562552e-25   1.750659e-04   1.202632e-26   432
  5.479725e-01   3.168281e-25   2.495786e-04   1.291238e-26   504
  5.489174e-01   3.300960e-25   1.748652e-04   1.541013e-26   528
  5.502396e-01   2.423757e-25   2.382437e-04   1.138824e-26   438
  5.513273e-01   2.615996e-25   2.772938e-04   1.047377e-26   624
  5.521470e-01   2.488887e-25   3.396475e-04   1.389828e-26   312
  5.532738e-01   3.093455e-25   1.829935e-04   9.792364e-27   696
  5.544390e-01   2.535535e-25   1.655760e-04   1.007033e-26   552
  5.556509e-01   2.703389e-25   1.281006e-04   1.310466e-26   516
  5.564006e-01   2.674611e-25   2.558713e-04   1.136238e-26   528
  5.573133e-01   2.145501e-25   1.664001e-04   8.707211e-27   528
  5.586097e-01   2.402711e-25   2.194479e-04   8.047017e-27   864
  5.594897e-01   2.455140e-25   3.005985e-04   1.191790e-26   408
  5.603706e-01   3.688455e-25   2.978186e-04   2.733401e-26   192
  5.616191e-01   2.198787e-25   2.464592e-04   8.610946e-27   720
  5.626731e-01   2.464906e-25   2.272475e-04   9.987244e-27   696
  5.639255e-01   2.296954e-25   2.454294e-04   8.064020e-27   720
  5.650713e-01   2.840001e-25   3.326501e-04   1.304206e-26   432
  5.657395e-01   2.102267e-25   1.958109e-04   1.245037e-26   264
  5.669418e-01   2.382438e-25   2.704061e-04   9.435819e-27   672
  5.680171e-01   2.182255e-25   2.768544e-04   8.160596e-27   600
  5.692933e-01   1.519778e-25   1.620980e-04   7.232333e-27   270
  5.699366e-01   1.960328e-25   2.440026e-04   1.026630e-26   528
  5.709591e-01   2.253511e-25   1.670843e-04   7.263667e-27   840
  5.723613e-01   2.389397e-25   3.194952e-04   7.675605e-27   888
  5.736568e-01   2.044573e-25   2.380474e-04   7.382256e-27   744
  5.747517e-01   2.282473e-25   1.223216e-04   9.461240e-27   456
  5.752963e-01   2.808964e-25   1.671601e-04   1.182421e-26   360
  5.762282e-01   1.669045e-25   1.448348e-04   8.150040e-27   384
  5.776580e-01   2.124409e-25   2.323137e-04   7.586119e-27   816
  5.787308e-01   1.981155e-25   3.370546e-04   7.211320e-27   824
  5.800348e-01   1.922687e-25   1.566791e-04   1.156656e-26   360
  5.807331e-01   1.989637e-25   2.311994e-04   7.182717e-27   624
  5.816941e-01   2.495318e-25   1.562320e-04   1.379462e-26   360
  5.829744e-01   1.914664e-25   2.125215e-04   6.913205e-27   876
  5.841306e-01   2.027833e-25   2.524119e-04   8.395345e-27   696
  5.852967e-01   1.821952e-25   1.629911e-04   1.001133e-26   336
  5.859080e-01   2.144107e-25   1.628079e-04   1.084648e-26   504
  5.869176e-01   1.792872e-25   1.642187e-04   7.942118e-27   672
  5.884155e-01   1.829231e-25   3.269213e-04   6.348531e-27   720
  5.894543e-01   1.844124e-25   2.469541e-04   7.133583e-27   774
  5.906010e-01   1.599406e-25   1.413501e-04   9.332070e-27   384
  5.912015e-01   2.100505e-25   2.720183e-04   9.432341e-27   528
  5.921335e-01   1.966871e-25   2.592486e-04   7.690807e-27   744
  5.936327e-01   2.135297e-25   2.138251e-04   7.577859e-27   768
  5.946281e-01   1.508904e-25   2.400348e-04   6.463708e-27   552
  5.958700e-01   1.810723e-25   2.616108e-04   7.867800e-27   696
  5.967938e-01   1.888470e-25   3.179026e-04   8.500002e-27   408
  5.975272e-01   1.871773e-25   1.373364e-04   7.949495e-27   504
  5.986899e-01   1.795359e-25   2.467198e-04   6.355365e-27   888
  5.998339e-01   1.735796e-25   2.564132e-04   7.495253e-27   648
  6.010230e-01   1.667020e-25   2.542153e-04   7.880692e-27   648
  6.021418e-01   1.573235e-25   2.741064e-04   6.228329e-27   792
  6.033268e-01   1.522975e-25   4.010364e-04   7.210211e-27   600
  6.042000e-01   1.292873e-25   2.717856e-04   6.689649e-27   456
  6.051191e-01   1.512715e-25   1.324567e-04   5.810258e-27   648
  6.062996e-01   1.413392e-25   2.583099e-04   4.757795e-27   936
  6.075741e-01   2.063310e-25   1.586356e-04   9.795155e-27   384
  6.086836e-01   1.530476e-25   0.000000e+00   1.271310e-26   198
  6.095398e-01   1.424358e-25   4.024720e-04   4.095890e-27   1224
  6.104634e-01   1.811349e-25   2.931235e-04   8.973952e-27   420
  6.115558e-01   1.447170e-25   2.836822e-04   4.963051e-27   792
  6.126238e-01   1.421142e-25   2.345810e-04   6.110789e-27   680
  6.138428e-01   1.289207e-25   2.154033e-04   5.235154e-27   600
  6.148235e-01   1.326746e-25   3.123938e-04   5.031388e-27   840
  6.161330e-01   1.493565e-25   1.474979e-04   7.748789e-27   432
  6.166334e-01   1.477483e-25   1.382250e-04   6.352534e-27   720
  6.177213e-01   1.419219e-25   2.768404e-04   5.051504e-27   960
  6.190745e-01   1.325050e-25   2.467829e-04   6.477000e-27   528
  6.200634e-01   1.373563e-25   2.522592e-04   7.820347e-27   624
  6.212404e-01   1.379775e-25   1.982740e-04   5.097282e-27   816
  6.224086e-01   1.217096e-25   3.260658e-04   5.307563e-27   696
  6.236996e-01   1.143870e-25   1.798266e-08   7.439766e-27   240
  6.241851e-01   1.393810e-25   1.922888e-04   6.542777e-27   672
  6.252686e-01   1.225183e-25   3.436476e-04   5.090712e-27   864
  6.264840e-01   9.540259e-26   2.636938e-04   3.419918e-27   816
  6.275795e-01   1.097189e-25   1.509292e-04   5.435212e-27   648
  6.287594e-01   1.333464e-25   1.542771e-04   5.086487e-27   843
  6.297611e-01   1.110114e-25   2.775825e-04   4.474665e-27   780
  6.309548e-01   9.919709e-26   1.489456e-04   8.975266e-27   216
  6.316911e-01   1.117049e-25   3.591661e-04   3.785936e-27   1056
  6.328235e-01   1.096874e-25   2.938382e-04   8.982911e-27   228
  6.338720e-01   1.239896e-25   3.658358e-04   4.719415e-27   924
  6.349484e-01   1.186174e-25   1.357046e-04   4.709885e-27   696
  6.360882e-01   9.404113e-26   2.415153e-04   3.755162e-27   996
  6.372543e-01   8.217645e-26   1.425858e-04   3.744325e-27   576
  6.384675e-01   9.837019e-26   2.200718e-04   5.907182e-27   552
  6.393519e-01   1.196306e-25   2.627580e-04   5.663813e-27   516
  6.402494e-01   1.007059e-25   3.821047e-04   4.344144e-27   744
  6.412749e-01   7.410386e-26   1.874451e-04   3.380589e-27   576
  6.421669e-01   8.331034e-26   1.929285e-04   3.309452e-27   792
  6.434346e-01   9.920315e-26   2.205530e-04   3.723327e-27   792
  6.443636e-01   8.991116e-26   2.378641e-04   4.025110e-27   720
  6.456200e-01   8.469248e-26   2.711104e-04   3.255714e-27   656
  6.467974e-01   8.703445e-26   2.960385e-04   3.460019e-27   816
  6.480043e-01   7.941685e-26   1.596190e-04   4.597854e-27   492
  6.486903e-01   9.715421e-26   2.296231e-04   4.325504e-27   552
  6.499778e-01   7.159647e-26   3.992867e-04   3.649559e-27   780
  6.508139e-01   8.064008e-26   2.452771e-04   4.067364e-27   528
  6.517148e-01   6.521585e-26   2.863130e-04   2.514857e-27   600
  6.530425e-01   9.291018e-26   2.379487e-04   3.222849e-27   900
  6.539577e-01   7.881517e-26   1.317325e-04   3.866030e-27   696
  6.552168e-01   7.074792e-26   3.330907e-04   3.212787e-27   696
  6.564349e-01   6.050207e-26   1.351317e-04   2.226721e-27   552
  6.574592e-01   6.210669e-26   1.571457e-04   2.803363e-27   708
  6.585322e-01   6.932975e-26   2.594565e-04   2.745234e-27   876
  6.596487e-01   8.407635e-26   1.377663e-04   9.290724e-27   216
  6.603980e-01   7.087695e-26   3.768094e-04   2.521366e-27   1032
  6.615201e-01   5.683242e-26   4.195357e-04   2.875371e-27   600
  6.626848e-01   5.099751e-26   2.001869e-04   2.676175e-27   600
  6.635732e-01   6.565926e-26   3.535112e-04   2.942486e-27   528
  6.646233e-01   6.445112e-26   1.940622e-04   2.851861e-27   732
  6.657296e-01   6.664939e-26   1.432973e-04   4.050414e-27   336
  6.670031e-01   5.830550e-26   2.042271e-04   2.568960e-27   912
  6.679548e-01   4.542735e-26   2.049821e-04   1.728919e-27   624
  6.689946e-01   6.273443e-26   1.727341e-04   2.572432e-27   768
  6.702082e-01   5.860717e-26   3.116463e-04   2.181278e-27   792
  6.713995e-01   5.470980e-26   1.545014e-04   2.832162e-27   660
  6.722471e-01   5.575727e-26   2.276826e-04   3.181225e-27   504
  6.731238e-01   4.570208e-26   3.719898e-04   2.042351e-27   480
  6.744376e-01   3.995420e-26   3.440421e-04   1.543804e-27   912
  6.754664e-01   5.374228e-26   3.831443e-04   2.971745e-27   432
  6.764380e-01   5.286315e-26   2.275021e-04   3.009602e-27   564
  6.773006e-01   4.745375e-26   2.177508e-04   1.853578e-27   600
  6.785149e-01   5.555862e-26   3.035240e-04   2.150862e-27   876
  6.794272e-01   4.807691e-26   1.364735e-04   3.456237e-27   264
  6.806846e-01   4.518695e-26   2.648123e-04   2.428421e-27   560
  6.816953e-01   4.224178e-26   1.799457e-04   1.525515e-27   840
  6.829222e-01   3.745035e-26   2.774244e-04   1.463683e-27   1008
  6.840568e-01   3.357927e-26   1.241010e-04   1.499590e-27   456
  6.850930e-01   4.862848e-26   1.607553e-04   2.462190e-27   576
  6.860509e-01   4.396703e-26   2.470177e-04   2.107334e-27   612
  6.873140e-01   4.435097e-26   2.206269e-04   1.919205e-27   780
  6.883444e-01   4.351897e-26   2.528284e-04   1.769515e-27   648
  6.893992e-01   4.400864e-26   1.178213e-04   3.227904e-27   312
  6.900734e-01   3.158324e-26   2.993645e-04   1.352710e-27   528
  6.912414e-01   3.201950e-26   3.909551e-04   1.179942e-27   720
  6.923583e-01   4.125384e-26   3.921794e-04   2.386206e-27   576
  6.937124e-01   3.545616e-26   3.383053e-04   1.957049e-27   444
  6.945549e-01   3.933767e-26   3.317685e-04   1.347504e-27   996
  6.955874e-01   3.167715e-26   2.771265e-04   2.004845e-27   432
  6.965633e-01   3.825204e-26   3.033990e-04   1.758217e-27   504
  6.974062e-01   2.621602e-26   1.367883e-04   1.456217e-27   504
  6.986065e-01   3.998297e-26   2.692009e-04   1.478938e-27   876
  6.996926e-01   3.235339e-26   3.098246e-04   1.652557e-27   504
  7.008236e-01   2.976394e-26   1.975899e-04   1.364899e-27   696
  7.017583e-01   3.453601e-26   1.689187e-04   1.561622e-27   492
  7.030300e-01   2.644380e-26   2.418152e-04   1.378137e-27   432
  7.039719e-01   3.521955e-26   2.264335e-04   1.383361e-27   768
  7.050885e-01   2.785018e-26   2.820533e-04   1.188565e-27   648
  7.061547e-01   2.425858e-26   1.840095e-04   1.388555e-27   456
  7.073798e-01   2.890603e-26   2.530430e-04   1.393185e-27   552
  7.082306e-01   2.600627e-26   1.734358e-04   1.178198e-27   648
  7.094016e-01   2.567077e-26   2.826907e-04   8.198763e-28   840
  7.105454e-01   2.743162e-26   1.348092e-04   1.396073e-27   432
  7.116906e-01   2.785005e-26   1.651183e-04   1.492718e-27   600
  7.124870e-01   3.251290e-26   1.759227e-04   1.647193e-27   432
  7.138248e-01   2.981550e-26   1.751482e-04   1.300336e-27   560
  7.147308e-01   2.211397e-26   2.772412e-04   8.508357e-28   840
  7.158652e-01   2.697436e-26   1.642140e-04   1.343385e-27   504
  7.167662e-01   2.129141e-26   3.351509e-04   8.117458e-28   696
  7.180362e-01   2.898828e-26   1.830475e-04   1.627734e-27   384
  7.190254e-01   1.985974e-26   2.681431e-04   8.293169e-28   576
  7.202219e-01   2.102267e-26   1.654845e-04   1.158611e-27   360
  7.211864e-01   2.355003e-26   2.464465e-04   9.478663e-28   828
  7.222268e-01   2.042158e-26   2.195064e-04   1.137610e-27   372
  7.231800e-01   2.050359e-26   3.352284e-04   7.590089e-28   576
  7.244428e-01   2.454153e-26   1.403933e-04   1.081973e-27   636
  7.253425e-01   2.115048e-26   2.706420e-04   9.155411e-28   648
  7.265596e-01   1.893069e-26   2.200024e-04   8.381578e-28   576
  7.274333e-01   2.035131e-26   3.548870e-04   9.413736e-28   528
  7.285953e-01   2.107506e-26   1.517289e-04   1.272933e-27   360
  7.295571e-01   1.702440e-26   3.490332e-04   6.159810e-28   672
  7.308130e-01   2.209609e-26   1.787806e-04   8.397174e-28   804
  7.318582e-01   1.935210e-26   1.972163e-04   9.618475e-28   408
  7.330145e-01   2.223175e-26   1.219011e-04   1.168821e-27   384
  7.337931e-01   1.438536e-26   2.789567e-04   8.572576e-28   480
  7.348913e-01   1.560714e-26   1.802469e-04   7.248499e-28   432
  7.359446e-01   2.072951e-26   3.321566e-04   8.146593e-28   648
  7.371913e-01   1.855902e-26   2.061016e-04   7.519468e-28   624
  7.381033e-01   1.730875e-26   1.874668e-04   9.646868e-28   456
  7.393486e-01   1.634070e-26   2.560963e-04   8.220851e-28   588
  7.401831e-01   1.551361e-26   1.633884e-04   6.017824e-28   600
  7.414016e-01   1.527899e-26   2.548458e-04   6.457825e-28   708
  7.423640e-01   1.636922e-26   1.605479e-04   8.724250e-28   360
  7.434275e-01   1.827041e-26   1.845541e-04   9.210416e-28   552
  7.444470e-01   1.502494e-26   1.294691e-04   1.127180e-27   288
  7.454820e-01   1.478345e-26   2.434372e-04   7.049409e-28   528
  7.464545e-01   1.649119e-26   1.642340e-04   6.683722e-28   456
  7.475410e-01   1.598358e-26   2.912225e-04   7.502886e-28   608
  7.486338e-01   1.341508e-26   1.408967e-04   5.759037e-28   504
  7.498278e-01   9.841590e-27   3.024972e-04   4.232377e-28   540
  7.507642e-01   1.744865e-26   3.247222e-04   8.832138e-28   360
  7.517735e-01   1.765468e-26   1.470509e-04   8.590834e-28   540
  7.526661e-01   1.386736e-26   1.262606e-04   6.612482e-28   576
  7.539642e-01   1.484675e-26   2.927555e-04   6.864531e-28   588
  7.551985e-01   1.360007e-26   4.039143e-04   6.316850e-28   672
  7.562588e-01   1.573238e-26   3.087151e-04   6.360032e-28   552
  7.571135e-01   1.133580e-26   3.088712e-04   8.907794e-28   144
  7.582042e-01   1.480788e-26   2.624178e-04   6.592537e-28   600
  7.592383e-01   1.046483e-26   3.288668e-04   5.223379e-28   504
  7.603860e-01   1.236882e-26   3.378126e-04   7.936526e-28   336
  7.615932e-01   1.234276e-26   3.797028e-04   5.344801e-28   600
  7.626744e-01   1.148651e-26   2.450478e-04   5.920997e-28   636
  7.638413e-01   1.271801e-26   1.970206e-04   8.910367e-28   384
  7.646595e-01   1.310327e-26   2.748205e-04   6.472831e-28   504
  7.658387e-01   9.762970e-27   1.153383e-04   6.622653e-28   240
  7.667694e-01   1.144117e-26   2.709461e-04   4.190480e-28   744
  7.678860e-01   1.080057e-26   1.850150e-04   4.438187e-28   648
  7.688783e-01   1.815186e-26   1.228185e-04   1.365727e-27   120
  7.700414e-01   9.368982e-27   1.929319e-04   3.806810e-28   564
  7.709202e-01   1.230321e-26   3.030111e-04   7.295684e-28   432
  7.720932e-01   9.501095e-27   2.351965e-04   4.815312e-28   480
  7.729764e-01   7.536989e-27   1.731106e-04   3.978729e-28   456
  7.740189e-01   1.081183e-26   2.864725e-04   5.800423e-28   444
  7.752020e-01   9.617956e-27   4.383180e-04   5.592300e-28   528
  7.762412e-01   1.244845e-26   3.255297e-04   9.430375e-28   264
  7.772498e-01   9.948353e-27   3.336195e-04   5.470530e-28   444
  7.786065e-01   1.051864e-26   3.654311e-04   4.079783e-28   696
  7.797327e-01   1.112005e-26   1.954448e-04   7.160635e-28   384
  7.805563e-01   7.933659e-27   2.469609e-04   3.747921e-28   432
  7.818373e-01   1.093588e-26   1.706384e-04   5.094136e-28   488
  7.826690e-01   1.065572e-26   2.571733e-04   5.449435e-28   480
  7.838749e-01   8.327073e-27   2.868014e-04   4.713586e-28   480
  7.848089e-01   7.469320e-27   1.203331e-04   4.530177e-28   240
  7.858692e-01   9.948960e-27   2.810886e-04   5.123600e-28   600
  7.868694e-01   6.615107e-27   2.449399e-04   4.414294e-28   288
  7.879343e-01   8.640730e-27   2.356143e-04   4.480451e-28   480
  7.890129e-01   7.182619e-27   4.191157e-04   4.040894e-28   504
  7.900748e-01   8.943002e-27   1.798267e-04   5.324079e-28   216
  7.914291e-01   7.904277e-27   2.944050e-04   4.189184e-28   504
  7.924838e-01   6.550776e-27   2.367912e-04   3.249373e-28   456
  7.936384e-01   9.813353e-27   1.358038e-04   4.950611e-28   384
  7.944031e-01   9.995415e-27   2.756326e-04   5.836561e-28   480
  7.954897e-01   6.158717e-27   2.420363e-04   3.688504e-28   504
  7.964966e-01   7.687514e-27   1.535327e-04   5.073447e-28   312
  7.975815e-01   8.295521e-27   2.474127e-04   4.707771e-28   492
  7.985417e-01   9.861866e-27   2.318919e-04   6.791137e-28   312
  7.997779e-01   6.807544e-27   3.766899e-04   3.355999e-28   576
  8.008661e-01   8.517690e-27   3.477153e-04   5.851800e-28   336
  8.017699e-01   4.781150e-27   2.677247e-04   3.848263e-28   240
  8.030228e-01   7.517766e-27   3.549351e-04   3.963880e-28   468
  8.041047e-01   7.588718e-27   2.222407e-04   6.385165e-28   192
  8.052370e-01   6.032830e-27   2.229031e-04   4.209359e-28   324
  8.060669e-01   6.710129e-27   1.617794e-04   3.119850e-28   600
  8.071978e-01   7.303210e-27   2.624704e-04   3.555302e-28   456
  8.080377e-01   6.931680e-27   1.180592e-04   4.966306e-28   336
  8.094297e-01   7.876708e-27   3.535027e-04   4.288342e-28   612
  8.104424e-01   6.676175e-27   2.966749e-04   9.462912e-28   144
  8.114002e-01   7.118123e-27   3.462957e-04   3.381133e-28   552
  8.127025e-01   3.951237e-27   1.363755e-04   2.546946e-28   264
  8.134384e-01   6.011626e-27   3.157441e-04   4.375362e-28   336
  8.145992e-01   4.846778e-27   2.086329e-04   2.745540e-28   384
  8.156059e-01   6.670786e-27   1.174397e-04   5.102999e-28   216
  8.167203e-01   4.250740e-27   2.489964e-04   2.736581e-28   344
  8.177364e-01   4.897479e-27   3.715143e-04   3.041771e-28   408
  8.189746e-01   4.669604e-27   2.854845e-04   3.885099e-28   264
  8.200718e-01   5.654272e-27   3.979796e-04   3.327973e-28   612
  8.211681e-01   8.055537e-27   2.048307e-04   5.132220e-28   408
  8.222956e-01   5.240544e-27   2.051251e-04   3.844081e-28   444
  8.231239e-01   9.987161e-27   1.147249e-04   8.048954e-28   120
  8.242338e-01   6.434132e-27   3.169640e-04   4.776722e-28   336
  8.250576e-01   4.971768e-27   1.101437e-04   3.690215e-28   288
  8.261708e-01   5.152472e-27   3.427692e-04   2.676163e-28   552
  8.277012e-01   6.801870e-27   0.000000e+00   8.476778e-28   72
  8.284882e-01   5.039433e-27   3.404572e-04   3.187357e-28   504
  8.294074e-01   2.589521e-27   1.095558e-04   1.879418e-28   216
  8.305983e-01   3.705933e-27   1.956043e-04   2.807198e-28   312
  8.316675e-01   3.857432e-27   2.227263e-04   2.695079e-28   336
  8.326865e-01   3.230175e-27   3.087236e-04   3.051219e-28   204
  8.337014e-01   6.957963e-27   3.587838e-04   4.946310e-28   504
  8.347777e-01   5.930524e-27   3.416652e-04   4.016962e-28   396
  8.358127e-01   4.834906e-27   3.133249e-04   3.713618e-28   312
  8.370674e-01   6.800297e-27   1.914750e-04   6.320080e-28   216
  8.379516e-01   4.262673e-27   1.039172e-04   4.048878e-28   168
  8.390260e-01   4.211733e-27   2.623966e-04   2.351047e-28   588
  8.402521e-01   3.081295e-27   3.561727e-04   3.195570e-28   240
  8.412047e-01   2.841261e-27   3.145601e-04   2.316691e-28   264
  8.423219e-01   3.476811e-27   3.890183e-04   2.657156e-28   288
  8.433131e-01   3.919751e-27   1.942596e-04   3.697595e-28   288
  8.445693e-01   3.066426e-27   1.824406e-04   2.357003e-28   288
  8.454153e-01   3.048084e-27   2.113423e-04   2.741477e-28   192
  8.464795e-01   2.115261e-27   2.248894e-04   1.521744e-28   264
  8.474933e-01   6.183710e-27   3.699119e-04   3.900396e-28   372
  8.485844e-01   6.383827e-27   3.995208e-04   4.821976e-28   360
  8.499161e-01   5.851493e-27   1.690810e-04   7.500463e-28   144
  8.506044e-01   3.479783e-27   2.348461e-04   3.452515e-28   296
  8.516909e-01   3.610265e-27   2.530345e-04   2.825766e-28   288
  8.529347e-01   3.609128e-27   3.781537e-04   2.257462e-28   480
  8.540076e-01   2.514098e-27   3.142096e-04   3.497170e-28   192
  8.550509e-01   4.471995e-27   3.370327e-04   4.513708e-28   192
  8.559992e-01   3.235585e-27   2.147949e-04   2.901649e-28   288
  8.573180e-01   1.575512e-27   1.869760e-04   1.521470e-28   108
  8.579823e-01   3.251775e-27   1.797545e-04   2.464700e-28   240
  8.591554e-01   2.330928e-27   3.353363e-04   2.189893e-28   384
  8.603605e-01   3.484352e-27   4.090722e-04   3.804443e-28   108
  8.614261e-01   4.387867e-27   2.398466e-04   2.662715e-28   348
  8.625466e-01   3.116946e-27   2.503134e-04   3.088850e-28   312
  8.635474e-01   2.928619e-27   2.432319e-04   5.719517e-28   96
  8.644677e-01   2.772767e-27   3.238194e-04   2.069069e-28   384
  8.654984e-01   2.982681e-27   2.227222e-04   3.262265e-28   144
  8.665066e-01   3.028984e-27   3.422225e-04   2.197735e-28   408
  8.677598e-01   1.399598e-27   1.526554e-04   1.277546e-28   144
  8.689437e-01   2.929100e-27   2.934816e-04   3.174072e-28   192
  8.696459e-01   3.875153e-27   3.303190e-04   3.163720e-28   144
  8.707904e-01   1.571909e-27   2.685615e-04   1.602395e-28   144
  8.718702e-01   2.625843e-27   3.282257e-04   2.048172e-28   336
  8.731927e-01   1.498626e-27   2.428454e-04   1.129222e-28   240
  8.740312e-01   1.654277e-27   1.102739e-04   2.607228e-28   96
  8.752007e-01   3.378967e-27   3.233803e-04   2.952325e-28   372
  8.763838e-01   2.331100e-27   3.846540e-04   3.718215e-28   132
  8.774230e-01   1.504991e-27   2.380193e-04   1.027673e-28   264
  8.783527e-01   3.025243e-27   1.827880e-04   3.586091e-28   168
  8.793449e-01   2.535286e-27   2.922429e-04   2.121224e-28   216
  8.802213e-01   2.299930e-27   1.787978e-04   3.933505e-28   216
  8.814979e-01   8.861361e-28   3.280196e-04   8.040568e-29   96
  8.826561e-01   3.373633e-27   2.140028e-04   5.111833e-28   120
  8.837183e-01   1.751801e-27   2.720578e-04   1.630871e-28   216
  8.845934e-01   1.451946e-27   1.188902e-04   1.401320e-28   200
  8.857519e-01   1.823832e-27   3.077557e-04   1.957654e-28   288
  8.872378e-01   6.209230e-28   8.097649e-05   4.794109e-29   144
  8.878635e-01   2.145805e-27   2.519939e-04   2.872823e-28   168
  8.891412e-01   3.051253e-27   2.835956e-04   4.825812e-28   159
  8.901386e-01   1.293463e-27   2.975600e-04   1.257849e-28   174
  8.911039e-01   1.382153e-27   2.698170e-04   1.273202e-28   144
  8.923678e-01   2.096920e-27   1.557998e-04   2.042167e-28   222
  8.932131e-01   1.158520e-27   1.572158e-04   1.278098e-28   168
  8.946732e-01   2.569156e-27   3.448346e-04   3.943820e-28   30
  8.952763e-01   4.287821e-28   3.044637e-04   3.889728e-29   72
  8.964123e-01   1.182303e-27   2.717302e-04   1.294567e-28   258
  8.976612e-01   1.025622e-27   1.701916e-04   8.232226e-29   264
  8.982857e-01   1.528590e-27   1.835347e-08   2.331249e-28   72
  8.995871e-01   6.809313e-28   3.373270e-04   7.207462e-29   174
  9.007654e-01   1.084241e-27   3.591909e-04   1.226126e-28   168
  9.017127e-01   3.191551e-28   1.123916e-08   2.301135e-29   48
  9.027297e-01   7.051447e-28   2.028435e-04   1.064435e-28   150
  9.039088e-01   1.465729e-27   3.731453e-04   1.142767e-28   168
  9.050911e-01   7.034572e-28   2.273028e-04   5.318070e-29   144
  9.061784e-01   1.694206e-27   2.123525e-04   2.561727e-28   102
  9.069882e-01   3.819798e-28   3.143182e-04   3.503592e-29   96
  9.082731e-01   3.602651e-28   3.119397e-04   2.892593e-29   120
  9.092246e-01   2.557953e-28   3.345635e-04   1.349637e-29   168
  9.102538e-01   1.509846e-27   2.470487e-04   1.165609e-28   126
  9.111308e-01   1.025747e-27   1.863241e-04   1.282450e-28   168
  9.123389e-01   4.852130e-28   2.987709e-04   4.532650e-29   72
  9.133947e-01   4.594878e-28   3.741278e-04   2.906241e-29   168
  9.143196e-01   1.325440e-27   1.025668e-04   3.212681e-28   78
  9.155870e-01   4.110735e-28   1.684070e-04   3.374434e-29   60
  9.166075e-01   1.675647e-27   2.731835e-04   2.019886e-28   96
  9.176659e-01   5.957802e-28   3.314854e-04   4.546659e-29   168
  9.186605e-01   6.034821e-28   2.097511e-04   1.329128e-28   86
  9.197042e-01   2.445091e-28   1.874678e-04   2.533169e-29   120
  9.212002e-01   3.939897e-28   1.336894e-04   2.910017e-29   168
  9.220069e-01   2.787811e-28   0.000000e+00   3.234022e-29   48
  9.230934e-01   8.269367e-28   2.435676e-04   7.592797e-29   120
  9.237177e-01   4.883452e-28   1.776924e-04   6.947622e-29   126
  9.252418e-01   5.478792e-28   3.125113e-04   5.073971e-29   96
  9.262310e-01   5.034617e-28   9.011285e-05   4.286481e-29   96
  9.270111e-01   3.389248e-28   1.059638e-08   2.943673e-29   72
  9.286731e-01   3.462895e-28   1.123916e-08   5.420994e-29   24
  9.297104e-01   5.908647e-28   1.854501e-04   8.520527e-29   120
  9.305196e-01   5.479582e-28   2.705147e-04   6.578819e-29   126
  9.314194e-01   2.594691e-28   2.255107e-04   2.995090e-29   96
  9.324708e-01   1.649760e-28   3.897482e-04   1.014439e-29   72
  9.336415e-01   2.451338e-28   1.685792e-04   1.810351e-29   144
  9.346046e-01   3.066170e-28   9.723254e-05   3.146978e-29   72
  9.355666e-01   4.229671e-28   1.942081e-04   1.111520e-28   54
  9.364132e-01   5.057232e-28   1.711436e-04   7.749666e-29   108
  9.381728e-01   5.434160e-28   1.677650e-04   6.084301e-29   72
  9.387206e-01   3.906408e-28   9.680617e-05   4.683089e-29   72
  9.400202e-01   3.619637e-28   1.946680e-08   4.800326e-29   24
  9.412498e-01   1.105066e-28   2.047976e-04   1.239680e-29   48
  9.419964e-01   3.482987e-28   1.560029e-04   6.266924e-29   102
  9.431203e-01   2.663248e-28   3.528137e-04   2.482550e-29   168
  9.445889e-01   1.425956e-28   1.924163e-04   1.409545e-29   72
  9.451330e-01   1.900960e-28   0.000000e+00   2.576323e-29   48
  9.462744e-01   2.575783e-28   3.309678e-04   1.539080e-29   120
  9.477807e-01   1.921442e-28   2.033864e-04   1.237820e-29   96
  9.492033e-01   7.940749e-28   1.798266e-08   2.622836e-28   30
  9.508942e-01   4.291924e-28   9.555995e-05   4.200487e-29   72
  9.516372e-01   2.269739e-28   1.123916e-08   3.883690e-29   24
  9.525916e-01   1.089190e-28   1.416435e-04   9.828497e-30   56
  9.536606e-01   7.414874e-29   2.021324e-04   4.983314e-30   96
  9.549399e-01   1.800349e-28   2.232036e-04   1.327576e-29   144
  9.559263e-01   3.073952e-28   1.267263e-04   8.270710e-29   54
  9.573592e-01   1.687501e-28   1.898493e-04   1.061341e-29   108
  9.588012e-01   3.762684e-28   1.005243e-04   5.459003e-29   48
  9.601739e-01   1.896606e-28   3.785063e-04   1.515414e-29   72
  9.634680e-01   2.477676e-28   2.500803e-04   2.883708e-29   78
  9.643808e-01   6.659048e-29   1.884669e-04   6.471275e-30   72
  9.654462e-01   8.921372e-29   1.882329e-04   6.463535e-30   72
  9.665603e-01   1.603757e-28   4.542266e-04   1.811537e-29   96
  9.674408e-01   1.101141e-28   1.878449e-04   8.060253e-30   72
  9.685029e-01   1.366006e-28   0.000000e+00   2.256959e-29   24
  9.695638e-01   1.498855e-28   3.748416e-04   1.138349e-29   72
  9.719599e-01   1.627584e-28   2.380359e-04   1.230500e-29   30
  9.724755e-01   2.078571e-28   0.000000e+00   2.378561e-29   24
  9.752466e-01   5.224510e-29   1.976584e-04   5.847583e-30   48
  9.761159e-01   9.606732e-29   4.253608e-04   7.773999e-30   120
  9.772870e-01   6.959931e-29   1.859776e-04   6.001672e-30   72
  9.784697e-01   8.551617e-29   1.857528e-04   9.663588e-30   36
  9.792826e-01   1.096589e-28   3.671339e-04   1.839146e-29   78
  9.815513e-01   1.165913e-28   1.963888e-04   1.471430e-29   48
  9.844928e-01   2.275591e-28   1.589457e-08   2.567127e-29   24
  9.865884e-01   4.128131e-29   1.367612e-04   3.758095e-30   56
  9.876436e-01   6.091431e-29   2.104496e-04   6.075984e-30   102
  9.889860e-01   7.691539e-29   1.498555e-08   6.873175e-30   72
  9.897653e-01   8.883061e-29   1.123916e-08   1.429469e-29   24
  9.911277e-01   6.643751e-29   1.944913e-04   6.916835e-30   48
  9.936528e-01   1.183230e-28   0.000000e+00   2.122635e-29   24
  9.967520e-01   1.415021e-28   0.000000e+00   2.781108e-29   6
  9.977185e-01   2.707989e-29   0.000000e+00   3.428963e-30   24
  9.983623e-01   4.867889e-29   1.820511e-04   3.454553e-30   72
  9.995384e-01   4.677109e-29   3.396336e-04   3.204802e-30   84
  1.000805e+00   6.730284e-29   0.000000e+00   1.179244e-29   24
  1.001190e+00   4.548130e-29   1.589457e-08   5.749097e-30   24
  1.003114e+00   7.901940e-29   1.946680e-08   1.078154e-29   24
  1.005800e+00   1.367358e-28   0.000000e+00   4.072768e-29   6
  1.009244e+00   3.772513e-29   1.910001e-04   3.564272e-30   48
  1.010072e+00   3.389118e-29   3.598129e-04   2.853413e-30   72
  1.011152e+00   4.791131e-29   1.906396e-04   4.776940e-30   48
  1.012867e+00   5.417623e-29   0.000000e+00   9.644201e-30   24
  1.015148e+00   1.397870e-28   0.000000e+00   4.294871e-29   6
  1.020262e+00   1.638487e-29   0.000000e+00   5.127987e-30   8
  1.020640e+00   2.927076e-29   1.123916e-08   2.543731e-30   48
  1.021546e+00   3.370119e-29   1.848806e-04   2.734611e-30   60
  1.022904e+00   4.072954e-29   0.000000e+00   6.943935e-30   24
  1.024787e+00   4.763707e-29   0.000000e+00   5.139652e-30   6
  1.031723e+00   2.844191e-29   0.000000e+00   3.591048e-30   24
  1.032283e+00   2.813235e-29   1.867372e-04   2.868021e-30   48
  1.033217e+00   3.646287e-29   0.000000e+00   4.585563e-30   24
  1.034708e+00   2.933509e-29   0.000000e+00   6.695230e-30   6
  1.043181e+00   2.213778e-29   1.742080e-04   2.878955e-30   36
  1.043797e+00   2.312293e-29   0.000000e+00   2.475324e-30   24
  1.044904e+00   4.198213e-29   0.000000e+00   7.748962e-30   6
  1.054545e+00   1.997187e-29   1.583190e-04   2.119586e-30   32
  1.055367e+00   2.499171e-29   0.000000e+00   3.817866e-30   6
  1.065728e+00   3.506910e-29   0.000000e+00   5.645917e-30   12
  1.066089e+00   9.325513e-30   0.000000e+00   2.406671e-30   6
  1.077063e+00   1.078927e-29   0.000000e+00   3.051288e-30   6
