# power spectrum of B
# redshift z=0.997956
# k              Pk             sigma(k)       sigma(Pk)      count
  1.963495e-02   9.438781e-17   0.000000e+00   5.148002e-18   6
  2.776802e-02   1.102411e-16   0.000000e+00   1.730564e-17   12
  3.400874e-02   6.773174e-17   3.725290e-10   1.347986e-17   8
  3.926991e-02   2.306815e-16   0.000000e+00   7.176688e-17   6
  4.390509e-02   2.108732e-16   7.024475e-10   2.669564e-17   24
  4.809562e-02   1.543874e-16   7.024475e-10   3.528649e-17   24
  5.553604e-02   1.528642e-16   0.000000e+00   4.648441e-17   12
  5.890486e-02   1.598818e-16   7.947286e-10   2.360885e-17   30
  6.209118e-02   1.718930e-16   0.000000e+00   1.835399e-17   24
  6.512178e-02   1.341815e-16   1.216675e-09   2.514841e-17   24
  6.801748e-02   9.537470e-17   7.450581e-10   5.613939e-18   8
  7.079483e-02   1.145755e-16   9.934107e-10   1.754058e-17   24
  7.346727e-02   1.132314e-16   0.000000e+00   1.490451e-17   48
  7.853982e-02   1.783696e-16   0.000000e+00   1.335909e-17   6
  8.095699e-02   1.138640e-16   9.934107e-10   1.126085e-17   48
  8.330406e-02   9.414724e-17   9.365966e-10   1.522880e-17   36
  8.558678e-02   1.149242e-16   9.934107e-10   1.553808e-17   24
  8.781018e-02   8.618365e-17   1.404895e-09   5.487580e-18   24
  8.997866e-02   9.139915e-17   0.000000e+00   1.174042e-17   48
  9.209610e-02   6.590600e-17   1.404895e-09   1.354709e-17   24
  9.619124e-02   8.095985e-17   1.404895e-09   1.395310e-17   24
  9.817477e-02   7.081642e-17   0.000000e+00   8.799634e-18   30
  1.001190e-01   7.382647e-17   0.000000e+00   7.055508e-18   72
  1.020262e-01   5.787356e-17   1.490116e-09   7.270848e-18   32
  1.057375e-01   6.383792e-17   0.000000e+00   4.782467e-18   72
  1.075451e-01   6.982501e-17   0.000000e+00   6.776940e-18   48
  1.110721e-01   6.406454e-17   0.000000e+00   1.422703e-17   12
  1.127942e-01   6.755006e-17   0.000000e+00   4.869256e-18   48
  1.144905e-01   6.420303e-17   0.000000e+00   8.114351e-18   48
  1.161620e-01   5.345289e-17   1.404895e-09   4.863299e-18   48
  1.178097e-01   6.284144e-17   1.589457e-09   7.055482e-18   30
  1.194348e-01   4.854673e-17   0.000000e+00   6.751947e-18   24
  1.210380e-01   7.129265e-17   2.961779e-09   5.498241e-18   72
  1.241824e-01   4.345740e-17   0.000000e+00   6.598674e-18   24
  1.257251e-01   5.530577e-17   0.000000e+00   4.106282e-18   96
  1.272490e-01   4.667647e-17   0.000000e+00   5.503077e-18   48
  1.287550e-01   4.051486e-17   2.433349e-09   5.552672e-18   24
  1.302436e-01   7.211469e-17   2.433349e-09   6.840798e-18   24
  1.317153e-01   3.773200e-17   0.000000e+00   2.856694e-18   72
  1.331707e-01   4.129475e-17   0.000000e+00   4.951403e-18   48
  1.360350e-01   2.689558e-17   1.490116e-09   7.399918e-18   8
  1.374447e-01   4.412236e-17   1.766064e-09   4.154286e-18   54
  1.388401e-01   4.278030e-17   0.000000e+00   3.430681e-18   84
  1.402216e-01   4.397686e-17   0.000000e+00   3.422674e-18   48
  1.415897e-01   4.203218e-17   1.986821e-09   6.814622e-18   24
  1.429446e-01   4.399052e-17   2.649095e-09   2.447231e-18   72
  1.442869e-01   3.607087e-17   0.000000e+00   2.356533e-18   96
  1.469345e-01   3.549444e-17   0.000000e+00   4.102662e-18   48
  1.482407e-01   3.477620e-17   0.000000e+00   4.556077e-18   48
  1.495354e-01   3.546164e-17   0.000000e+00   3.823862e-18   24
  1.508189e-01   3.999408e-17   0.000000e+00   3.131603e-18   72
  1.533539e-01   2.481953e-17   0.000000e+00   2.644489e-18   72
  1.546058e-01   2.696636e-17   0.000000e+00   2.120507e-18   96
  1.570796e-01   2.291482e-17   0.000000e+00   4.344920e-18   6
  1.583021e-01   2.656489e-17   0.000000e+00   1.949403e-18   96
  1.595151e-01   2.872042e-17   1.986821e-09   2.086839e-18   96
  1.607190e-01   1.918644e-17   0.000000e+00   3.248721e-18   24
  1.619140e-01   3.538868e-17   1.986821e-09   4.462074e-18   48
  1.631002e-01   3.431213e-17   0.000000e+00   2.471572e-18   96
  1.642778e-01   2.799938e-17   0.000000e+00   4.261320e-18   48
  1.666081e-01   2.245904e-17   1.873193e-09   2.708568e-18   36
  1.677611e-01   2.378993e-17   3.441276e-09   2.011296e-18   48
  1.689063e-01   2.260681e-17   3.893359e-09   1.574765e-18   120
  1.700437e-01   2.453540e-17   0.000000e+00   1.913904e-18   56
  1.711736e-01   1.560888e-17   1.986821e-09   2.403469e-18   24
  1.722960e-01   2.215552e-17   0.000000e+00   1.714855e-18   96
  1.734112e-01   1.987204e-17   0.000000e+00   2.204580e-18   48
  1.756204e-01   2.065685e-17   2.809790e-09   2.868709e-18   24
  1.767146e-01   2.122867e-17   0.000000e+00   1.377334e-18   102
  1.778021e-01   3.037862e-17   1.986821e-09   3.906108e-18   48
  1.788829e-01   2.846383e-17   0.000000e+00   1.853642e-18   72
  1.799573e-01   1.895546e-17   0.000000e+00   2.114551e-18   48
  1.810253e-01   2.267628e-17   0.000000e+00   2.591318e-18   48
  1.820871e-01   2.366115e-17   4.495664e-09   2.051561e-18   120
  1.841922e-01   1.647766e-17   2.809790e-09   1.761725e-18   24
  1.852358e-01   1.858680e-17   2.649095e-09   9.416401e-19   144
  1.862735e-01   2.101255e-17   3.178914e-09   1.592941e-18   120
  1.873055e-01   2.377567e-17   2.809790e-09   2.400200e-18   48
  1.893526e-01   1.925366e-17   2.809790e-09   1.577077e-18   48
  1.903679e-01   2.145557e-17   2.809790e-09   1.502222e-18   96
  1.930487e-01   1.758799e-17   4.711199e-04   1.815989e-18   72
  1.943761e-01   1.851472e-17   2.497591e-09   1.532788e-18   108
  1.953653e-01   1.866162e-17   0.000000e+00   1.706781e-18   72
  1.963495e-01   2.125646e-17   0.000000e+00   4.711218e-18   30
  1.973288e-01   1.737087e-17   0.000000e+00   1.021431e-18   168
  1.983033e-01   1.938356e-17   0.000000e+00   2.750429e-18   48
  2.002380e-01   1.712469e-17   0.000000e+00   1.361349e-18   72
  2.011984e-01   1.756527e-17   0.000000e+00   1.184801e-18   96
  2.021542e-01   1.644276e-17   5.298191e-09   1.785201e-18   72
  2.031055e-01   1.536537e-17   0.000000e+00   1.371692e-18   72
  2.047049e-01   1.632906e-17   4.350048e-04   8.942831e-19   104
  2.059331e-01   1.516092e-17   3.746387e-09   8.507981e-19   144
  2.087224e-01   1.451681e-17   6.282881e-09   1.208709e-18   96
  2.096439e-01   1.470276e-17   0.000000e+00   1.149794e-18   96
  2.111095e-01   1.759048e-17   4.475232e-04   1.189379e-18   120
  2.123845e-01   1.411080e-17   0.000000e+00   7.838279e-19   120
  2.132902e-01   1.548139e-17   0.000000e+00   1.501190e-18   72
  2.150901e-01   1.405317e-17   0.000000e+00   1.397184e-18   48
  2.159845e-01   1.301547e-17   4.890638e-09   1.241815e-18   78
  2.171286e-01   1.361793e-17   4.007142e-04   7.255195e-19   168
  2.195255e-01   1.230231e-17   4.588368e-09   7.862485e-19   144
  2.204018e-01   1.492614e-17   3.746387e-09   8.850166e-19   144
  2.229436e-01   1.281757e-17   2.307791e-04   6.639017e-19   156
  2.238729e-01   1.212019e-17   4.866699e-09   1.122770e-18   48
  2.247323e-01   1.158448e-17   3.178914e-09   7.810401e-19   120
  2.255884e-01   1.065290e-17   0.000000e+00   1.135242e-18   48
  2.271022e-01   1.121965e-17   3.532495e-04   5.822465e-19   216
  2.289809e-01   1.292612e-17   0.000000e+00   8.865343e-19   48
  2.298212e-01   1.242211e-17   2.809790e-09   9.407704e-19   96
  2.310160e-01   1.106800e-17   4.128272e-04   6.220891e-19   168
  2.323239e-01   1.047413e-17   2.809790e-09   1.004783e-18   48
  2.331522e-01   1.023946e-17   0.000000e+00   6.975072e-19   96
  2.339775e-01   1.101568e-17   0.000000e+00   1.086528e-18   48
  2.356194e-01   1.123698e-17   3.178914e-09   1.651583e-18   30
  2.364362e-01   1.083465e-17   0.000000e+00   6.849037e-19   96
  2.374123e-01   9.632028e-18   3.244455e-04   4.323333e-19   240
  2.386674e-01   1.373574e-17   3.500299e-04   1.822442e-18   32
  2.396752e-01   1.037550e-17   0.000000e+00   6.077407e-19   168
  2.404781e-01   1.025685e-17   0.000000e+00   5.741647e-19   120
  2.420760e-01   9.799464e-18   5.923557e-09   7.190522e-19   72
  2.428710e-01   9.944319e-18   2.649095e-09   5.952522e-19   144
  2.436634e-01   1.050847e-17   0.000000e+00   7.810770e-19   96
  2.444532e-01   8.579829e-18   0.000000e+00   5.896476e-19   96
  2.460253e-01   1.209128e-17   0.000000e+00   1.306198e-18   72
  2.468075e-01   8.825133e-18   3.973643e-09   6.706939e-19   96
  2.483647e-01   9.658680e-18   0.000000e+00   1.203408e-18   24
  2.491396e-01   9.192139e-18   0.000000e+00   5.700440e-19   192
  2.500522e-01   8.065175e-18   2.970416e-04   5.370650e-19   132
  2.514501e-01   9.147332e-18   0.000000e+00   6.275545e-19   96
  2.522156e-01   6.415913e-18   0.000000e+00   5.632588e-19   96
  2.529787e-01   8.457758e-18   3.178914e-09   5.045187e-19   120
  2.544981e-01   7.300951e-18   0.000000e+00   8.403154e-19   48
  2.557435e-01   9.280942e-18   3.599905e-04   3.745408e-19   222
  2.567603e-01   7.556222e-18   0.000000e+00   6.293984e-19   120
  2.575100e-01   7.513988e-18   4.866699e-09   9.219685e-19   24
  2.586015e-01   8.962912e-18   3.715625e-04   3.523276e-19   312
  2.609797e-01   9.287820e-18   3.483547e-04   6.874007e-19   72
  2.619630e-01   7.358352e-18   4.866699e-09   5.523256e-19   96
  2.629726e-01   9.491921e-18   3.547511e-04   5.768819e-19   192
  2.641613e-01   6.253428e-18   4.495664e-09   4.707012e-19   120
  2.648900e-01   6.410152e-18   0.000000e+00   3.392077e-19   144
  2.663415e-01   8.854718e-18   0.000000e+00   6.764945e-19   48
  2.673732e-01   7.545592e-18   3.567146e-04   3.000781e-19   336
  2.685040e-01   7.521295e-18   0.000000e+00   7.295792e-19   48
  2.699360e-01   7.634495e-18   0.000000e+00   3.702222e-19   192
  2.706492e-01   6.020924e-18   0.000000e+00   5.375280e-19   48
  2.726764e-01   6.474080e-18   2.476067e-04   5.722610e-19   56
  2.736844e-01   7.004761e-18   3.180112e-04   2.753700e-19   336
  2.748894e-01   6.675425e-18   3.532127e-09   5.177157e-19   54
  2.759390e-01   6.239203e-18   3.492904e-04   2.545189e-19   240
  2.781181e-01   7.132319e-18   3.344484e-04   4.064738e-19   228
  2.790651e-01   6.436157e-18   3.746387e-09   4.970329e-19   72
  2.799844e-01   6.723752e-18   3.244231e-04   4.437773e-19   144
  2.811298e-01   7.642815e-18   0.000000e+00   5.431492e-19   96
  2.818146e-01   5.726430e-18   4.495664e-09   2.976145e-19   240
  2.831793e-01   6.913550e-18   3.973643e-09   1.067972e-18   24
  2.840530e-01   5.808863e-18   3.064151e-04   2.117892e-19   336
  2.852142e-01   5.601788e-18   0.000000e+00   3.441319e-19   72
  2.862741e-01   6.533470e-18   3.332831e-04   3.848215e-19   168
  2.872346e-01   7.240047e-18   0.000000e+00   6.572726e-19   72
  2.885737e-01   7.054474e-18   0.000000e+00   4.001930e-19   96
  2.896108e-01   4.482127e-18   3.307829e-04   2.603873e-19   216
  2.905708e-01   4.985448e-18   0.000000e+00   3.137249e-19   96
  2.918946e-01   5.931964e-18   3.973643e-09   3.709952e-19   192
  2.925542e-01   5.134747e-18   3.746387e-09   3.450615e-19   144
  2.938691e-01   4.166145e-18   0.000000e+00   3.049316e-19   48
  2.947794e-01   5.113998e-18   3.189136e-04   2.637250e-19   246
  2.960164e-01   5.687799e-18   2.940434e-04   3.051860e-19   168
  2.971308e-01   5.950900e-18   7.786718e-09   4.389038e-19   120
  2.977788e-01   5.761452e-18   0.000000e+00   2.970944e-19   240
  2.990707e-01   5.060932e-18   0.000000e+00   9.237410e-19   24
  3.001001e-01   4.926432e-18   3.147475e-04   2.045411e-19   360
  3.013820e-01   5.529435e-18   3.134082e-04   3.509167e-19   120
  3.022763e-01   4.014302e-18   0.000000e+00   2.713535e-19   144
  3.029133e-01   5.434170e-18   0.000000e+00   4.733262e-19   96
  3.048165e-01   4.680371e-18   0.000000e+00   3.258254e-19   144
  3.054482e-01   5.337026e-18   0.000000e+00   3.009032e-19   132
  3.063360e-01   4.153991e-18   3.093292e-04   2.099017e-19   176
  3.076248e-01   4.392950e-18   3.123602e-04   1.954740e-19   312
  3.092116e-01   3.600055e-18   0.000000e+00   2.932239e-19   96
  3.098343e-01   4.097131e-18   0.000000e+00   2.502527e-19   144
  3.107899e-01   5.233352e-18   3.092271e-04   2.456183e-19   312
  3.123131e-01   2.856846e-18   0.000000e+00   3.019124e-19   48
  3.129297e-01   4.291796e-18   3.973643e-09   2.135338e-19   192
  3.141593e-01   1.240861e-17   0.000000e+00   1.566720e-18   6
  3.149762e-01   4.062479e-18   2.884066e-04   2.210034e-19   288
  3.162994e-01   4.547135e-18   3.047203e-04   2.792789e-19   192
  3.172124e-01   4.715686e-18   9.345130e-09   2.972454e-19   216
  3.178195e-01   5.122994e-18   0.000000e+00   4.042644e-19   72
  3.193321e-01   5.141283e-18   3.018264e-04   3.082536e-19   192
  3.203366e-01   3.736246e-18   2.241224e-04   1.635232e-19   288
  3.214381e-01   3.310254e-18   0.000000e+00   3.637932e-19   24
  3.222890e-01   4.058135e-18   2.952626e-04   1.509243e-19   456
  3.238280e-01   4.149372e-18   0.000000e+00   5.847338e-19   48
  3.247789e-01   3.413884e-18   2.908218e-04   1.735556e-19   240
  3.258718e-01   3.975717e-18   2.939082e-04   2.047061e-19   216
  3.267908e-01   3.513303e-18   0.000000e+00   2.871496e-19   72
  3.273801e-01   3.221096e-18   1.015467e-08   1.893667e-19   168
  3.290441e-01   3.896984e-18   2.184577e-04   1.811629e-19   288
  3.299773e-01   3.218273e-18   2.890570e-04   2.061724e-19   168
  3.314762e-01   3.473164e-18   0.000000e+00   2.251550e-19   192
  3.320572e-01   3.328563e-18   3.746387e-09   1.848298e-19   144
  3.332162e-01   4.589829e-18   3.746387e-09   3.895346e-19   36
  3.341991e-01   3.623240e-18   2.639705e-04   1.506162e-19   342
  3.351389e-01   3.466676e-18   2.710657e-04   2.774494e-19   144
  3.363470e-01   3.753705e-18   2.842800e-04   1.619499e-19   384
  3.378125e-01   3.493608e-18   7.786718e-09   2.653668e-19   120
  3.385379e-01   4.025821e-18   2.534951e-04   2.079913e-19   264
  3.395201e-01   3.147050e-18   1.256576e-08   2.278634e-19   192
  3.404451e-01   3.097900e-18   2.731894e-04   2.012137e-19   152
  3.412191e-01   3.337049e-18   7.492773e-09   2.955941e-19   144
  3.428472e-01   3.607714e-18   1.768108e-04   1.979319e-19   216
  3.436008e-01   3.319581e-18   2.362665e-04   1.347068e-19   312
  3.449274e-01   3.501607e-18   2.738281e-04   1.957483e-19   240
  3.457090e-01   2.541178e-18   3.973643e-09   1.934913e-19   96
  3.471927e-01   2.534574e-18   2.617995e-04   1.223050e-19   144
  3.481071e-01   3.314880e-18   2.573258e-04   1.541826e-19   456
  3.495904e-01   2.835899e-18   0.000000e+00   2.079320e-19   120
  3.501414e-01   3.159564e-18   0.000000e+00   2.764591e-19   144
  3.512407e-01   4.107305e-18   5.619580e-09   6.676983e-19   24
  3.519456e-01   2.803337e-18   2.473498e-04   1.344262e-19   336
  3.531645e-01   2.928614e-18   2.727931e-04   1.551314e-19   198
  3.543067e-01   2.986503e-18   2.652756e-04   1.146409e-19   432
  3.556041e-01   4.384988e-18   7.947286e-09   6.574151e-19   48
  3.562810e-01   3.115721e-18   2.341925e-04   1.312753e-19   384
  3.574963e-01   2.618163e-18   2.696052e-04   2.446410e-19   144
  3.585975e-01   2.978577e-18   2.676825e-04   1.434453e-19   264
  3.599147e-01   2.409309e-18   0.000000e+00   2.403964e-19   48
  3.607984e-01   2.753193e-18   2.545223e-04   1.431296e-19   276
  3.616510e-01   3.104286e-18   2.307176e-04   1.917930e-19   192
  3.627906e-01   2.662637e-18   2.592759e-04   1.040602e-19   552
  3.641741e-01   2.291502e-18   6.357829e-09   1.561434e-19   120
  3.649965e-01   1.964826e-18   2.624511e-04   1.003374e-19   216
  3.657587e-01   2.117112e-18   6.357829e-09   1.664553e-19   120
  3.671201e-01   2.720546e-18   2.584500e-04   1.200896e-19   408
  3.683844e-01   1.049977e-18   5.619580e-09   1.718270e-19   24
  3.691684e-01   2.372562e-18   2.610810e-04   8.610890e-20   384
  3.702633e-01   1.961782e-18   2.550855e-04   1.071190e-19   240
  3.712141e-01   2.590219e-18   2.569535e-04   1.582317e-19   168
  3.725471e-01   2.180454e-18   0.000000e+00   1.503735e-19   120
  3.734064e-01   2.657980e-18   2.678605e-04   1.452872e-19   350
  3.748037e-01   2.810459e-18   4.409502e-04   1.334770e-19   384
  3.756388e-01   2.404212e-18   0.000000e+00   2.043257e-19   144
  3.771752e-01   2.295327e-18   5.298191e-09   1.384205e-19   288
  3.779773e-01   2.326182e-18   2.524053e-04   1.141013e-19   336
  3.790686e-01   1.880332e-18   2.297941e-04   1.047406e-19   168
  3.797219e-01   2.423344e-18   1.506181e-08   1.144633e-19   336
  3.810732e-01   2.402844e-18   2.385126e-04   1.431010e-19   288
  3.818848e-01   2.710977e-18   2.247398e-04   1.324023e-19   264
  3.832590e-01   1.965060e-18   0.000000e+00   1.141108e-19   240
  3.837616e-01   1.684059e-18   0.000000e+00   1.152480e-19   96
  3.855656e-01   2.339720e-18   3.056310e-04   1.068622e-19   360
  3.864075e-01   2.248460e-18   2.253025e-04   1.663985e-19   168
  3.874713e-01   1.944896e-18   2.456032e-04   8.302890e-20   456
  3.887523e-01   2.024352e-18   7.064254e-09   1.368869e-19   108
  3.894728e-01   1.643351e-18   2.464311e-04   8.477244e-20   264
  3.903716e-01   1.670871e-18   2.198567e-04   7.161398e-20   264
  3.916025e-01   2.114113e-18   2.074668e-04   9.800356e-20   312
  3.931351e-01   2.194890e-18   1.541705e-04   1.341826e-19   270
  3.937775e-01   2.037697e-18   1.957388e-04   1.160724e-19   240
  3.949323e-01   2.210406e-18   2.421536e-04   1.021859e-19   384
  3.956334e-01   1.782131e-18   7.947286e-09   1.123755e-19   192
  3.969952e-01   2.314012e-18   1.942960e-04   1.215646e-19   240
  3.977852e-01   2.042008e-18   2.397927e-04   9.451800e-20   336
  3.992708e-01   2.026607e-18   2.413972e-04   8.836428e-20   480
  4.004761e-01   1.983938e-18   5.298191e-09   2.612995e-19   72
  4.011493e-01   2.009190e-18   2.353842e-04   1.315837e-19   240
  4.020650e-01   1.861861e-18   2.212289e-04   9.713457e-20   312
  4.031147e-01   1.622529e-18   2.390954e-04   7.775483e-20   240
  4.047009e-01   1.923077e-18   1.816506e-04   9.220941e-20   408
  4.053288e-01   1.703125e-18   1.663482e-04   7.434495e-20   336
  4.065560e-01   1.934725e-18   2.112212e-04   1.014114e-19   264
  4.071591e-01   1.069370e-18   0.000000e+00   6.396960e-20   144
  4.088370e-01   1.646099e-18   2.927651e-04   7.029131e-20   464
  4.097211e-01   1.801515e-18   2.328083e-04   1.164978e-19   168
  4.105939e-01   1.481116e-18   2.120376e-04   6.966636e-20   336
  4.121713e-01   1.692372e-18   2.227870e-04   6.937693e-20   414
  4.130606e-01   1.923721e-18   2.319080e-04   1.338224e-19   216
  4.141998e-01   2.360122e-18   5.619580e-09   1.939182e-19   96
  4.146649e-01   1.683906e-18   1.376510e-08   7.604889e-20   384
  4.162944e-01   1.879575e-18   2.314600e-04   9.449598e-20   492
  4.171676e-01   2.045775e-18   2.263480e-04   1.159183e-19   240
  4.181546e-01   1.716007e-18   2.298225e-04   1.015095e-19   312
  4.195176e-01   1.361820e-18   2.297469e-04   1.230157e-19   192
  4.203810e-01   1.553555e-18   2.226525e-04   6.645265e-20   504
  4.215265e-01   1.592283e-18   1.473998e-04   6.997048e-20   408
  4.224284e-01   1.172961e-18   4.515774e-04   9.659971e-20   168
  4.235571e-01   2.155845e-18   2.145032e-04   1.231133e-19   288
  4.245041e-01   1.470679e-18   2.238525e-04   7.666920e-20   288
  4.254743e-01   1.312585e-18   2.251410e-04   6.758474e-20   432
  4.268815e-01   1.384289e-18   2.129084e-04   8.820854e-20   216
  4.276334e-01   1.453484e-18   2.124592e-04   6.772914e-20   360
  4.289721e-01   1.508501e-18   2.073582e-04   7.581816e-20   312
  4.301803e-01   1.274408e-18   0.000000e+00   1.511045e-19   48
  4.308767e-01   1.342969e-18   2.223178e-04   5.864692e-20   432
  4.321240e-01   1.369016e-18   3.708284e-04   6.159275e-20   414
  4.328606e-01   1.337149e-18   8.470833e-09   6.983456e-20   312
  4.342347e-01   1.536464e-18   3.253813e-04   7.802046e-20   528
  4.351620e-01   1.646017e-18   1.707976e-04   1.040399e-19   264
  4.362761e-01   1.728170e-18   2.025191e-04   9.727564e-20   480
  4.377318e-01   1.425050e-18   0.000000e+00   8.711473e-20   288
  4.383604e-01   1.376954e-18   2.176005e-04   8.912153e-20   168
  4.395105e-01   1.460207e-18   3.444610e-04   6.947434e-20   504
  4.408036e-01   1.900702e-18   5.298191e-09   1.743557e-19   144
  4.416171e-01   1.143416e-18   2.212265e-04   4.335788e-20   464
  4.428396e-01   1.521190e-18   3.246624e-04   8.351095e-20   432
  4.434197e-01   1.365458e-18   5.619580e-09   7.513297e-20   192
  4.449189e-01   1.274822e-18   2.406833e-04   6.243456e-20   396
  4.458042e-01   1.195540e-18   2.162000e-04   5.796045e-20   288
  4.466990e-01   1.152446e-18   2.135686e-04   6.982043e-20   336
  4.481283e-01   1.205116e-18   1.352359e-04   5.490812e-20   432
  4.490354e-01   1.145061e-18   3.505126e-04   6.160209e-20   360
  4.500539e-01   1.264727e-18   2.073334e-04   6.179863e-20   384
  4.515004e-01   1.193625e-18   1.830116e-04   7.931704e-20   198
  4.521974e-01   1.142482e-18   2.080246e-04   5.948714e-20   552
  4.534970e-01   1.426151e-18   2.912202e-04   7.609905e-20   432
  4.545821e-01   1.150546e-18   1.112388e-08   8.415762e-20   168
  4.554927e-01   1.577404e-18   3.610065e-04   7.719368e-20   480
  4.566974e-01   1.033344e-18   0.000000e+00   6.542716e-20   120
  4.572396e-01   1.283760e-18   2.948545e-04   6.831657e-20   336
  4.585628e-01   1.116160e-18   2.080152e-04   4.154691e-20   672
  4.598711e-01   1.320926e-18   3.025866e-04   5.815744e-20   528
  4.604805e-01   8.879861e-19   9.082613e-09   5.783569e-20   168
  4.618883e-01   1.090175e-18   3.375333e-04   5.385092e-20   456
  4.627474e-01   1.199823e-18   2.061344e-04   1.274294e-19   168
  4.636392e-01   1.120102e-18   2.057643e-04   4.795224e-20   504
  4.651216e-01   8.358296e-19   2.647872e-04   4.735159e-20   336
  4.660180e-01   1.107341e-18   1.908802e-04   5.710440e-20   312
  4.670124e-01   1.009925e-18   1.865029e-04   4.735709e-20   504
  4.683210e-01   1.010430e-18   1.294009e-04   4.569711e-20   432
  4.689362e-01   1.049268e-18   1.999672e-04   5.169461e-20   312
  4.702151e-01   8.988700e-19   2.049761e-04   4.388214e-20   384
  4.715504e-01   1.243342e-18   1.741510e-04   1.493011e-19   126
  4.723748e-01   1.148743e-18   3.057676e-04   5.633347e-20   492
  4.734278e-01   1.202834e-18   1.958445e-04   6.724268e-20   528
  4.747438e-01   1.107698e-18   1.989360e-04   6.522347e-20   480
  4.755596e-01   1.163171e-18   2.748289e-04   5.769738e-20   432
  4.767402e-01   1.023029e-18   2.161166e-04   5.241412e-20   440
  4.781114e-01   1.247513e-18   1.074739e-04   8.251894e-20   312
  4.786259e-01   1.021852e-18   1.610586e-04   5.629590e-20   480
  4.796813e-01   1.047727e-18   3.153497e-04   5.778522e-20   408
  4.812233e-01   1.210530e-18   1.888588e-04   5.693563e-20   360
  4.818747e-01   8.942230e-19   1.822418e-04   5.003192e-20   408
  4.830820e-01   8.282913e-19   1.854542e-04   4.299076e-20   456
  4.844414e-01   1.133392e-18   1.772485e-04   7.832125e-20   264
  4.851959e-01   8.994351e-19   1.923591e-04   3.947484e-20   384
  4.862943e-01   9.337073e-19   3.238501e-04   3.975387e-20   672
  4.875640e-01   1.142244e-18   1.937042e-04   8.838462e-20   240
  4.882967e-01   7.903627e-19   1.965613e-04   4.365664e-20   264
  4.893308e-01   6.523781e-19   2.424259e-04   2.567567e-20   624
  4.908739e-01   7.724432e-19   0.000000e+00   7.307455e-20   150
  4.914232e-01   1.138610e-18   2.716574e-04   5.811567e-20   600
  4.925819e-01   1.011943e-18   1.874909e-04   4.722651e-20   672
  4.938939e-01   8.789722e-19   1.763484e-04   5.896572e-20   336
  4.946248e-01   1.235356e-18   1.918157e-04   7.683919e-20   408
  4.957926e-01   1.028926e-18   1.913639e-04   6.141898e-20   408
  4.970915e-01   1.049596e-18   9.676385e-05   5.433056e-20   360
  4.978921e-01   1.042280e-18   3.552857e-04   6.796127e-20   456
  4.988592e-01   9.327647e-19   1.932065e-04   5.272485e-20   384
  5.000902e-01   7.047638e-19   1.783541e-04   3.971002e-20   348
  5.007554e-01   1.023658e-18   2.198754e-04   5.083173e-20   576
  5.020050e-01   8.074551e-19   1.810385e-04   3.879158e-20   504
  5.032833e-01   8.502481e-19   2.553443e-04   4.743210e-20   432
  5.043991e-01   8.751635e-19   3.473946e-04   3.857927e-20   576
  5.051948e-01   7.598036e-19   0.000000e+00   5.256191e-20   264
  5.064571e-01   7.021027e-19   2.764393e-04   2.467066e-20   768
  5.075549e-01   5.533518e-19   3.721752e-04   2.561452e-20   240
  5.084277e-01   8.858691e-19   3.282233e-04   6.933837e-20   192
  5.096990e-01   7.629722e-19   2.416124e-04   3.087061e-20   504
  5.106418e-01   1.055577e-18   3.255818e-04   5.108950e-20   590
  5.115460e-01   9.115744e-19   3.647966e-04   4.720075e-20   384
  5.126798e-01   8.517743e-19   3.048625e-04   4.958923e-20   504
  5.140486e-01   9.686399e-19   2.933830e-04   5.283604e-20   648
  5.153764e-01   7.117855e-19   7.967896e-05   3.726049e-20   504
  5.159117e-01   6.970754e-19   1.817627e-04   4.471290e-20   312
  5.168569e-01   1.067332e-18   2.618753e-04   5.740961e-20   576
  5.181545e-01   9.308876e-19   1.822405e-04   7.959129e-20   240
  5.189109e-01   7.012080e-19   1.841453e-04   2.868139e-20   552
  5.199816e-01   8.939186e-19   1.729082e-04   5.072007e-20   600
  5.215067e-01   7.144870e-19   2.111937e-04   2.982695e-20   600
  5.224237e-01   6.708572e-19   3.382099e-04   4.283411e-20   312
  5.233368e-01   8.854216e-19   2.945474e-04   4.253234e-20   480
  5.244775e-01   6.457592e-19   1.837693e-04   3.409714e-20   576
  5.254818e-01   8.117028e-19   2.959085e-04   4.722458e-20   408
  5.263729e-01   3.725376e-19   3.451909e-04   2.269693e-20   216
  5.275243e-01   6.441583e-19   2.643774e-04   2.857252e-20   516
  5.287578e-01   6.457422e-19   2.522429e-04   2.391002e-20   744
  5.300304e-01   8.228996e-19   1.684760e-04   4.230539e-20   462
  5.307494e-01   8.000547e-19   1.712315e-04   7.042948e-20   432
  5.318647e-01   8.031940e-19   1.588547e-04   4.254890e-20   648
  5.331761e-01   6.851337e-19   2.324340e-04   3.846739e-20   528
  5.342295e-01   8.085154e-19   2.799086e-04   4.405684e-20   600
  5.352820e-01   1.071347e-18   3.528915e-04   7.845555e-20   240
  5.363014e-01   8.324428e-19   2.703115e-04   5.753809e-20   720
  5.374863e-01   6.888712e-19   2.138653e-04   3.104031e-20   720
  5.387997e-01   3.683038e-19   0.000000e+00   2.071353e-20   144
  5.394909e-01   8.306785e-19   2.757364e-04   4.202808e-20   720
  5.404742e-01   8.059114e-19   1.653370e-04   5.376223e-20   384
  5.417051e-01   5.776869e-19   1.832848e-04   2.480524e-20   672
  5.428730e-01   7.324677e-19   3.209115e-04   4.974963e-20   336
  5.434308e-01   7.132320e-19   0.000000e+00   5.081975e-20   288
  5.447967e-01   5.384061e-19   2.539800e-04   2.390379e-20   776
  5.460612e-01   5.546278e-19   2.173184e-04   2.294187e-20   720
  5.471231e-01   5.331906e-19   1.750659e-04   2.692406e-20   432
  5.479725e-01   6.636472e-19   2.495786e-04   3.661563e-20   504
  5.489174e-01   5.972988e-19   1.748652e-04   3.077065e-20   528
  5.502396e-01   6.621509e-19   2.382437e-04   5.119855e-20   438
  5.513273e-01   8.098748e-19   2.772938e-04   4.814595e-20   624
  5.521470e-01   8.122250e-19   3.396475e-04   6.477839e-20   312
  5.532738e-01   7.979551e-19   1.829935e-04   3.771073e-20   696
  5.544390e-01   6.455286e-19   1.655760e-04   3.332444e-20   552
  5.556509e-01   6.704963e-19   1.281006e-04   3.977913e-20   516
  5.564006e-01   7.891208e-19   2.558713e-04   5.119901e-20   528
  5.573133e-01   3.739984e-19   1.664001e-04   1.430615e-20   528
  5.586097e-01   6.557802e-19   2.194479e-04   3.363622e-20   864
  5.594897e-01   7.205479e-19   3.005985e-04   4.441397e-20   408
  5.603706e-01   9.606559e-19   2.978186e-04   7.287083e-20   192
  5.616191e-01   5.413780e-19   2.464592e-04   2.966781e-20   720
  5.626731e-01   5.415976e-19   2.272475e-04   2.687626e-20   696
  5.639255e-01   5.967469e-19   2.454294e-04   2.887260e-20   720
  5.650713e-01   6.434514e-19   3.326501e-04   3.388112e-20   432
  5.657395e-01   4.791317e-19   1.958109e-04   3.331722e-20   264
  5.669418e-01   5.612151e-19   2.704061e-04   2.712869e-20   672
  5.680171e-01   5.419008e-19   2.768544e-04   2.782836e-20   600
  5.692933e-01   3.999377e-19   1.620980e-04   3.259282e-20   270
  5.699366e-01   7.280017e-19   2.440026e-04   5.242200e-20   528
  5.709591e-01   6.445552e-19   1.670843e-04   3.291672e-20   840
  5.723613e-01   7.336679e-19   3.194952e-04   3.657450e-20   888
  5.736568e-01   5.364383e-19   2.380474e-04   2.657544e-20   744
  5.747517e-01   6.164076e-19   1.223216e-04   4.074732e-20   456
  5.752963e-01   9.318792e-19   1.671601e-04   5.907687e-20   360
  5.762282e-01   5.053331e-19   1.448348e-04   4.520291e-20   384
  5.776580e-01   5.502314e-19   2.323137e-04   2.727956e-20   816
  5.787308e-01   5.891441e-19   3.370546e-04   3.140360e-20   824
  5.800348e-01   4.653474e-19   1.566791e-04   2.814631e-20   360
  5.807331e-01   4.898889e-19   2.311994e-04   2.434832e-20   624
  5.816941e-01   7.205944e-19   1.562320e-04   5.450946e-20   360
  5.829744e-01   5.039631e-19   2.125215e-04   2.705905e-20   876
  5.841306e-01   4.997899e-19   2.524119e-04   2.147048e-20   696
  5.852967e-01   3.801869e-19   1.629911e-04   2.111509e-20   336
  5.859080e-01   6.299466e-19   1.628079e-04   4.311825e-20   504
  5.869176e-01   4.916175e-19   1.642187e-04   2.751445e-20   672
  5.884155e-01   4.297906e-19   3.269213e-04   1.847906e-20   720
  5.894543e-01   6.062664e-19   2.469541e-04   3.377842e-20   774
  5.906010e-01   7.962020e-19   1.413501e-04   6.942562e-20   384
  5.912015e-01   6.479843e-19   2.720183e-04   4.211593e-20   528
  5.921335e-01   6.455595e-19   2.592486e-04   3.885813e-20   744
  5.936327e-01   5.942168e-19   2.138251e-04   3.167411e-20   768
  5.946281e-01   5.433543e-19   2.400348e-04   4.113530e-20   552
  5.958700e-01   5.324324e-19   2.616108e-04   3.295401e-20   696
  5.967938e-01   7.518642e-19   3.179026e-04   5.524924e-20   408
  5.975272e-01   6.169396e-19   1.373364e-04   3.793231e-20   504
  5.986899e-01   4.908570e-19   2.467198e-04   2.424620e-20   888
  5.998339e-01   5.189519e-19   2.564132e-04   3.670103e-20   648
  6.010230e-01   5.117527e-19   2.542153e-04   3.304585e-20   648
  6.021418e-01   4.836904e-19   2.741064e-04   2.807286e-20   792
  6.033268e-01   4.536403e-19   4.010364e-04   2.792871e-20   600
  6.042000e-01   3.484302e-19   2.717856e-04   1.766599e-20   456
  6.051191e-01   4.800544e-19   1.324567e-04   2.618152e-20   648
  6.062996e-01   4.797961e-19   2.583099e-04   2.334146e-20   936
  6.075741e-01   5.469803e-19   1.586356e-04   3.051275e-20   384
  6.086836e-01   5.377392e-19   0.000000e+00   5.868139e-20   198
  6.095398e-01   5.068527e-19   4.024720e-04   2.562630e-20   1224
  6.104634e-01   6.845099e-19   2.931235e-04   4.332833e-20   420
  6.115558e-01   6.282710e-19   2.836822e-04   4.347367e-20   792
  6.126238e-01   5.818739e-19   2.345810e-04   4.168421e-20   680
  6.138428e-01   5.292525e-19   2.154033e-04   3.450098e-20   600
  6.148235e-01   5.186605e-19   3.123938e-04   2.783431e-20   840
  6.161330e-01   4.144647e-19   1.474979e-04   2.798833e-20   432
  6.166334e-01   6.215540e-19   1.382250e-04   3.944126e-20   720
  6.177213e-01   4.607547e-19   2.768404e-04   2.279303e-20   960
  6.190745e-01   4.675917e-19   2.467829e-04   3.661772e-20   528
  6.200634e-01   4.905456e-19   2.522592e-04   3.151015e-20   624
  6.212404e-01   5.561480e-19   1.982740e-04   3.077442e-20   816
  6.224086e-01   4.398409e-19   3.260658e-04   2.739612e-20   696
  6.236996e-01   3.327934e-19   1.798266e-08   2.420366e-20   240
  6.241851e-01   4.799159e-19   1.922888e-04   2.821793e-20   672
  6.252686e-01   4.764222e-19   3.436476e-04   2.553063e-20   864
  6.264840e-01   3.156853e-19   2.636938e-04   1.708979e-20   816
  6.275795e-01   3.696356e-19   1.509292e-04   2.188814e-20   648
  6.287594e-01   5.259439e-19   1.542771e-04   3.110652e-20   843
  6.297611e-01   4.413438e-19   2.775825e-04   3.062404e-20   780
  6.309548e-01   6.195289e-19   1.489456e-04   8.115551e-20   216
  6.316911e-01   4.634077e-19   3.591661e-04   2.739558e-20   1056
  6.328235e-01   3.061840e-19   2.938382e-04   3.530308e-20   228
  6.338720e-01   4.753468e-19   3.658358e-04   2.563352e-20   924
  6.349484e-01   4.288759e-19   1.357046e-04   2.051733e-20   696
  6.360882e-01   3.783844e-19   2.415153e-04   2.009435e-20   996
  6.372543e-01   2.985871e-19   1.425858e-04   2.082578e-20   576
  6.384675e-01   3.760456e-19   2.200718e-04   2.693766e-20   552
  6.393519e-01   4.353617e-19   2.627580e-04   2.830465e-20   516
  6.402494e-01   4.359903e-19   3.821047e-04   2.402545e-20   744
  6.412749e-01   2.489141e-19   1.874451e-04   1.299751e-20   576
  6.421669e-01   3.316477e-19   1.929285e-04   1.719309e-20   792
  6.434346e-01   3.850805e-19   2.205530e-04   2.199581e-20   792
  6.443636e-01   3.453123e-19   2.378641e-04   1.994715e-20   720
  6.456200e-01   2.684817e-19   2.711104e-04   1.457215e-20   656
  6.467974e-01   3.269989e-19   2.960385e-04   1.755739e-20   816
  6.480043e-01   3.515888e-19   1.596190e-04   2.805803e-20   492
  6.486903e-01   3.333695e-19   2.296231e-04   2.225098e-20   552
  6.499778e-01   2.752850e-19   3.992867e-04   1.663674e-20   780
  6.508139e-01   2.905862e-19   2.452771e-04   1.915196e-20   528
  6.517148e-01   2.379116e-19   2.863130e-04   1.360538e-20   600
  6.530425e-01   3.106976e-19   2.379487e-04   1.216340e-20   900
  6.539577e-01   2.450575e-19   1.317325e-04   1.189587e-20   696
  6.552168e-01   2.431353e-19   3.330907e-04   1.361276e-20   696
  6.564349e-01   1.841434e-19   1.351317e-04   7.752909e-21   552
  6.574592e-01   2.321109e-19   1.571457e-04   1.168022e-20   708
  6.585322e-01   2.288023e-19   2.594565e-04   1.012109e-20   876
  6.596487e-01   2.596483e-19   1.377663e-04   2.643907e-20   216
  6.603980e-01   2.708839e-19   3.768094e-04   1.131476e-20   1032
  6.615201e-01   2.126881e-19   4.195357e-04   1.169539e-20   600
  6.626848e-01   1.575401e-19   2.001869e-04   8.444216e-21   600
  6.635732e-01   2.511791e-19   3.535112e-04   1.308795e-20   528
  6.646233e-01   2.203208e-19   1.940622e-04   9.933523e-21   732
  6.657296e-01   2.636030e-19   1.432973e-04   1.893411e-20   336
  6.670031e-01   2.024346e-19   2.042271e-04   9.490850e-21   912
  6.679548e-01   1.878101e-19   2.049821e-04   7.811511e-21   624
  6.689946e-01   2.187080e-19   1.727341e-04   1.028274e-20   768
  6.702082e-01   1.932595e-19   3.116463e-04   6.222874e-21   792
  6.713995e-01   2.263149e-19   1.545014e-04   1.367020e-20   660
  6.722471e-01   1.803778e-19   2.276826e-04   9.157576e-21   504
  6.731238e-01   1.518744e-19   3.719898e-04   6.992761e-21   480
  6.744376e-01   1.516504e-19   3.440421e-04   6.237267e-21   912
  6.754664e-01   1.686051e-19   3.831443e-04   9.490088e-21   432
  6.764380e-01   2.034073e-19   2.275021e-04   1.055003e-20   564
  6.773006e-01   1.779361e-19   2.177508e-04   7.523601e-21   600
  6.785149e-01   1.953295e-19   3.035240e-04   8.672602e-21   876
  6.794272e-01   1.946888e-19   1.364735e-04   1.491181e-20   264
  6.806846e-01   1.469989e-19   2.648123e-04   7.223388e-21   560
  6.816953e-01   1.609353e-19   1.799457e-04   5.673008e-21   840
  6.829222e-01   1.274513e-19   2.774244e-04   4.643158e-21   1008
  6.840568e-01   1.123857e-19   1.241010e-04   5.295177e-21   456
  6.850930e-01   1.745792e-19   1.607553e-04   9.031416e-21   576
  6.860509e-01   1.820389e-19   2.470177e-04   8.201246e-21   612
  6.873140e-01   1.566317e-19   2.206269e-04   6.591961e-21   780
  6.883444e-01   1.390594e-19   2.528284e-04   5.002153e-21   648
  6.893992e-01   1.686392e-19   1.178213e-04   9.266543e-21   312
  6.900734e-01   1.292606e-19   2.993645e-04   5.620743e-21   528
  6.912414e-01   1.306590e-19   3.909551e-04   4.730651e-21   720
  6.923583e-01   1.428879e-19   3.921794e-04   6.835950e-21   576
  6.937124e-01   1.409433e-19   3.383053e-04   6.769722e-21   444
  6.945549e-01   1.403524e-19   3.317685e-04   4.573484e-21   996
  6.955874e-01   1.195621e-19   2.771265e-04   5.604061e-21   432
  6.965633e-01   1.349355e-19   3.033990e-04   5.932650e-21   504
  6.974062e-01   9.178501e-20   1.367883e-04   3.005755e-21   504
  6.986065e-01   1.359951e-19   2.692009e-04   4.295575e-21   876
  6.996926e-01   1.030823e-19   3.098246e-04   3.763658e-21   504
  7.008236e-01   1.182263e-19   1.975899e-04   4.563996e-21   696
  7.017583e-01   1.192687e-19   1.689187e-04   4.789278e-21   492
  7.030300e-01   1.105963e-19   2.418152e-04   5.152925e-21   432
  7.039719e-01   1.273365e-19   2.264335e-04   4.798937e-21   768
  7.050885e-01   1.156038e-19   2.820533e-04   4.711301e-21   648
  7.061547e-01   1.115106e-19   1.840095e-04   4.889021e-21   456
  7.073798e-01   1.111333e-19   2.530430e-04   4.348901e-21   552
  7.082306e-01   1.054387e-19   1.734358e-04   3.663390e-21   648
  7.094016e-01   9.883355e-20   2.826907e-04   2.988866e-21   840
  7.105454e-01   1.030685e-19   1.348092e-04   4.351069e-21   432
  7.116906e-01   1.110392e-19   1.651183e-04   4.738988e-21   600
  7.124870e-01   1.114123e-19   1.759227e-04   4.940471e-21   432
  7.138248e-01   9.890931e-20   1.751482e-04   3.683443e-21   560
  7.147308e-01   9.703407e-20   2.772412e-04   3.192752e-21   840
  7.158652e-01   9.048435e-20   1.642140e-04   3.839253e-21   504
  7.167662e-01   8.731709e-20   3.351509e-04   2.708498e-21   696
  7.180362e-01   1.218584e-19   1.830475e-04   7.191250e-21   384
  7.190254e-01   8.362708e-20   2.681431e-04   3.056888e-21   576
  7.202219e-01   8.661081e-20   1.654845e-04   4.599642e-21   360
  7.211864e-01   9.872902e-20   2.464465e-04   3.323275e-21   828
  7.222268e-01   9.535213e-20   2.195064e-04   4.689591e-21   372
  7.231800e-01   9.217837e-20   3.352284e-04   3.598950e-21   576
  7.244428e-01   9.692135e-20   1.403933e-04   3.432414e-21   636
  7.253425e-01   8.450333e-20   2.706420e-04   3.095748e-21   648
  7.265596e-01   7.527062e-20   2.200024e-04   3.017708e-21   576
  7.274333e-01   8.867365e-20   3.548870e-04   3.647371e-21   528
  7.285953e-01   9.641490e-20   1.517289e-04   5.013863e-21   360
  7.295571e-01   7.699808e-20   3.490332e-04   2.712295e-21   672
  7.308130e-01   8.948997e-20   1.787806e-04   2.924998e-21   804
  7.318582e-01   8.778367e-20   1.972163e-04   3.971349e-21   408
  7.330145e-01   8.419093e-20   1.219011e-04   4.077464e-21   384
  7.337931e-01   6.666256e-20   2.789567e-04   3.284195e-21   480
  7.348913e-01   8.533030e-20   1.802469e-04   4.160018e-21   432
  7.359446e-01   8.850187e-20   3.321566e-04   3.238470e-21   648
  7.371913e-01   7.792071e-20   2.061016e-04   2.621923e-21   624
  7.381033e-01   7.687403e-20   1.874668e-04   3.508918e-21   456
  7.393486e-01   7.437013e-20   2.560963e-04   2.818094e-21   588
  7.401831e-01   7.051894e-20   1.633884e-04   2.419549e-21   600
  7.414016e-01   7.298043e-20   2.548458e-04   2.849139e-21   708
  7.423640e-01   7.928888e-20   1.605479e-04   3.717866e-21   360
  7.434275e-01   7.746678e-20   1.845541e-04   2.982813e-21   552
  7.444470e-01   7.696310e-20   1.294691e-04   5.051092e-21   288
  7.454820e-01   7.566124e-20   2.434372e-04   3.094089e-21   528
  7.464545e-01   8.113603e-20   1.642340e-04   3.326306e-21   456
  7.475410e-01   7.885599e-20   2.912225e-04   3.083552e-21   608
  7.486338e-01   7.135781e-20   1.408967e-04   2.781326e-21   504
  7.498278e-01   6.221420e-20   3.024972e-04   2.162254e-21   540
  7.507642e-01   7.950384e-20   3.247222e-04   3.240630e-21   360
  7.517735e-01   7.409939e-20   1.470509e-04   3.118414e-21   540
  7.526661e-01   6.633315e-20   1.262606e-04   2.505189e-21   576
  7.539642e-01   7.277401e-20   2.927555e-04   2.757840e-21   588
  7.551985e-01   6.548216e-20   4.039143e-04   2.329178e-21   672
  7.562588e-01   6.793075e-20   3.087151e-04   2.403474e-21   552
  7.571135e-01   6.649374e-20   3.088712e-04   3.603484e-21   144
  7.582042e-01   6.993741e-20   2.624178e-04   2.295018e-21   600
  7.592383e-01   5.807086e-20   3.288668e-04   2.551724e-21   504
  7.603860e-01   5.986136e-20   3.378126e-04   2.776046e-21   336
  7.615932e-01   6.243155e-20   3.797028e-04   2.298750e-21   600
  7.626744e-01   6.095438e-20   2.450478e-04   2.304108e-21   636
  7.638413e-01   6.391698e-20   1.970206e-04   3.063837e-21   384
  7.646595e-01   7.154463e-20   2.748205e-04   2.778454e-21   504
  7.658387e-01   5.672160e-20   1.153383e-04   2.918385e-21   240
  7.667694e-01   6.390490e-20   2.709461e-04   2.079022e-21   744
  7.678860e-01   5.258318e-20   1.850150e-04   1.798122e-21   648
  7.688783e-01   8.180409e-20   1.228185e-04   6.179479e-21   120
  7.700414e-01   6.496080e-20   1.929319e-04   2.223796e-21   564
  7.709202e-01   6.447353e-20   3.030111e-04   2.797008e-21   432
  7.720932e-01   5.995596e-20   2.351965e-04   2.118769e-21   480
  7.729764e-01   5.468953e-20   1.731106e-04   2.280780e-21   456
  7.740189e-01   6.037633e-20   2.864725e-04   2.524456e-21   444
  7.752020e-01   5.208569e-20   4.383180e-04   1.972089e-21   528
  7.762412e-01   6.175491e-20   3.255297e-04   4.994407e-21   264
  7.772498e-01   5.443789e-20   3.336195e-04   2.048595e-21   444
  7.786065e-01   5.598360e-20   3.654311e-04   1.970783e-21   696
  7.797327e-01   6.425312e-20   1.954448e-04   2.774357e-21   384
  7.805563e-01   4.987549e-20   2.469609e-04   1.992447e-21   432
  7.818373e-01   5.353702e-20   1.706384e-04   2.154519e-21   488
  7.826690e-01   6.307444e-20   2.571733e-04   2.483485e-21   480
  7.838749e-01   5.240358e-20   2.868014e-04   2.111856e-21   480
  7.848089e-01   5.008276e-20   1.203331e-04   2.634479e-21   240
  7.858692e-01   6.412581e-20   2.810886e-04   2.741763e-21   600
  7.868694e-01   5.293447e-20   2.449399e-04   2.955970e-21   288
  7.879343e-01   5.486661e-20   2.356143e-04   2.197294e-21   480
  7.890129e-01   4.906664e-20   4.191157e-04   2.367548e-21   504
  7.900748e-01   5.962049e-20   1.798267e-04   3.884859e-21   216
  7.914291e-01   5.239151e-20   2.944050e-04   1.955348e-21   504
  7.924838e-01   4.794863e-20   2.367912e-04   1.750699e-21   456
  7.936384e-01   4.895347e-20   1.358038e-04   2.311443e-21   384
  7.944031e-01   5.506603e-20   2.756326e-04   2.268911e-21   480
  7.954897e-01   4.724111e-20   2.420363e-04   1.928310e-21   504
  7.964966e-01   5.440736e-20   1.535327e-04   2.521143e-21   312
  7.975815e-01   5.093354e-20   2.474127e-04   1.866280e-21   492
  7.985417e-01   5.830698e-20   2.318919e-04   3.245688e-21   312
  7.997779e-01   4.678685e-20   3.766899e-04   1.605244e-21   576
  8.008661e-01   4.584115e-20   3.477153e-04   2.653932e-21   336
  8.017699e-01   4.445064e-20   2.677247e-04   1.979049e-21   240
  8.030228e-01   5.578390e-20   3.549351e-04   2.364626e-21   468
  8.041047e-01   4.374166e-20   2.222407e-04   3.153496e-21   192
  8.052370e-01   4.335154e-20   2.229031e-04   2.174548e-21   324
  8.060669e-01   4.804767e-20   1.617794e-04   1.820069e-21   600
  8.071978e-01   5.083867e-20   2.624704e-04   2.338947e-21   456
  8.080377e-01   4.788421e-20   1.180592e-04   2.067478e-21   336
  8.094297e-01   4.897424e-20   3.535027e-04   1.876162e-21   612
  8.104424e-01   5.180251e-20   2.966749e-04   4.646626e-21   144
  8.114002e-01   5.246209e-20   3.462957e-04   2.079405e-21   552
  8.127025e-01   4.406506e-20   1.363755e-04   2.676188e-21   264
  8.134384e-01   4.881900e-20   3.157441e-04   2.550965e-21   336
  8.145992e-01   4.646119e-20   2.086329e-04   1.857840e-21   384
  8.156059e-01   4.765247e-20   1.174397e-04   2.940576e-21   216
  8.167203e-01   3.984573e-20   2.489964e-04   1.889062e-21   344
  8.177364e-01   4.301070e-20   3.715143e-04   1.865008e-21   408
  8.189746e-01   3.943524e-20   2.854845e-04   1.988519e-21   264
  8.200718e-01   4.234286e-20   3.979796e-04   1.597023e-21   612
  8.211681e-01   4.866985e-20   2.048307e-04   2.052634e-21   408
  8.222956e-01   4.640818e-20   2.051251e-04   2.279071e-21   444
  8.231239e-01   6.388464e-20   1.147249e-04   5.235592e-21   120
  8.242338e-01   4.402589e-20   3.169640e-04   2.105076e-21   336
  8.250576e-01   4.063610e-20   1.101437e-04   2.353281e-21   288
  8.261708e-01   4.481609e-20   3.427692e-04   1.629976e-21   552
  8.277012e-01   4.173542e-20   0.000000e+00   4.048079e-21   72
  8.284882e-01   4.057353e-20   3.404572e-04   1.677846e-21   504
  8.294074e-01   3.138331e-20   1.095558e-04   1.857281e-21   216
  8.305983e-01   4.168336e-20   1.956043e-04   2.250875e-21   312
  8.316675e-01   4.025496e-20   2.227263e-04   1.671304e-21   336
  8.326865e-01   3.728378e-20   3.087236e-04   2.125014e-21   204
  8.337014e-01   4.509992e-20   3.587838e-04   1.965945e-21   504
  8.347777e-01   4.639308e-20   3.416652e-04   2.261451e-21   396
  8.358127e-01   3.721667e-20   3.133249e-04   2.132130e-21   312
  8.370674e-01   5.513842e-20   1.914750e-04   3.185999e-21   216
  8.379516e-01   4.147884e-20   1.039172e-04   3.109140e-21   168
  8.390260e-01   4.667662e-20   2.623966e-04   2.111064e-21   588
  8.402521e-01   3.739719e-20   3.561727e-04   2.122547e-21   240
  8.412047e-01   3.550811e-20   3.145601e-04   1.969142e-21   264
  8.423219e-01   3.567650e-20   3.890183e-04   1.930991e-21   288
  8.433131e-01   3.994875e-20   1.942596e-04   1.964607e-21   288
  8.445693e-01   3.630564e-20   1.824406e-04   1.969982e-21   288
  8.454153e-01   3.690286e-20   2.113423e-04   2.139850e-21   192
  8.464795e-01   3.301570e-20   2.248894e-04   1.741636e-21   264
  8.474933e-01   4.167040e-20   3.699119e-04   1.753772e-21   372
  8.485844e-01   4.333901e-20   3.995208e-04   2.421182e-21   360
  8.499161e-01   4.674069e-20   1.690810e-04   3.507540e-21   144
  8.506044e-01   3.321416e-20   2.348461e-04   2.068904e-21   296
  8.516909e-01   3.453037e-20   2.530345e-04   1.522624e-21   288
  8.529347e-01   3.970217e-20   3.781537e-04   2.121231e-21   480
  8.540076e-01   3.660294e-20   3.142096e-04   2.596153e-21   192
  8.550509e-01   3.921227e-20   3.370327e-04   2.589254e-21   192
  8.559992e-01   3.339718e-20   2.147949e-04   1.935352e-21   288
  8.573180e-01   2.656211e-20   1.869760e-04   1.757174e-21   108
  8.579823e-01   3.879252e-20   1.797545e-04   2.142143e-21   240
  8.591554e-01   2.940867e-20   3.353363e-04   1.363150e-21   384
  8.603605e-01   4.265625e-20   4.090722e-04   3.168306e-21   108
  8.614261e-01   4.293055e-20   2.398466e-04   2.098242e-21   348
  8.625466e-01   3.528520e-20   2.503134e-04   2.089148e-21   312
  8.635474e-01   2.901212e-20   2.432319e-04   2.454566e-21   96
  8.644677e-01   3.258605e-20   3.238194e-04   1.619560e-21   384
  8.654984e-01   4.465369e-20   2.227222e-04   4.403272e-21   144
  8.665066e-01   3.261575e-20   3.422225e-04   1.475901e-21   408
  8.677598e-01   2.941704e-20   1.526554e-04   2.397548e-21   144
  8.689437e-01   3.622751e-20   2.934816e-04   2.826921e-21   192
  8.696459e-01   4.028058e-20   3.303190e-04   2.606339e-21   144
  8.707904e-01   2.846217e-20   2.685615e-04   1.733095e-21   144
  8.718702e-01   3.785480e-20   3.282257e-04   2.081800e-21   336
  8.731927e-01   2.826894e-20   2.428454e-04   1.482380e-21   240
  8.740312e-01   4.171369e-20   1.102739e-04   3.868719e-21   96
  8.752007e-01   3.691137e-20   3.233803e-04   1.699731e-21   372
  8.763838e-01   3.140153e-20   3.846540e-04   4.627821e-21   132
  8.774230e-01   3.137575e-20   2.380193e-04   1.555528e-21   264
  8.783527e-01   4.035985e-20   1.827880e-04   4.023297e-21   168
  8.793449e-01   3.429015e-20   2.922429e-04   2.674737e-21   216
  8.802213e-01   3.216532e-20   1.787978e-04   2.305751e-21   216
  8.814979e-01   2.772740e-20   3.280196e-04   1.721883e-21   96
  8.826561e-01   2.510845e-20   2.140028e-04   1.872119e-21   120
  8.837183e-01   3.276298e-20   2.720578e-04   2.387034e-21   216
  8.845934e-01   2.780534e-20   1.188902e-04   2.244549e-21   200
  8.857519e-01   3.034708e-20   3.077557e-04   2.108357e-21   288
  8.872378e-01   2.858359e-20   8.097649e-05   1.946462e-21   144
  8.878635e-01   3.389308e-20   2.519939e-04   2.383345e-21   168
  8.891412e-01   3.502554e-20   2.835956e-04   3.012269e-21   159
  8.901386e-01   2.770695e-20   2.975600e-04   1.627069e-21   174
  8.911039e-01   2.684058e-20   2.698170e-04   1.884001e-21   144
  8.923678e-01   3.190038e-20   1.557998e-04   2.348085e-21   222
  8.932131e-01   3.130474e-20   1.572158e-04   2.454952e-21   168
  8.946732e-01   4.931217e-20   3.448346e-04   9.643105e-21   30
  8.952763e-01   2.449578e-20   3.044637e-04   1.821544e-21   72
  8.964123e-01   2.723935e-20   2.717302e-04   1.534129e-21   258
  8.976612e-01   2.502791e-20   1.701916e-04   1.277672e-21   264
  8.982857e-01   1.976498e-20   1.835347e-08   2.215208e-21   72
  8.995871e-01   2.358498e-20   3.373270e-04   1.503293e-21   174
  9.007654e-01   2.911459e-20   3.591909e-04   3.101698e-21   168
  9.017127e-01   1.431640e-20   1.123916e-08   1.531941e-21   48
  9.027297e-01   2.367790e-20   2.028435e-04   1.369642e-21   150
  9.039088e-01   3.223265e-20   3.731453e-04   2.109344e-21   168
  9.050911e-01   2.185136e-20   2.273028e-04   1.384795e-21   144
  9.061784e-01   3.276256e-20   2.123525e-04   2.987014e-21   102
  9.069882e-01   2.151513e-20   3.143182e-04   2.181107e-21   96
  9.082731e-01   1.892709e-20   3.119397e-04   1.136839e-21   120
  9.092246e-01   1.896395e-20   3.345635e-04   1.334461e-21   168
  9.102538e-01   2.777285e-20   2.470487e-04   2.132732e-21   126
  9.111308e-01   2.755734e-20   1.863241e-04   3.095985e-21   168
  9.123389e-01   2.221422e-20   2.987709e-04   1.713361e-21   72
  9.133947e-01   2.137425e-20   3.741278e-04   1.064856e-21   168
  9.143196e-01   2.703933e-20   1.025668e-04   2.918691e-21   78
  9.155870e-01   1.879116e-20   1.684070e-04   1.361818e-21   60
  9.166075e-01   2.986777e-20   2.731835e-04   3.728861e-21   96
  9.176659e-01   2.344833e-20   3.314854e-04   1.407489e-21   168
  9.186605e-01   2.537180e-20   2.097511e-04   2.346359e-21   86
  9.197042e-01   1.426943e-20   1.874678e-04   1.074916e-21   120
  9.212002e-01   1.878683e-20   1.336894e-04   1.100664e-21   168
  9.220069e-01   2.109760e-20   0.000000e+00   1.752900e-21   48
  9.230934e-01   3.130952e-20   2.435676e-04   2.841553e-21   120
  9.237177e-01   1.798309e-20   1.776924e-04   1.022676e-21   126
  9.252418e-01   2.630231e-20   3.125113e-04   2.353886e-21   96
  9.262310e-01   2.384890e-20   9.011285e-05   1.607410e-21   96
  9.270111e-01   1.801388e-20   1.059638e-08   1.643886e-21   72
  9.286731e-01   2.026567e-20   1.123916e-08   2.904057e-21   24
  9.297104e-01   2.063396e-20   1.854501e-04   1.093932e-21   120
  9.305196e-01   2.326932e-20   2.705147e-04   1.732958e-21   126
  9.314194e-01   2.087956e-20   2.255107e-04   1.501094e-21   96
  9.324708e-01   1.956537e-20   3.897482e-04   1.977829e-21   72
  9.336415e-01   2.118777e-20   1.685792e-04   1.282791e-21   144
  9.346046e-01   2.426379e-20   9.723254e-05   1.974445e-21   72
  9.355666e-01   2.162932e-20   1.942081e-04   2.390539e-21   54
  9.364132e-01   2.225780e-20   1.711436e-04   1.866521e-21   108
  9.381728e-01   2.511495e-20   1.677650e-04   2.858570e-21   72
  9.387206e-01   1.914235e-20   9.680617e-05   1.216217e-21   72
  9.400202e-01   1.849701e-20   1.946680e-08   2.307068e-21   24
  9.412498e-01   1.756098e-20   2.047976e-04   2.335912e-21   48
  9.419964e-01   2.068907e-20   1.560029e-04   1.586445e-21   102
  9.431203e-01   2.409395e-20   3.528137e-04   1.184189e-21   168
  9.445889e-01   1.781722e-20   1.924163e-04   1.179219e-21   72
  9.451330e-01   2.094599e-20   0.000000e+00   1.503292e-21   48
  9.462744e-01   2.013808e-20   3.309678e-04   1.237819e-21   120
  9.477807e-01   2.033383e-20   2.033864e-04   1.340707e-21   96
  9.492033e-01   1.976332e-20   1.798266e-08   1.848815e-21   30
  9.508942e-01   2.266638e-20   9.555995e-05   1.660646e-21   72
  9.516372e-01   2.706580e-20   1.123916e-08   2.908639e-21   24
  9.525916e-01   1.584699e-20   1.416435e-04   1.178015e-21   56
  9.536606e-01   1.523289e-20   2.021324e-04   1.081501e-21   96
  9.549399e-01   1.910156e-20   2.232036e-04   1.177618e-21   144
  9.559263e-01   1.752097e-20   1.267263e-04   1.342240e-21   54
  9.573592e-01   1.935246e-20   1.898493e-04   1.377938e-21   108
  9.588012e-01   2.679357e-20   1.005243e-04   2.843137e-21   48
  9.601739e-01   1.651236e-20   3.785063e-04   1.420026e-21   72
  9.634680e-01   2.077579e-20   2.500803e-04   1.079972e-21   78
  9.643808e-01   1.316989e-20   1.884669e-04   9.633767e-22   72
  9.654462e-01   2.000804e-20   1.882329e-04   1.474666e-21   72
  9.665603e-01   2.462968e-20   4.542266e-04   1.730419e-21   96
  9.674408e-01   1.888918e-20   1.878449e-04   1.853210e-21   72
  9.685029e-01   1.374036e-20   0.000000e+00   1.566684e-21   24
  9.695638e-01   1.685919e-20   3.748416e-04   1.219160e-21   72
  9.719599e-01   2.358743e-20   2.380359e-04   2.525778e-21   30
  9.724755e-01   2.581143e-20   0.000000e+00   3.874285e-21   24
  9.752466e-01   1.351740e-20   1.976584e-04   1.204682e-21   48
  9.761159e-01   1.765221e-20   4.253608e-04   1.486056e-21   120
  9.772870e-01   1.890792e-20   1.859776e-04   1.451302e-21   72
  9.784697e-01   1.545046e-20   1.857528e-04   1.569404e-21   36
  9.792826e-01   1.935601e-20   3.671339e-04   1.334879e-21   78
  9.815513e-01   1.735166e-20   1.963888e-04   2.171243e-21   48
  9.844928e-01   2.050150e-20   1.589457e-08   3.700748e-21   24
  9.865884e-01   1.633156e-20   1.367612e-04   1.314181e-21   56
  9.876436e-01   1.949864e-20   2.104496e-04   1.318171e-21   102
  9.889860e-01   1.972024e-20   1.498555e-08   1.624189e-21   72
  9.897653e-01   2.512809e-20   1.123916e-08   2.374586e-21   24
  9.911277e-01   1.520764e-20   1.944913e-04   1.506456e-21   48
  9.936528e-01   2.645527e-20   0.000000e+00   3.427299e-21   24
  9.967520e-01   2.581217e-20   0.000000e+00   2.002394e-21   6
  9.977185e-01   1.550501e-20   0.000000e+00   2.322404e-21   24
  9.983623e-01   1.952246e-20   1.820511e-04   1.327698e-21   72
  9.995384e-01   1.819092e-20   3.396336e-04   1.262743e-21   84
  1.000805e+00   1.762381e-20   0.000000e+00   2.063119e-21   24
  1.001190e+00   1.791371e-20   1.589457e-08   2.367653e-21   24
  1.003114e+00   1.980768e-20   1.946680e-08   2.442903e-21   24
  1.005800e+00   1.081408e-20   0.000000e+00   6.827048e-22   6
  1.009244e+00   1.861595e-20   1.910001e-04   2.230558e-21   48
  1.010072e+00   1.728284e-20   3.598129e-04   1.445670e-21   72
  1.011152e+00   1.658745e-20   1.906396e-04   1.801811e-21   48
  1.012867e+00   2.029700e-20   0.000000e+00   3.275047e-21   24
  1.015148e+00   1.869232e-20   0.000000e+00   5.427159e-21   6
  1.020262e+00   1.436869e-20   0.000000e+00   1.349457e-21   8
  1.020640e+00   2.059238e-20   1.123916e-08   2.040505e-21   48
  1.021546e+00   2.165930e-20   1.848806e-04   1.911643e-21   60
  1.022904e+00   1.707467e-20   0.000000e+00   2.109808e-21   24
  1.024787e+00   1.561543e-20   0.000000e+00   2.616678e-21   6
  1.031723e+00   1.528672e-20   0.000000e+00   1.327774e-21   24
  1.032283e+00   2.376185e-20   1.867372e-04   2.252169e-21   48
  1.033217e+00   1.711177e-20   0.000000e+00   2.482817e-21   24
  1.034708e+00   1.815762e-20   0.000000e+00   1.651086e-21   6
  1.043181e+00   2.022406e-20   1.742080e-04   1.502366e-21   36
  1.043797e+00   2.321038e-20   0.000000e+00   3.513432e-21   24
  1.044904e+00   1.306767e-20   0.000000e+00   1.420807e-21   6
  1.054545e+00   1.638897e-20   1.583190e-04   2.089587e-21   32
  1.055367e+00   3.095269e-20   0.000000e+00   4.393688e-21   6
  1.065728e+00   1.930757e-20   0.000000e+00   4.266610e-21   12
  1.066089e+00   2.556105e-20   0.000000e+00   3.538168e-21   6
  1.077063e+00   1.194352e-20   0.000000e+00   1.002689e-21   6
