# power spectrum of hij
# redshift z=-0.029939
# k              Pk             sigma(k)       sigma(Pk)      count
  1.963495e-02   5.787252e-20   0.000000e+00   2.102765e-20   6
  2.776802e-02   3.864304e-20   0.000000e+00   3.968976e-21   12
  3.400874e-02   4.169146e-20   3.725290e-10   1.230616e-20   8
  3.926991e-02   1.196624e-20   0.000000e+00   4.990895e-22   6
  4.390509e-02   1.914304e-20   7.024475e-10   3.348964e-21   24
  4.809562e-02   1.163196e-20   7.024475e-10   1.990275e-21   24
  5.553604e-02   8.013132e-21   0.000000e+00   1.530620e-21   12
  5.890486e-02   7.373242e-21   7.947286e-10   8.146967e-22   30
  6.209118e-02   5.220516e-21   0.000000e+00   6.631052e-22   24
  6.512178e-02   2.999815e-21   1.216675e-09   3.161398e-22   24
  6.801748e-02   3.879700e-21   7.450581e-10   7.162567e-22   8
  7.079483e-02   4.363458e-21   9.934107e-10   2.941415e-22   24
  7.346727e-02   3.295992e-21   0.000000e+00   2.517902e-22   48
  7.853982e-02   2.475452e-21   0.000000e+00   2.631708e-22   6
  8.095699e-02   2.173525e-21   9.934107e-10   2.228592e-22   48
  8.330406e-02   2.708855e-21   9.365966e-10   2.554179e-22   36
  8.558678e-02   2.101540e-21   9.934107e-10   1.937939e-22   24
  8.781018e-02   1.712751e-21   1.404895e-09   2.517021e-22   24
  8.997866e-02   1.741230e-21   0.000000e+00   1.761457e-22   48
  9.209610e-02   1.105478e-21   1.404895e-09   1.173885e-22   24
  9.619124e-02   1.242599e-21   1.404895e-09   2.101563e-22   24
  9.817477e-02   1.103735e-21   0.000000e+00   1.051070e-22   30
  1.001190e-01   9.723960e-22   0.000000e+00   7.985494e-23   72
  1.020262e-01   1.112675e-21   1.490116e-09   1.366440e-22   32
  1.057375e-01   9.017642e-22   0.000000e+00   6.977150e-23   72
  1.075451e-01   9.103693e-22   0.000000e+00   7.994208e-23   48
  1.110721e-01   6.547284e-22   0.000000e+00   1.083243e-22   12
  1.127942e-01   7.320441e-22   0.000000e+00   5.757437e-23   48
  1.144905e-01   4.967682e-22   0.000000e+00   4.900103e-23   48
  1.161620e-01   6.583528e-22   1.404895e-09   7.235155e-23   48
  1.178097e-01   5.836177e-22   1.589457e-09   1.176949e-22   30
  1.194348e-01   7.187401e-22   0.000000e+00   8.644545e-23   24
  1.210380e-01   4.388279e-22   2.961779e-09   3.940612e-23   72
  1.241824e-01   5.492730e-22   0.000000e+00   6.191403e-23   24
  1.257251e-01   3.545198e-22   0.000000e+00   2.615575e-23   96
  1.272490e-01   3.035801e-22   0.000000e+00   2.481746e-23   48
  1.287550e-01   4.315372e-22   2.433349e-09   4.274429e-23   24
  1.302436e-01   3.205076e-22   2.433349e-09   4.552258e-23   24
  1.317153e-01   3.526797e-22   0.000000e+00   3.038122e-23   72
  1.331707e-01   3.759773e-22   0.000000e+00   3.521500e-23   48
  1.360350e-01   3.210526e-22   1.490116e-09   6.463460e-23   8
  1.374447e-01   3.060917e-22   1.766064e-09   2.345720e-23   54
  1.388401e-01   2.972764e-22   0.000000e+00   2.417540e-23   84
  1.402216e-01   2.488482e-22   0.000000e+00   2.385407e-23   48
  1.415897e-01   3.593679e-22   1.986821e-09   4.682153e-23   24
  1.429446e-01   2.763601e-22   2.649095e-09   2.347907e-23   72
  1.442869e-01   2.824890e-22   0.000000e+00   2.049643e-23   96
  1.469345e-01   2.007851e-22   0.000000e+00   2.827664e-23   48
  1.482407e-01   2.144030e-22   0.000000e+00   2.024389e-23   48
  1.495354e-01   2.325649e-22   0.000000e+00   2.959035e-23   24
  1.508189e-01   1.996468e-22   0.000000e+00   1.397681e-23   72
  1.533539e-01   1.722947e-22   0.000000e+00   1.505848e-23   72
  1.546058e-01   1.943431e-22   0.000000e+00   1.616498e-23   96
  1.570796e-01   2.377012e-22   0.000000e+00   3.307244e-23   6
  1.583021e-01   1.804270e-22   0.000000e+00   1.156639e-23   96
  1.595151e-01   1.755115e-22   1.986821e-09   1.189366e-23   96
  1.607190e-01   1.415821e-22   0.000000e+00   9.606027e-24   24
  1.619140e-01   1.932338e-22   1.986821e-09   1.597348e-23   48
  1.631002e-01   1.720858e-22   0.000000e+00   1.169452e-23   96
  1.642778e-01   1.418449e-22   0.000000e+00   7.566598e-24   48
  1.666081e-01   1.187374e-22   1.873193e-09   1.251698e-23   36
  1.677611e-01   1.399484e-22   3.441276e-09   1.487090e-23   48
  1.689063e-01   1.494560e-22   3.893359e-09   9.889790e-24   120
  1.700437e-01   1.247926e-22   0.000000e+00   8.642901e-24   56
  1.711736e-01   9.616972e-23   1.986821e-09   1.743403e-23   24
  1.722960e-01   1.298041e-22   0.000000e+00   9.688316e-24   96
  1.734112e-01   1.283907e-22   0.000000e+00   1.491468e-23   48
  1.756204e-01   9.844452e-23   2.809790e-09   9.826370e-24   24
  1.767146e-01   9.823722e-23   0.000000e+00   6.013518e-24   102
  1.778021e-01   1.053287e-22   1.986821e-09   1.068980e-23   48
  1.788829e-01   9.594167e-23   0.000000e+00   6.738061e-24   72
  1.799573e-01   9.073439e-23   0.000000e+00   7.614152e-24   48
  1.810253e-01   8.690899e-23   0.000000e+00   1.184153e-23   48
  1.820871e-01   9.877540e-23   4.495664e-09   6.086294e-24   120
  1.841922e-01   7.845994e-23   2.809790e-09   9.359898e-24   24
  1.852358e-01   8.610220e-23   2.649095e-09   5.385506e-24   144
  1.862735e-01   8.882235e-23   3.178914e-09   5.855194e-24   120
  1.873055e-01   8.457560e-23   2.809790e-09   9.756787e-24   48
  1.893526e-01   7.462334e-23   2.809790e-09   8.050428e-24   48
  1.903679e-01   7.047867e-23   2.809790e-09   4.465476e-24   96
  1.930487e-01   8.264483e-23   4.711199e-04   6.028389e-24   72
  1.943761e-01   6.414657e-23   2.497591e-09   4.969026e-24   108
  1.953653e-01   7.131058e-23   0.000000e+00   5.065709e-24   72
  1.963495e-01   9.058920e-23   0.000000e+00   1.125689e-23   30
  1.973288e-01   6.142181e-23   0.000000e+00   3.200383e-24   168
  1.983033e-01   7.389916e-23   0.000000e+00   7.674210e-24   48
  2.002380e-01   5.852643e-23   0.000000e+00   4.447809e-24   72
  2.011984e-01   6.275498e-23   0.000000e+00   4.270186e-24   96
  2.021542e-01   5.518252e-23   5.298191e-09   4.299031e-24   72
  2.031055e-01   6.083420e-23   0.000000e+00   4.984769e-24   72
  2.047049e-01   6.514924e-23   4.350048e-04   3.410167e-24   104
  2.059331e-01   6.541841e-23   3.746387e-09   3.513365e-24   144
  2.087224e-01   5.855586e-23   6.282881e-09   3.810656e-24   96
  2.096439e-01   5.520910e-23   0.000000e+00   4.598692e-24   96
  2.111095e-01   4.602679e-23   4.475232e-04   2.553814e-24   120
  2.123845e-01   5.861417e-23   0.000000e+00   4.054068e-24   120
  2.132902e-01   4.502102e-23   0.000000e+00   3.056874e-24   72
  2.150901e-01   5.735903e-23   0.000000e+00   6.122246e-24   48
  2.159845e-01   4.377586e-23   4.890638e-09   4.583445e-24   78
  2.171286e-01   5.112128e-23   4.007142e-04   2.625975e-24   168
  2.195255e-01   4.698638e-23   4.588368e-09   2.586910e-24   144
  2.204018e-01   4.788807e-23   3.746387e-09   2.897645e-24   144
  2.229436e-01   4.180025e-23   2.307791e-04   2.493819e-24   156
  2.238729e-01   4.126077e-23   4.866699e-09   4.151442e-24   48
  2.247323e-01   5.025697e-23   3.178914e-09   3.264750e-24   120
  2.255884e-01   4.554424e-23   0.000000e+00   4.526351e-24   48
  2.271022e-01   4.290001e-23   3.532495e-04   1.958149e-24   216
  2.289809e-01   4.337094e-23   0.000000e+00   3.534517e-24   48
  2.298212e-01   3.242577e-23   2.809790e-09   2.105592e-24   96
  2.310160e-01   3.405903e-23   4.128272e-04   1.772697e-24   168
  2.323239e-01   4.074524e-23   2.809790e-09   3.197526e-24   48
  2.331522e-01   4.116586e-23   0.000000e+00   3.224115e-24   96
  2.339775e-01   3.407540e-23   0.000000e+00   3.207729e-24   48
  2.356194e-01   3.129729e-23   3.178914e-09   2.958870e-24   30
  2.364362e-01   3.450117e-23   0.000000e+00   2.148277e-24   96
  2.374123e-01   3.626557e-23   3.244455e-04   1.711404e-24   240
  2.386674e-01   2.780695e-23   3.500299e-04   3.311170e-24   32
  2.396752e-01   3.658173e-23   0.000000e+00   2.077135e-24   168
  2.404781e-01   3.363055e-23   0.000000e+00   2.202020e-24   120
  2.420760e-01   3.243272e-23   5.923557e-09   2.103987e-24   72
  2.428710e-01   3.208381e-23   2.649095e-09   2.160470e-24   144
  2.436634e-01   3.564878e-23   0.000000e+00   2.598592e-24   96
  2.444532e-01   3.462624e-23   0.000000e+00   1.997498e-24   96
  2.460253e-01   2.253198e-23   0.000000e+00   2.342258e-24   72
  2.468075e-01   2.705766e-23   3.973643e-09   1.964666e-24   96
  2.483647e-01   2.951534e-23   0.000000e+00   3.996945e-24   24
  2.491396e-01   2.825918e-23   0.000000e+00   1.385856e-24   192
  2.500522e-01   2.594020e-23   2.970416e-04   1.731411e-24   132
  2.514501e-01   2.566356e-23   0.000000e+00   1.987312e-24   96
  2.522156e-01   2.549567e-23   0.000000e+00   1.546792e-24   96
  2.529787e-01   2.805894e-23   3.178914e-09   2.052700e-24   120
  2.544981e-01   2.695366e-23   0.000000e+00   2.671530e-24   48
  2.557435e-01   3.002303e-23   3.599905e-04   1.317574e-24   222
  2.567603e-01   2.879140e-23   0.000000e+00   1.779720e-24   120
  2.575100e-01   2.532944e-23   4.866699e-09   4.066677e-24   24
  2.586015e-01   2.813737e-23   3.715625e-04   1.105140e-24   312
  2.609797e-01   2.455241e-23   3.483547e-04   2.013239e-24   72
  2.619630e-01   2.510671e-23   4.866699e-09   1.508427e-24   96
  2.629726e-01   2.566945e-23   3.547511e-04   1.297276e-24   192
  2.641613e-01   2.529577e-23   4.495664e-09   1.462509e-24   120
  2.648900e-01   2.332185e-23   0.000000e+00   1.466709e-24   144
  2.663415e-01   1.995016e-23   0.000000e+00   1.968493e-24   48
  2.673732e-01   2.175371e-23   3.567146e-04   8.293747e-25   336
  2.685040e-01   2.088021e-23   0.000000e+00   2.415196e-24   48
  2.699360e-01   2.009264e-23   0.000000e+00   1.059653e-24   192
  2.706492e-01   1.967482e-23   0.000000e+00   2.000744e-24   48
  2.726764e-01   2.110626e-23   2.476067e-04   1.814683e-24   56
  2.736844e-01   2.228969e-23   3.180112e-04   8.365759e-25   336
  2.748894e-01   1.508498e-23   3.532127e-09   1.478572e-24   54
  2.759390e-01   2.173666e-23   3.492904e-04   1.032218e-24   240
  2.781181e-01   2.027793e-23   3.344484e-04   9.597339e-25   228
  2.790651e-01   2.557973e-23   3.746387e-09   2.314871e-24   72
  2.799844e-01   2.342224e-23   3.244231e-04   1.129994e-24   144
  2.811298e-01   1.868961e-23   0.000000e+00   9.201886e-25   96
  2.818146e-01   1.942224e-23   4.495664e-09   8.700337e-25   240
  2.831793e-01   2.385658e-23   3.973643e-09   2.860237e-24   24
  2.840530e-01   2.065168e-23   3.064151e-04   7.737747e-25   336
  2.852142e-01   1.592181e-23   0.000000e+00   1.405413e-24   72
  2.862741e-01   2.298263e-23   3.332831e-04   1.270154e-24   168
  2.872346e-01   1.686820e-23   0.000000e+00   1.384789e-24   72
  2.885737e-01   1.979518e-23   0.000000e+00   1.574065e-24   96
  2.896108e-01   1.752537e-23   3.307829e-04   7.990611e-25   216
  2.905708e-01   1.796325e-23   0.000000e+00   1.192092e-24   96
  2.918946e-01   1.754959e-23   3.973643e-09   9.035927e-25   192
  2.925542e-01   1.801604e-23   3.746387e-09   9.858179e-25   144
  2.938691e-01   1.971032e-23   0.000000e+00   2.174313e-24   48
  2.947794e-01   1.825307e-23   3.189136e-04   7.495446e-25   246
  2.960164e-01   1.684464e-23   2.940434e-04   9.937726e-25   168
  2.971308e-01   1.904708e-23   7.786718e-09   1.200486e-24   120
  2.977788e-01   1.650074e-23   0.000000e+00   7.889977e-25   240
  2.990707e-01   1.774344e-23   0.000000e+00   2.571158e-24   24
  3.001001e-01   1.528152e-23   3.147475e-04   5.214582e-25   360
  3.013820e-01   1.752586e-23   3.134082e-04   1.157589e-24   120
  3.022763e-01   1.674194e-23   0.000000e+00   9.701294e-25   144
  3.029133e-01   1.841867e-23   0.000000e+00   1.134964e-24   96
  3.048165e-01   1.549671e-23   0.000000e+00   8.736539e-25   144
  3.054482e-01   1.589368e-23   0.000000e+00   9.931568e-25   132
  3.063360e-01   1.413316e-23   3.093292e-04   6.885267e-25   176
  3.076248e-01   1.509515e-23   3.123602e-04   5.990280e-25   312
  3.092116e-01   1.453944e-23   0.000000e+00   9.097336e-25   96
  3.098343e-01   1.336320e-23   0.000000e+00   7.579038e-25   144
  3.107899e-01   1.549565e-23   3.092271e-04   5.715579e-25   312
  3.123131e-01   1.343751e-23   0.000000e+00   1.130527e-24   48
  3.129297e-01   1.532005e-23   3.973643e-09   8.310876e-25   192
  3.141593e-01   2.316854e-23   0.000000e+00   9.596804e-24   6
  3.149762e-01   1.157641e-23   2.884066e-04   4.444804e-25   288
  3.162994e-01   1.519806e-23   3.047203e-04   7.412563e-25   192
  3.172124e-01   1.443537e-23   9.345130e-09   7.271047e-25   216
  3.178195e-01   1.224623e-23   0.000000e+00   1.014304e-24   72
  3.193321e-01   1.477042e-23   3.018264e-04   8.123796e-25   192
  3.203366e-01   1.215397e-23   2.241224e-04   5.070503e-25   288
  3.214381e-01   1.315810e-23   0.000000e+00   2.184726e-24   24
  3.222890e-01   1.352341e-23   2.952626e-04   4.711240e-25   456
  3.238280e-01   1.343660e-23   0.000000e+00   1.247563e-24   48
  3.247789e-01   1.129903e-23   2.908218e-04   5.082266e-25   240
  3.258718e-01   1.425926e-23   2.939082e-04   7.199779e-25   216
  3.267908e-01   1.378067e-23   0.000000e+00   1.074085e-24   72
  3.273801e-01   1.221897e-23   1.015467e-08   6.067247e-25   168
  3.290441e-01   1.076540e-23   2.184577e-04   4.755004e-25   288
  3.299773e-01   1.281378e-23   2.890570e-04   7.153249e-25   168
  3.314762e-01   1.135457e-23   0.000000e+00   6.318254e-25   192
  3.320572e-01   1.100479e-23   3.746387e-09   6.476943e-25   144
  3.332162e-01   1.323916e-23   3.746387e-09   1.101640e-24   36
  3.341991e-01   1.164357e-23   2.639705e-04   4.721355e-25   342
  3.351389e-01   1.254835e-23   2.710657e-04   8.254521e-25   144
  3.363470e-01   1.083886e-23   2.842800e-04   4.056420e-25   384
  3.378125e-01   1.290684e-23   7.786718e-09   8.419459e-25   120
  3.385379e-01   1.100067e-23   2.534951e-04   4.618233e-25   264
  3.395201e-01   1.124319e-23   1.256576e-08   6.805956e-25   192
  3.404451e-01   9.113321e-24   2.731894e-04   5.003527e-25   152
  3.412191e-01   1.218835e-23   7.492773e-09   7.923377e-25   144
  3.428472e-01   1.136221e-23   1.768108e-04   6.243545e-25   216
  3.436008e-01   1.139782e-23   2.362665e-04   5.302590e-25   312
  3.449274e-01   1.133495e-23   2.738281e-04   5.806615e-25   240
  3.457090e-01   1.030836e-23   3.973643e-09   8.284498e-25   96
  3.471927e-01   9.930959e-24   2.617995e-04   4.937176e-25   144
  3.481071e-01   9.806028e-24   2.573258e-04   3.081870e-25   456
  3.495904e-01   1.007694e-23   0.000000e+00   5.518128e-25   120
  3.501414e-01   1.133426e-23   0.000000e+00   6.435362e-25   144
  3.512407e-01   1.426970e-23   5.619580e-09   1.940600e-24   24
  3.519456e-01   9.227517e-24   2.473498e-04   3.591011e-25   336
  3.531645e-01   1.165254e-23   2.727931e-04   6.706991e-25   198
  3.543067e-01   1.012543e-23   2.652756e-04   3.507941e-25   432
  3.556041e-01   1.046130e-23   7.947286e-09   1.081297e-24   48
  3.562810e-01   1.029105e-23   2.341925e-04   3.566624e-25   384
  3.574963e-01   8.612406e-24   2.696052e-04   4.361251e-25   144
  3.585975e-01   9.900830e-24   2.676825e-04   4.470485e-25   264
  3.599147e-01   1.010000e-23   0.000000e+00   9.966860e-25   48
  3.607984e-01   1.024672e-23   2.545223e-04   4.634586e-25   276
  3.616510e-01   1.017664e-23   2.307176e-04   5.246731e-25   192
  3.627906e-01   9.240025e-24   2.592759e-04   3.065014e-25   552
  3.641741e-01   1.018917e-23   6.357829e-09   6.259751e-25   120
  3.649965e-01   8.240235e-24   2.624511e-04   4.109268e-25   216
  3.657587e-01   9.603456e-24   6.357829e-09   5.262967e-25   120
  3.671201e-01   8.706016e-24   2.584500e-04   3.083885e-25   408
  3.683844e-01   3.800527e-24   5.619580e-09   4.601420e-25   24
  3.691684e-01   9.601719e-24   2.610810e-04   3.687532e-25   384
  3.702633e-01   8.831660e-24   2.550855e-04   3.991659e-25   240
  3.712141e-01   1.032513e-23   2.569535e-04   5.365087e-25   168
  3.725471e-01   8.027540e-24   0.000000e+00   6.701118e-25   120
  3.734064e-01   9.037862e-24   2.678605e-04   3.652182e-25   350
  3.748037e-01   7.879492e-24   4.409502e-04   2.920759e-25   384
  3.756388e-01   7.777022e-24   0.000000e+00   4.509932e-25   144
  3.771752e-01   8.016870e-24   5.298191e-09   3.439091e-25   288
  3.779773e-01   8.440314e-24   2.524053e-04   3.300628e-25   336
  3.790686e-01   8.061306e-24   2.297941e-04   4.460608e-25   168
  3.797219e-01   8.400598e-24   1.506181e-08   3.213736e-25   336
  3.810732e-01   7.758681e-24   2.385126e-04   3.591496e-25   288
  3.818848e-01   9.560855e-24   2.247398e-04   4.306194e-25   264
  3.832590e-01   7.091312e-24   0.000000e+00   3.618621e-25   240
  3.837616e-01   8.562743e-24   0.000000e+00   5.738707e-25   96
  3.855656e-01   7.325342e-24   3.056310e-04   2.988056e-25   360
  3.864075e-01   7.620450e-24   2.253025e-04   4.060926e-25   168
  3.874713e-01   7.110384e-24   2.456032e-04   2.522086e-25   456
  3.887523e-01   7.535485e-24   7.064254e-09   5.127092e-25   108
  3.894728e-01   7.093001e-24   2.464311e-04   2.971589e-25   264
  3.903716e-01   7.221866e-24   2.198567e-04   3.330237e-25   264
  3.916025e-01   7.424851e-24   2.074668e-04   3.167923e-25   312
  3.931351e-01   7.402273e-24   1.541705e-04   3.517261e-25   270
  3.937775e-01   7.517018e-24   1.957388e-04   2.706522e-25   240
  3.949323e-01   6.890285e-24   2.421536e-04   2.547099e-25   384
  3.956334e-01   7.119043e-24   7.947286e-09   3.788901e-25   192
  3.969952e-01   7.207225e-24   1.942960e-04   3.482011e-25   240
  3.977852e-01   7.911824e-24   2.397927e-04   3.450543e-25   336
  3.992708e-01   7.484487e-24   2.413972e-04   2.566735e-25   480
  4.004761e-01   6.944499e-24   5.298191e-09   4.678828e-25   72
  4.011493e-01   6.252433e-24   2.353842e-04   2.776882e-25   240
  4.020650e-01   7.131482e-24   2.212289e-04   2.934252e-25   312
  4.031147e-01   6.693596e-24   2.390954e-04   3.185637e-25   240
  4.047009e-01   6.999387e-24   1.816506e-04   2.559335e-25   408
  4.053288e-01   6.873799e-24   1.663482e-04   2.703105e-25   336
  4.065560e-01   6.554868e-24   2.112212e-04   2.367893e-25   264
  4.071591e-01   6.620422e-24   0.000000e+00   4.763025e-25   144
  4.088370e-01   6.434374e-24   2.927651e-04   2.186141e-25   464
  4.097211e-01   5.798425e-24   2.328083e-04   3.710370e-25   168
  4.105939e-01   5.734036e-24   2.120376e-04   2.360052e-25   336
  4.121713e-01   6.251987e-24   2.227870e-04   2.170369e-25   414
  4.130606e-01   6.758348e-24   2.319080e-04   3.475495e-25   216
  4.141998e-01   8.034434e-24   5.619580e-09   5.730925e-25   96
  4.146649e-01   6.145223e-24   1.376510e-08   2.277644e-25   384
  4.162944e-01   6.375255e-24   2.314600e-04   2.167031e-25   492
  4.171676e-01   6.992424e-24   2.263480e-04   3.421518e-25   240
  4.181546e-01   6.227223e-24   2.298225e-04   2.861464e-25   312
  4.195176e-01   5.979154e-24   2.297469e-04   2.567083e-25   192
  4.203810e-01   6.309486e-24   2.226525e-04   2.187428e-25   504
  4.215265e-01   6.529708e-24   1.473998e-04   2.633628e-25   408
  4.224284e-01   6.673616e-24   4.515774e-04   3.233450e-25   168
  4.235571e-01   6.710820e-24   2.145032e-04   2.711859e-25   288
  4.245041e-01   6.429400e-24   2.238525e-04   2.996168e-25   288
  4.254743e-01   5.759779e-24   2.251410e-04   2.228077e-25   432
  4.268815e-01   6.737070e-24   2.129084e-04   3.273889e-25   216
  4.276334e-01   5.911227e-24   2.124592e-04   2.326311e-25   360
  4.289721e-01   6.446346e-24   2.073582e-04   2.703131e-25   312
  4.301803e-01   7.797527e-24   0.000000e+00   7.767940e-25   48
  4.308767e-01   6.157450e-24   2.223178e-04   2.230711e-25   432
  4.321240e-01   5.640255e-24   3.708284e-04   2.241955e-25   414
  4.328606e-01   5.685250e-24   8.470833e-09   2.090265e-25   312
  4.342347e-01   5.356105e-24   3.253813e-04   1.644645e-25   528
  4.351620e-01   6.276894e-24   1.707976e-04   2.718579e-25   264
  4.362761e-01   6.220247e-24   2.025191e-04   2.122930e-25   480
  4.377318e-01   6.168514e-24   0.000000e+00   2.823519e-25   288
  4.383604e-01   4.847177e-24   2.176005e-04   2.517110e-25   168
  4.395105e-01   5.421488e-24   3.444610e-04   1.976661e-25   504
  4.408036e-01   6.654890e-24   5.298191e-09   3.563925e-25   144
  4.416171e-01   5.237001e-24   2.212265e-04   1.650653e-25   464
  4.428396e-01   5.290811e-24   3.246624e-04   1.929342e-25   432
  4.434197e-01   5.351707e-24   5.619580e-09   2.719357e-25   192
  4.449189e-01   4.902150e-24   2.406833e-04   1.969470e-25   396
  4.458042e-01   4.898839e-24   2.162000e-04   2.153904e-25   288
  4.466990e-01   5.346176e-24   2.135686e-04   1.997525e-25   336
  4.481283e-01   5.557425e-24   1.352359e-04   1.854573e-25   432
  4.490354e-01   5.236812e-24   3.505126e-04   2.057043e-25   360
  4.500539e-01   5.237309e-24   2.073334e-04   1.885197e-25   384
  4.515004e-01   5.108428e-24   1.830116e-04   2.414047e-25   198
  4.521974e-01   5.155554e-24   2.080246e-04   1.560228e-25   552
  4.534970e-01   5.411916e-24   2.912202e-04   1.849069e-25   432
  4.545821e-01   5.091600e-24   1.112388e-08   2.632961e-25   168
  4.554927e-01   5.872680e-24   3.610065e-04   2.129742e-25   480
  4.566974e-01   4.285944e-24   0.000000e+00   2.661096e-25   120
  4.572396e-01   5.425390e-24   2.948545e-04   2.066209e-25   336
  4.585628e-01   5.115846e-24   2.080152e-04   1.698189e-25   672
  4.598711e-01   5.517729e-24   3.025866e-04   1.739010e-25   528
  4.604805e-01   4.889570e-24   9.082613e-09   2.155945e-25   168
  4.618883e-01   4.694267e-24   3.375333e-04   1.765726e-25   456
  4.627474e-01   5.086991e-24   2.061344e-04   2.577963e-25   168
  4.636392e-01   4.954001e-24   2.057643e-04   1.746284e-25   504
  4.651216e-01   4.307207e-24   2.647872e-04   1.749392e-25   336
  4.660180e-01   4.790751e-24   1.908802e-04   2.081400e-25   312
  4.670124e-01   4.818391e-24   1.865029e-04   1.652058e-25   504
  4.683210e-01   4.943159e-24   1.294009e-04   1.697778e-25   432
  4.689362e-01   4.905576e-24   1.999672e-04   2.021581e-25   312
  4.702151e-01   4.817551e-24   2.049761e-04   1.776219e-25   384
  4.715504e-01   5.489951e-24   1.741510e-04   3.899770e-25   126
  4.723748e-01   4.969273e-24   3.057676e-04   1.775703e-25   492
  4.734278e-01   4.585277e-24   1.958445e-04   1.581600e-25   528
  4.747438e-01   4.528789e-24   1.989360e-04   1.565233e-25   480
  4.755596e-01   4.631706e-24   2.748289e-04   1.551928e-25   432
  4.767402e-01   4.944274e-24   2.161166e-04   1.901381e-25   440
  4.781114e-01   4.740176e-24   1.074739e-04   2.120139e-25   312
  4.786259e-01   4.323795e-24   1.610586e-04   1.372894e-25   480
  4.796813e-01   4.502648e-24   3.153497e-04   1.579425e-25   408
  4.812233e-01   4.904007e-24   1.888588e-04   1.705232e-25   360
  4.818747e-01   4.509380e-24   1.822418e-04   1.713504e-25   408
  4.830820e-01   4.469184e-24   1.854542e-04   1.460255e-25   456
  4.844414e-01   4.402860e-24   1.772485e-04   1.887791e-25   264
  4.851959e-01   4.637525e-24   1.923591e-04   1.806344e-25   384
  4.862943e-01   4.126762e-24   3.238501e-04   1.181539e-25   672
  4.875640e-01   4.191884e-24   1.937042e-04   2.018904e-25   240
  4.882967e-01   4.631593e-24   1.965613e-04   1.852288e-25   264
  4.893308e-01   4.157154e-24   2.424259e-04   1.094942e-25   624
  4.908739e-01   4.121421e-24   0.000000e+00   2.675306e-25   150
  4.914232e-01   4.209622e-24   2.716574e-04   1.263656e-25   600
  4.925819e-01   4.330959e-24   1.874909e-04   1.347562e-25   672
  4.938939e-01   4.164191e-24   1.763484e-04   1.758571e-25   336
  4.946248e-01   4.641226e-24   1.918157e-04   1.773705e-25   408
  4.957926e-01   4.600486e-24   1.913639e-04   1.509645e-25   408
  4.970915e-01   4.497267e-24   9.676385e-05   1.574580e-25   360
  4.978921e-01   4.069913e-24   3.552857e-04   1.419835e-25   456
  4.988592e-01   4.233726e-24   1.932065e-04   1.952328e-25   384
  5.000902e-01   3.373251e-24   1.783541e-04   1.294062e-25   348
  5.007554e-01   4.347926e-24   2.198754e-04   1.618596e-25   576
  5.020050e-01   4.222619e-24   1.810385e-04   1.417603e-25   504
  5.032833e-01   4.192393e-24   2.553443e-04   1.455965e-25   432
  5.043991e-01   4.521461e-24   3.473946e-04   1.461172e-25   576
  5.051948e-01   4.334487e-24   0.000000e+00   1.953605e-25   264
  5.064571e-01   4.071987e-24   2.764393e-04   1.093801e-25   768
  5.075549e-01   3.820500e-24   3.721752e-04   1.786555e-25   240
  5.084277e-01   3.703360e-24   3.282233e-04   1.997636e-25   192
  5.096990e-01   3.896401e-24   2.416124e-04   1.279100e-25   504
  5.106418e-01   4.357077e-24   3.255818e-04   1.408433e-25   590
  5.115460e-01   4.292350e-24   3.647966e-04   1.661802e-25   384
  5.126798e-01   4.063205e-24   3.048625e-04   1.391254e-25   504
  5.140486e-01   4.160772e-24   2.933830e-04   1.427408e-25   648
  5.153764e-01   3.926562e-24   7.967896e-05   1.431718e-25   504
  5.159117e-01   3.595373e-24   1.817627e-04   1.659708e-25   312
  5.168569e-01   3.957630e-24   2.618753e-04   1.293928e-25   576
  5.181545e-01   4.350788e-24   1.822405e-04   2.197075e-25   240
  5.189109e-01   3.941751e-24   1.841453e-04   1.288545e-25   552
  5.199816e-01   3.935957e-24   1.729082e-04   1.301568e-25   600
  5.215067e-01   3.958748e-24   2.111937e-04   1.291038e-25   600
  5.224237e-01   3.818422e-24   3.382099e-04   1.589025e-25   312
  5.233368e-01   3.890390e-24   2.945474e-04   1.419335e-25   480
  5.244775e-01   3.428006e-24   1.837693e-04   1.064476e-25   576
  5.254818e-01   3.849335e-24   2.959085e-04   1.422392e-25   408
  5.263729e-01   3.110198e-24   3.451909e-04   1.570023e-25   216
  5.275243e-01   3.825515e-24   2.643774e-04   1.169473e-25   516
  5.287578e-01   3.597942e-24   2.522429e-04   9.955717e-26   744
  5.300304e-01   3.965640e-24   1.684760e-04   1.419240e-25   462
  5.307494e-01   3.414125e-24   1.712315e-04   1.410906e-25   432
  5.318647e-01   4.029295e-24   1.588547e-04   1.278719e-25   648
  5.331761e-01   3.896213e-24   2.324340e-04   1.491956e-25   528
  5.342295e-01   4.008722e-24   2.799086e-04   1.248157e-25   600
  5.352820e-01   4.227780e-24   3.528915e-04   2.079019e-25   240
  5.363014e-01   3.674007e-24   2.703115e-04   1.120561e-25   720
  5.374863e-01   3.720259e-24   2.138653e-04   1.099024e-25   720
  5.387997e-01   2.825792e-24   0.000000e+00   1.681639e-25   144
  5.394909e-01   3.921404e-24   2.757364e-04   1.200121e-25   720
  5.404742e-01   3.531227e-24   1.653370e-04   1.282273e-25   384
  5.417051e-01   3.623742e-24   1.832848e-04   1.003709e-25   672
  5.428730e-01   3.392133e-24   3.209115e-04   1.362980e-25   336
  5.434308e-01   3.768774e-24   0.000000e+00   1.888232e-25   288
  5.447967e-01   3.434153e-24   2.539800e-04   1.029040e-25   776
  5.460612e-01   3.546475e-24   2.173184e-04   9.511350e-26   720
  5.471231e-01   3.197546e-24   1.750659e-04   1.181003e-25   432
  5.479725e-01   3.515540e-24   2.495786e-04   1.351941e-25   504
  5.489174e-01   3.881891e-24   1.748652e-04   1.231498e-25   528
  5.502396e-01   3.644582e-24   2.382437e-04   1.510920e-25   438
  5.513273e-01   3.409449e-24   2.772938e-04   1.151864e-25   624
  5.521470e-01   3.699493e-24   3.396475e-04   1.512781e-25   312
  5.532738e-01   3.895457e-24   1.829935e-04   1.330976e-25   696
  5.544390e-01   3.575305e-24   1.655760e-04   1.332646e-25   552
  5.556509e-01   3.365532e-24   1.281006e-04   1.196768e-25   516
  5.564006e-01   3.759100e-24   2.558713e-04   1.302212e-25   528
  5.573133e-01   3.111291e-24   1.664001e-04   1.078443e-25   528
  5.586097e-01   3.612990e-24   2.194479e-04   1.121985e-25   864
  5.594897e-01   3.837218e-24   3.005985e-04   1.741982e-25   408
  5.603706e-01   4.358731e-24   2.978186e-04   3.109840e-25   192
  5.616191e-01   3.381897e-24   2.464592e-04   9.490375e-26   720
  5.626731e-01   3.329511e-24   2.272475e-04   9.444797e-26   696
  5.639255e-01   3.443158e-24   2.454294e-04   1.069453e-25   720
  5.650713e-01   3.644330e-24   3.326501e-04   1.382835e-25   432
  5.657395e-01   3.077996e-24   1.958109e-04   1.461771e-25   264
  5.669418e-01   3.384661e-24   2.704061e-04   1.127959e-25   672
  5.680171e-01   3.440068e-24   2.768544e-04   9.991110e-26   600
  5.692933e-01   2.859210e-24   1.620980e-04   1.232569e-25   270
  5.699366e-01   3.199727e-24   2.440026e-04   1.201769e-25   528
  5.709591e-01   3.675588e-24   1.670843e-04   1.163596e-25   840
  5.723613e-01   3.612991e-24   3.194952e-04   1.126892e-25   888
  5.736568e-01   3.197871e-24   2.380474e-04   9.845837e-26   744
  5.747517e-01   3.845023e-24   1.223216e-04   1.368121e-25   456
  5.752963e-01   4.298144e-24   1.671601e-04   2.005263e-25   360
  5.762282e-01   3.121174e-24   1.448348e-04   1.437477e-25   384
  5.776580e-01   3.405161e-24   2.323137e-04   1.006137e-25   816
  5.787308e-01   3.219249e-24   3.370546e-04   8.838268e-26   824
  5.800348e-01   3.232235e-24   1.566791e-04   1.250064e-25   360
  5.807331e-01   3.349543e-24   2.311994e-04   1.082771e-25   624
  5.816941e-01   3.579823e-24   1.562320e-04   1.567317e-25   360
  5.829744e-01   3.200565e-24   2.125215e-04   8.635552e-26   876
  5.841306e-01   3.111510e-24   2.524119e-04   8.851444e-26   696
  5.852967e-01   3.208243e-24   1.629911e-04   1.361860e-25   336
  5.859080e-01   3.479215e-24   1.628079e-04   1.403708e-25   504
  5.869176e-01   3.154685e-24   1.642187e-04   9.967933e-26   672
  5.884155e-01   3.247314e-24   3.269213e-04   9.604202e-26   720
  5.894543e-01   3.444054e-24   2.469541e-04   1.206189e-25   774
  5.906010e-01   3.791836e-24   1.413501e-04   1.888634e-25   384
  5.912015e-01   3.609347e-24   2.720183e-04   1.373499e-25   528
  5.921335e-01   3.450029e-24   2.592486e-04   1.190583e-25   744
  5.936327e-01   3.388659e-24   2.138251e-04   9.795199e-26   768
  5.946281e-01   3.606026e-24   2.400348e-04   1.545850e-25   552
  5.958700e-01   3.072763e-24   2.616108e-04   9.851531e-26   696
  5.967938e-01   3.437150e-24   3.179026e-04   1.290118e-25   408
  5.975272e-01   3.716268e-24   1.373364e-04   1.514850e-25   504
  5.986899e-01   3.252761e-24   2.467198e-04   8.309222e-26   888
  5.998339e-01   3.412450e-24   2.564132e-04   1.302837e-25   648
  6.010230e-01   3.434870e-24   2.542153e-04   1.118779e-25   648
  6.021418e-01   2.967710e-24   2.741064e-04   9.747979e-26   792
  6.033268e-01   2.978579e-24   4.010364e-04   1.101073e-25   600
  6.042000e-01   3.066898e-24   2.717856e-04   1.182845e-25   456
  6.051191e-01   2.752458e-24   1.324567e-04   9.095515e-26   648
  6.062996e-01   3.141766e-24   2.583099e-04   9.253333e-26   936
  6.075741e-01   3.753547e-24   1.586356e-04   1.396676e-25   384
  6.086836e-01   2.996475e-24   0.000000e+00   2.062758e-25   198
  6.095398e-01   3.273191e-24   4.024720e-04   8.200156e-26   1224
  6.104634e-01   4.097986e-24   2.931235e-04   2.005773e-25   420
  6.115558e-01   3.369655e-24   2.836822e-04   1.141489e-25   792
  6.126238e-01   3.108837e-24   2.345810e-04   1.124046e-25   680
  6.138428e-01   3.362803e-24   2.154033e-04   1.572360e-25   600
  6.148235e-01   3.108495e-24   3.123938e-04   9.038284e-26   840
  6.161330e-01   3.360026e-24   1.474979e-04   1.308167e-25   432
  6.166334e-01   3.253615e-24   1.382250e-04   1.122281e-25   720
  6.177213e-01   3.261426e-24   2.768404e-04   9.289428e-26   960
  6.190745e-01   3.128662e-24   2.467829e-04   1.256046e-25   528
  6.200634e-01   3.214127e-24   2.522592e-04   1.373285e-25   624
  6.212404e-01   3.427697e-24   1.982740e-04   1.086026e-25   816
  6.224086e-01   3.145002e-24   3.260658e-04   1.010508e-25   696
  6.236996e-01   2.895742e-24   1.798266e-08   1.382040e-25   240
  6.241851e-01   3.131432e-24   1.922888e-04   1.102194e-25   672
  6.252686e-01   3.158002e-24   3.436476e-04   1.037234e-25   864
  6.264840e-01   2.808229e-24   2.636938e-04   7.228194e-26   816
  6.275795e-01   2.848803e-24   1.509292e-04   9.021534e-26   648
  6.287594e-01   3.448386e-24   1.542771e-04   1.172338e-25   843
  6.297611e-01   2.964365e-24   2.775825e-04   1.106219e-25   780
  6.309548e-01   3.036317e-24   1.489456e-04   2.573742e-25   216
  6.316911e-01   3.134756e-24   3.591661e-04   9.544128e-26   1056
  6.328235e-01   2.513850e-24   2.938382e-04   1.486595e-25   228
  6.338720e-01   3.373695e-24   3.658358e-04   9.880272e-26   924
  6.349484e-01   3.253433e-24   1.357046e-04   1.077379e-25   696
  6.360882e-01   2.871198e-24   2.415153e-04   9.106613e-26   996
  6.372543e-01   2.809881e-24   1.425858e-04   9.798182e-26   576
  6.384675e-01   3.106050e-24   2.200718e-04   1.382741e-25   552
  6.393519e-01   3.357610e-24   2.627580e-04   1.296434e-25   516
  6.402494e-01   3.055250e-24   3.821047e-04   9.742851e-26   744
  6.412749e-01   2.710182e-24   1.874451e-04   9.493780e-26   576
  6.421669e-01   2.661797e-24   1.929285e-04   8.195968e-26   792
  6.434346e-01   3.052996e-24   2.205530e-04   9.287218e-26   792
  6.443636e-01   3.165158e-24   2.378641e-04   1.174015e-25   720
  6.456200e-01   2.737106e-24   2.711104e-04   9.073600e-26   656
  6.467974e-01   2.858709e-24   2.960385e-04   9.766517e-26   816
  6.480043e-01   2.643351e-24   1.596190e-04   1.025804e-25   492
  6.486903e-01   2.795659e-24   2.296231e-04   1.021550e-25   552
  6.499778e-01   2.356921e-24   3.992867e-04   6.876301e-26   780
  6.508139e-01   2.770447e-24   2.452771e-04   9.211013e-26   528
  6.517148e-01   2.581937e-24   2.863130e-04   7.486765e-26   600
  6.530425e-01   2.952698e-24   2.379487e-04   8.492744e-26   900
  6.539577e-01   2.857804e-24   1.317325e-04   1.008953e-25   696
  6.552168e-01   2.644144e-24   3.330907e-04   8.637844e-26   696
  6.564349e-01   2.556978e-24   1.351317e-04   8.532146e-26   552
  6.574592e-01   2.470099e-24   1.571457e-04   7.657577e-26   708
  6.585322e-01   2.637162e-24   2.594565e-04   7.308025e-26   876
  6.596487e-01   2.915113e-24   1.377663e-04   1.704862e-25   216
  6.603980e-01   2.949269e-24   3.768094e-04   7.512871e-26   1032
  6.615201e-01   2.395256e-24   4.195357e-04   9.032061e-26   600
  6.626848e-01   2.209967e-24   2.001869e-04   8.596129e-26   600
  6.635732e-01   2.811836e-24   3.535112e-04   1.150181e-25   528
  6.646233e-01   2.412438e-24   1.940622e-04   7.523409e-26   732
  6.657296e-01   2.759152e-24   1.432973e-04   1.198476e-25   336
  6.670031e-01   2.438365e-24   2.042271e-04   6.952094e-26   912
  6.679548e-01   2.246254e-24   2.049821e-04   7.051080e-26   624
  6.689946e-01   2.411864e-24   1.727341e-04   7.449131e-26   768
  6.702082e-01   2.516975e-24   3.116463e-04   6.594496e-26   792
  6.713995e-01   2.652129e-24   1.545014e-04   8.946144e-26   660
  6.722471e-01   2.303931e-24   2.276826e-04   9.146479e-26   504
  6.731238e-01   2.431683e-24   3.719898e-04   8.854165e-26   480
  6.744376e-01   2.267227e-24   3.440421e-04   6.179346e-26   912
  6.754664e-01   2.364635e-24   3.831443e-04   9.128515e-26   432
  6.764380e-01   2.445415e-24   2.275021e-04   8.078793e-26   564
  6.773006e-01   2.358680e-24   2.177508e-04   6.636114e-26   600
  6.785149e-01   2.427699e-24   3.035240e-04   6.564125e-26   876
  6.794272e-01   2.384959e-24   1.364735e-04   1.129824e-25   264
  6.806846e-01   2.173354e-24   2.648123e-04   6.722863e-26   560
  6.816953e-01   2.415430e-24   1.799457e-04   6.841781e-26   840
  6.829222e-01   2.210110e-24   2.774244e-04   5.675297e-26   1008
  6.840568e-01   2.067884e-24   1.241010e-04   7.697211e-26   456
  6.850930e-01   2.421629e-24   1.607553e-04   8.413406e-26   576
  6.860509e-01   2.327548e-24   2.470177e-04   7.972215e-26   612
  6.873140e-01   2.369669e-24   2.206269e-04   7.081722e-26   780
  6.883444e-01   2.352688e-24   2.528284e-04   7.603675e-26   648
  6.893992e-01   2.399261e-24   1.178213e-04   1.272783e-25   312
  6.900734e-01   2.045487e-24   2.993645e-04   7.745468e-26   528
  6.912414e-01   2.103439e-24   3.909551e-04   6.416403e-26   720
  6.923583e-01   2.220484e-24   3.921794e-04   8.256760e-26   576
  6.937124e-01   1.993495e-24   3.383053e-04   8.253892e-26   444
  6.945549e-01   2.308042e-24   3.317685e-04   5.638072e-26   996
  6.955874e-01   1.930240e-24   2.771265e-04   6.859249e-26   432
  6.965633e-01   2.325532e-24   3.033990e-04   8.825383e-26   504
  6.974062e-01   1.933771e-24   1.367883e-04   6.459578e-26   504
  6.986065e-01   2.258112e-24   2.692009e-04   5.695744e-26   876
  6.996926e-01   2.156796e-24   3.098246e-04   7.388524e-26   504
  7.008236e-01   1.901451e-24   1.975899e-04   5.129348e-26   696
  7.017583e-01   2.230326e-24   1.689187e-04   8.314173e-26   492
  7.030300e-01   2.075629e-24   2.418152e-04   8.131623e-26   432
  7.039719e-01   2.155532e-24   2.264335e-04   5.513820e-26   768
  7.050885e-01   1.917411e-24   2.820533e-04   5.832998e-26   648
  7.061547e-01   1.928857e-24   1.840095e-04   7.062921e-26   456
  7.073798e-01   2.067636e-24   2.530430e-04   6.962281e-26   552
  7.082306e-01   1.969591e-24   1.734358e-04   5.540399e-26   648
  7.094016e-01   1.883814e-24   2.826907e-04   4.859365e-26   840
  7.105454e-01   1.967272e-24   1.348092e-04   7.594543e-26   432
  7.116906e-01   1.952353e-24   1.651183e-04   7.884369e-26   600
  7.124870e-01   2.223574e-24   1.759227e-04   9.020575e-26   432
  7.138248e-01   2.111413e-24   1.751482e-04   7.362130e-26   560
  7.147308e-01   2.001735e-24   2.772412e-04   5.038143e-26   840
  7.158652e-01   1.918736e-24   1.642140e-04   7.063189e-26   504
  7.167662e-01   1.893031e-24   3.351509e-04   5.557176e-26   696
  7.180362e-01   2.004716e-24   1.830475e-04   8.079697e-26   384
  7.190254e-01   1.828275e-24   2.681431e-04   5.612256e-26   576
  7.202219e-01   1.780755e-24   1.654845e-04   6.389213e-26   360
  7.211864e-01   1.799617e-24   2.464465e-04   4.842798e-26   828
  7.222268e-01   1.804941e-24   2.195064e-04   7.269002e-26   372
  7.231800e-01   2.018399e-24   3.352284e-04   6.049295e-26   576
  7.244428e-01   1.957388e-24   1.403933e-04   6.257502e-26   636
  7.253425e-01   1.909283e-24   2.706420e-04   5.667923e-26   648
  7.265596e-01   1.713165e-24   2.200024e-04   5.314058e-26   576
  7.274333e-01   1.664425e-24   3.548870e-04   5.094790e-26   528
  7.285953e-01   1.750741e-24   1.517289e-04   7.193984e-26   360
  7.295571e-01   1.677505e-24   3.490332e-04   4.516661e-26   672
  7.308130e-01   1.760607e-24   1.787806e-04   4.436554e-26   804
  7.318582e-01   1.775908e-24   1.972163e-04   6.656334e-26   408
  7.330145e-01   2.020968e-24   1.219011e-04   7.968948e-26   384
  7.337931e-01   1.595799e-24   2.789567e-04   4.850465e-26   480
  7.348913e-01   1.782244e-24   1.802469e-04   6.846245e-26   432
  7.359446e-01   1.857502e-24   3.321566e-04   4.751900e-26   648
  7.371913e-01   1.806458e-24   2.061016e-04   5.450509e-26   624
  7.381033e-01   1.770013e-24   1.874668e-04   5.891662e-26   456
  7.393486e-01   1.634753e-24   2.560963e-04   5.100485e-26   588
  7.401831e-01   1.728340e-24   1.633884e-04   5.312518e-26   600
  7.414016e-01   1.761351e-24   2.548458e-04   5.578630e-26   708
  7.423640e-01   1.721808e-24   1.605479e-04   6.251464e-26   360
  7.434275e-01   1.783184e-24   1.845541e-04   5.961419e-26   552
  7.444470e-01   1.633563e-24   1.294691e-04   6.707220e-26   288
  7.454820e-01   1.651618e-24   2.434372e-04   5.603369e-26   528
  7.464545e-01   1.908147e-24   1.642340e-04   6.293743e-26   456
  7.475410e-01   1.799883e-24   2.912225e-04   5.318798e-26   608
  7.486338e-01   1.597856e-24   1.408967e-04   5.442924e-26   504
  7.498278e-01   1.573557e-24   3.024972e-04   4.940143e-26   540
  7.507642e-01   1.812314e-24   3.247222e-04   6.648883e-26   360
  7.517735e-01   1.826129e-24   1.470509e-04   6.121794e-26   540
  7.526661e-01   1.587360e-24   1.262606e-04   4.893029e-26   576
  7.539642e-01   1.685528e-24   2.927555e-04   5.347640e-26   588
  7.551985e-01   1.618068e-24   4.039143e-04   5.221184e-26   672
  7.562588e-01   1.730799e-24   3.087151e-04   5.178878e-26   552
  7.571135e-01   1.475667e-24   3.088712e-04   8.567868e-26   144
  7.582042e-01   1.868081e-24   2.624178e-04   5.670743e-26   600
  7.592383e-01   1.548908e-24   3.288668e-04   4.775274e-26   504
  7.603860e-01   1.753833e-24   3.378126e-04   6.839134e-26   336
  7.615932e-01   1.596845e-24   3.797028e-04   4.651685e-26   600
  7.626744e-01   1.522915e-24   2.450478e-04   4.747803e-26   636
  7.638413e-01   1.566332e-24   1.970206e-04   6.894190e-26   384
  7.646595e-01   1.659464e-24   2.748205e-04   5.145580e-26   504
  7.658387e-01   1.677187e-24   1.153383e-04   7.202388e-26   240
  7.667694e-01   1.669835e-24   2.709461e-04   4.463857e-26   744
  7.678860e-01   1.437340e-24   1.850150e-04   4.000301e-26   648
  7.688783e-01   2.105959e-24   1.228185e-04   1.541891e-25   120
  7.700414e-01   1.520627e-24   1.929319e-04   4.852472e-26   564
  7.709202e-01   1.683551e-24   3.030111e-04   5.889808e-26   432
  7.720932e-01   1.638892e-24   2.351965e-04   5.682317e-26   480
  7.729764e-01   1.346451e-24   1.731106e-04   4.561627e-26   456
  7.740189e-01   1.578177e-24   2.864725e-04   5.638555e-26   444
  7.752020e-01   1.502424e-24   4.383180e-04   4.970024e-26   528
  7.762412e-01   1.469405e-24   3.255297e-04   7.190855e-26   264
  7.772498e-01   1.551027e-24   3.336195e-04   5.212650e-26   444
  7.786065e-01   1.632473e-24   3.654311e-04   4.494271e-26   696
  7.797327e-01   1.662656e-24   1.954448e-04   6.005044e-26   384
  7.805563e-01   1.363911e-24   2.469609e-04   4.960051e-26   432
  7.818373e-01   1.677943e-24   1.706384e-04   5.686448e-26   488
  7.826690e-01   1.682970e-24   2.571733e-04   5.433590e-26   480
  7.838749e-01   1.326142e-24   2.868014e-04   4.613589e-26   480
  7.848089e-01   1.609108e-24   1.203331e-04   8.320242e-26   240
  7.858692e-01   1.519334e-24   2.810886e-04   4.373355e-26   600
  7.868694e-01   1.328010e-24   2.449399e-04   5.050299e-26   288
  7.879343e-01   1.550018e-24   2.356143e-04   5.126585e-26   480
  7.890129e-01   1.431896e-24   4.191157e-04   4.746945e-26   504
  7.900748e-01   1.541696e-24   1.798267e-04   8.269358e-26   216
  7.914291e-01   1.562395e-24   2.944050e-04   4.930654e-26   504
  7.924838e-01   1.325733e-24   2.367912e-04   3.994208e-26   456
  7.936384e-01   1.703456e-24   1.358038e-04   5.911125e-26   384
  7.944031e-01   1.698518e-24   2.756326e-04   5.727484e-26   480
  7.954897e-01   1.293201e-24   2.420363e-04   4.143752e-26   504
  7.964966e-01   1.420875e-24   1.535327e-04   6.061830e-26   312
  7.975815e-01   1.467587e-24   2.474127e-04   4.346027e-26   492
  7.985417e-01   1.597150e-24   2.318919e-04   6.842464e-26   312
  7.997779e-01   1.335692e-24   3.766899e-04   3.796753e-26   576
  8.008661e-01   1.372942e-24   3.477153e-04   5.072748e-26   336
  8.017699e-01   1.283167e-24   2.677247e-04   5.409471e-26   240
  8.030228e-01   1.342527e-24   3.549351e-04   4.772804e-26   468
  8.041047e-01   1.426161e-24   2.222407e-04   7.729847e-26   192
  8.052370e-01   1.425829e-24   2.229031e-04   5.400590e-26   324
  8.060669e-01   1.434967e-24   1.617794e-04   4.264118e-26   600
  8.071978e-01   1.544286e-24   2.624704e-04   5.332165e-26   456
  8.080377e-01   1.599724e-24   1.180592e-04   7.308933e-26   336
  8.094297e-01   1.582300e-24   3.535027e-04   5.568852e-26   612
  8.104424e-01   1.335687e-24   2.966749e-04   8.760776e-26   144
  8.114002e-01   1.415945e-24   3.462957e-04   4.370684e-26   552
  8.127025e-01   1.280235e-24   1.363755e-04   5.110106e-26   264
  8.134384e-01   1.551909e-24   3.157441e-04   6.033993e-26   336
  8.145992e-01   1.314269e-24   2.086329e-04   4.554386e-26   384
  8.156059e-01   1.633055e-24   1.174397e-04   7.681008e-26   216
  8.167203e-01   1.162352e-24   2.489964e-04   4.319740e-26   344
  8.177364e-01   1.357210e-24   3.715143e-04   4.725319e-26   408
  8.189746e-01   1.361524e-24   2.854845e-04   5.791046e-26   264
  8.200718e-01   1.421782e-24   3.979796e-04   4.481703e-26   612
  8.211681e-01   1.516209e-24   2.048307e-04   5.240896e-26   408
  8.222956e-01   1.394905e-24   2.051251e-04   5.072545e-26   444
  8.231239e-01   1.699894e-24   1.147249e-04   1.112534e-25   120
  8.242338e-01   1.357275e-24   3.169640e-04   6.222802e-26   336
  8.250576e-01   1.172234e-24   1.101437e-04   5.411045e-26   288
  8.261708e-01   1.313543e-24   3.427692e-04   4.072148e-26   552
  8.277012e-01   1.676106e-24   0.000000e+00   1.264120e-25   72
  8.284882e-01   1.240987e-24   3.404572e-04   3.942207e-26   504
  8.294074e-01   1.169322e-24   1.095558e-04   5.899774e-26   216
  8.305983e-01   1.322137e-24   1.956043e-04   6.479545e-26   312
  8.316675e-01   1.300288e-24   2.227263e-04   4.960685e-26   336
  8.326865e-01   1.487435e-24   3.087236e-04   6.961838e-26   204
  8.337014e-01   1.409487e-24   3.587838e-04   5.127031e-26   504
  8.347777e-01   1.472984e-24   3.416652e-04   5.785861e-26   396
  8.358127e-01   1.455494e-24   3.133249e-04   6.849596e-26   312
  8.370674e-01   1.501981e-24   1.914750e-04   8.704848e-26   216
  8.379516e-01   1.319285e-24   1.039172e-04   7.317558e-26   168
  8.390260e-01   1.344823e-24   2.623966e-04   4.359425e-26   588
  8.402521e-01   1.101043e-24   3.561727e-04   5.181485e-26   240
  8.412047e-01   1.271867e-24   3.145601e-04   6.517668e-26   264
  8.423219e-01   1.336268e-24   3.890183e-04   5.935621e-26   288
  8.433131e-01   1.130153e-24   1.942596e-04   4.686345e-26   288
  8.445693e-01   1.281083e-24   1.824406e-04   5.329147e-26   288
  8.454153e-01   1.190449e-24   2.113423e-04   7.813739e-26   192
  8.464795e-01   1.149001e-24   2.248894e-04   5.535546e-26   264
  8.474933e-01   1.550751e-24   3.699119e-04   5.121784e-26   372
  8.485844e-01   1.578954e-24   3.995208e-04   5.656380e-26   360
  8.499161e-01   1.351640e-24   1.690810e-04   7.328093e-26   144
  8.506044e-01   1.120939e-24   2.348461e-04   4.571654e-26   296
  8.516909e-01   1.229248e-24   2.530345e-04   6.030339e-26   288
  8.529347e-01   1.201522e-24   3.781537e-04   4.233149e-26   480
  8.540076e-01   1.132926e-24   3.142096e-04   6.381000e-26   192
  8.550509e-01   1.396611e-24   3.370327e-04   7.693991e-26   192
  8.559992e-01   1.276166e-24   2.147949e-04   7.074109e-26   288
  8.573180e-01   1.061543e-24   1.869760e-04   6.398166e-26   108
  8.579823e-01   1.350661e-24   1.797545e-04   6.363783e-26   240
  8.591554e-01   1.112749e-24   3.353363e-04   3.778546e-26   384
  8.603605e-01   1.400812e-24   4.090722e-04   1.056993e-25   108
  8.614261e-01   1.461432e-24   2.398466e-04   5.755817e-26   348
  8.625466e-01   1.228954e-24   2.503134e-04   6.516780e-26   312
  8.635474e-01   1.138545e-24   2.432319e-04   9.421634e-26   96
  8.644677e-01   1.155652e-24   3.238194e-04   4.540558e-26   384
  8.654984e-01   1.225999e-24   2.227222e-04   6.765270e-26   144
  8.665066e-01   1.203739e-24   3.422225e-04   4.363961e-26   408
  8.677598e-01   1.125882e-24   1.526554e-04   7.545772e-26   144
  8.689437e-01   1.144522e-24   2.934816e-04   6.213661e-26   192
  8.696459e-01   1.206467e-24   3.303190e-04   7.977241e-26   144
  8.707904e-01   1.175540e-24   2.685615e-04   7.367927e-26   144
  8.718702e-01   1.252998e-24   3.282257e-04   4.592123e-26   336
  8.731927e-01   1.087058e-24   2.428454e-04   4.940934e-26   240
  8.740312e-01   1.065632e-24   1.102739e-04   9.134047e-26   96
  8.752007e-01   1.286827e-24   3.233803e-04   5.513566e-26   372
  8.763838e-01   1.287000e-24   3.846540e-04   9.412570e-26   132
  8.774230e-01   1.066291e-24   2.380193e-04   4.650999e-26   264
  8.783527e-01   1.354077e-24   1.827880e-04   8.914352e-26   168
  8.793449e-01   1.164623e-24   2.922429e-04   6.059657e-26   216
  8.802213e-01   1.170635e-24   1.787978e-04   6.134452e-26   216
  8.814979e-01   9.892418e-25   3.280196e-04   7.849568e-26   96
  8.826561e-01   1.068602e-24   2.140028e-04   6.607142e-26   120
  8.837183e-01   1.075706e-24   2.720578e-04   4.978890e-26   216
  8.845934e-01   1.111301e-24   1.188902e-04   7.312123e-26   200
  8.857519e-01   1.116948e-24   3.077557e-04   5.074501e-26   288
  8.872378e-01   1.030802e-24   8.097649e-05   5.547987e-26   144
  8.878635e-01   1.124988e-24   2.519939e-04   6.469440e-26   168
  8.891412e-01   1.188318e-24   2.835956e-04   7.607936e-26   159
  8.901386e-01   1.172142e-24   2.975600e-04   7.059647e-26   174
  8.911039e-01   1.123399e-24   2.698170e-04   5.794430e-26   144
  8.923678e-01   1.117981e-24   1.557998e-04   5.906626e-26   222
  8.932131e-01   9.906480e-25   1.572158e-04   4.786565e-26   168
  8.946732e-01   1.284223e-24   3.448346e-04   1.827203e-25   30
  8.952763e-01   9.649298e-25   3.044637e-04   7.793586e-26   72
  8.964123e-01   1.100447e-24   2.717302e-04   5.827950e-26   258
  8.976612e-01   1.142027e-24   1.701916e-04   4.947543e-26   264
  8.982857e-01   9.896276e-25   1.835347e-08   7.631105e-26   72
  8.995871e-01   8.466132e-25   3.373270e-04   4.156807e-26   174
  9.007654e-01   1.071328e-24   3.591909e-04   5.804767e-26   168
  9.017127e-01   8.527500e-25   1.123916e-08   9.969631e-26   48
  9.027297e-01   1.014449e-24   2.028435e-04   5.979280e-26   150
  9.039088e-01   1.097150e-24   3.731453e-04   5.341155e-26   168
  9.050911e-01   7.970010e-25   2.273028e-04   5.423627e-26   144
  9.061784e-01   1.176304e-24   2.123525e-04   8.684765e-26   102
  9.069882e-01   7.949672e-25   3.143182e-04   6.325517e-26   96
  9.082731e-01   8.521239e-25   3.119397e-04   4.775037e-26   120
  9.092246e-01   8.146154e-25   3.345635e-04   3.687783e-26   168
  9.102538e-01   1.117665e-24   2.470487e-04   7.436119e-26   126
  9.111308e-01   1.079259e-24   1.863241e-04   6.684181e-26   168
  9.123389e-01   9.029495e-25   2.987709e-04   8.903318e-26   72
  9.133947e-01   9.579131e-25   3.741278e-04   5.975276e-26   168
  9.143196e-01   1.017693e-24   1.025668e-04   7.315928e-26   78
  9.155870e-01   8.150385e-25   1.684070e-04   8.003113e-26   60
  9.166075e-01   1.302256e-24   2.731835e-04   9.228406e-26   96
  9.176659e-01   8.725594e-25   3.314854e-04   4.149710e-26   168
  9.186605e-01   8.388278e-25   2.097511e-04   6.172792e-26   86
  9.197042e-01   7.423473e-25   1.874678e-04   5.081280e-26   120
  9.212002e-01   7.789231e-25   1.336894e-04   4.662478e-26   168
  9.220069e-01   9.188740e-25   0.000000e+00   7.934486e-26   48
  9.230934e-01   1.164732e-24   2.435676e-04   7.510870e-26   120
  9.237177e-01   1.014030e-24   1.776924e-04   8.847674e-26   126
  9.252418e-01   1.023905e-24   3.125113e-04   5.923144e-26   96
  9.262310e-01   9.392932e-25   9.011285e-05   6.156829e-26   96
  9.270111e-01   7.228312e-25   1.059638e-08   5.407999e-26   72
  9.286731e-01   7.309629e-25   1.123916e-08   1.381692e-25   24
  9.297104e-01   9.053299e-25   1.854501e-04   6.278639e-26   120
  9.305196e-01   9.565175e-25   2.705147e-04   6.181281e-26   126
  9.314194e-01   9.373263e-25   2.255107e-04   7.961068e-26   96
  9.324708e-01   6.878569e-25   3.897482e-04   5.070940e-26   72
  9.336415e-01   7.674211e-25   1.685792e-04   5.404709e-26   144
  9.346046e-01   9.501559e-25   9.723254e-05   6.682973e-26   72
  9.355666e-01   1.050861e-24   1.942081e-04   1.133735e-25   54
  9.364132e-01   9.793212e-25   1.711436e-04   6.246822e-26   108
  9.381728e-01   8.179696e-25   1.677650e-04   6.909213e-26   72
  9.387206e-01   9.691937e-25   9.680617e-05   9.044415e-26   72
  9.400202e-01   8.980564e-25   1.946680e-08   1.303476e-25   24
  9.412498e-01   8.555585e-25   2.047976e-04   7.076046e-26   48
  9.419964e-01   5.750801e-25   1.560029e-04   3.876199e-26   102
  9.431203e-01   8.520255e-25   3.528137e-04   5.064653e-26   168
  9.445889e-01   9.714816e-25   1.924163e-04   8.124314e-26   72
  9.451330e-01   9.764667e-25   0.000000e+00   9.442956e-26   48
  9.462744e-01   9.600529e-25   3.309678e-04   6.897965e-26   120
  9.477807e-01   8.474094e-25   2.033864e-04   5.909425e-26   96
  9.492033e-01   1.388427e-24   1.798266e-08   1.882799e-25   30
  9.508942e-01   8.459580e-25   9.555995e-05   6.733165e-26   72
  9.516372e-01   9.118408e-25   1.123916e-08   8.473663e-26   24
  9.525916e-01   8.229798e-25   1.416435e-04   6.399059e-26   56
  9.536606e-01   7.830094e-25   2.021324e-04   5.666669e-26   96
  9.549399e-01   7.480189e-25   2.232036e-04   4.307310e-26   144
  9.559263e-01   1.037034e-24   1.267263e-04   9.464023e-26   54
  9.573592e-01   8.210386e-25   1.898493e-04   5.367992e-26   108
  9.588012e-01   1.030855e-24   1.005243e-04   1.032587e-25   48
  9.601739e-01   9.734884e-25   3.785063e-04   9.959675e-26   72
  9.634680e-01   7.987937e-25   2.500803e-04   6.005365e-26   78
  9.643808e-01   6.874943e-25   1.884669e-04   5.000403e-26   72
  9.654462e-01   7.487582e-25   1.882329e-04   8.369711e-26   72
  9.665603e-01   8.644407e-25   4.542266e-04   6.205403e-26   96
  9.674408e-01   8.368682e-25   1.878449e-04   6.000546e-26   72
  9.685029e-01   1.151665e-24   0.000000e+00   1.326565e-25   24
  9.695638e-01   9.535472e-25   3.748416e-04   8.413055e-26   72
  9.719599e-01   7.686317e-25   2.380359e-04   8.629634e-26   30
  9.724755e-01   7.787552e-25   0.000000e+00   1.272054e-25   24
  9.752466e-01   7.728963e-25   1.976584e-04   6.257370e-26   48
  9.761159e-01   8.974016e-25   4.253608e-04   4.905362e-26   120
  9.772870e-01   7.725104e-25   1.859776e-04   5.580477e-26   72
  9.784697e-01   7.823974e-25   1.857528e-04   1.040378e-25   36
  9.792826e-01   8.470915e-25   3.671339e-04   7.600063e-26   78
  9.815513e-01   8.189030e-25   1.963888e-04   8.457968e-26   48
  9.844928e-01   9.198340e-25   1.589457e-08   1.112581e-25   24
  9.865884e-01   8.971282e-25   1.367612e-04   8.277607e-26   56
  9.876436e-01   7.468320e-25   2.104496e-04   4.851832e-26   102
  9.889860e-01   1.036726e-24   1.498555e-08   9.315777e-26   72
  9.897653e-01   9.068557e-25   1.123916e-08   1.095217e-25   24
  9.911277e-01   1.027252e-24   1.944913e-04   1.418663e-25   48
  9.936528e-01   9.063867e-25   0.000000e+00   1.264696e-25   24
  9.967520e-01   6.463567e-25   0.000000e+00   1.917280e-25   6
  9.977185e-01   6.078531e-25   0.000000e+00   8.635266e-26   24
  9.983623e-01   8.374838e-25   1.820511e-04   6.279255e-26   72
  9.995384e-01   1.000317e-24   3.396336e-04   9.484076e-26   84
  1.000805e+00   1.067726e-24   0.000000e+00   9.432473e-26   24
  1.001190e+00   1.211344e-24   1.589457e-08   1.348181e-25   24
  1.003114e+00   1.171993e-24   1.946680e-08   1.391452e-25   24
  1.005800e+00   7.146212e-25   0.000000e+00   1.280237e-25   6
  1.009244e+00   8.697095e-25   1.910001e-04   8.132183e-26   48
  1.010072e+00   9.894634e-25   3.598129e-04   8.449147e-26   72
  1.011152e+00   8.967512e-25   1.906396e-04   1.032543e-25   48
  1.012867e+00   9.659311e-25   0.000000e+00   1.004733e-25   24
  1.015148e+00   5.435065e-25   0.000000e+00   1.448799e-25   6
  1.020262e+00   8.956611e-25   0.000000e+00   2.385533e-25   8
  1.020640e+00   7.770550e-25   1.123916e-08   6.956571e-26   48
  1.021546e+00   9.476401e-25   1.848806e-04   6.972271e-26   60
  1.022904e+00   8.998726e-25   0.000000e+00   1.215970e-25   24
  1.024787e+00   3.474288e-25   0.000000e+00   3.609272e-26   6
  1.031723e+00   9.054050e-25   0.000000e+00   1.242777e-25   24
  1.032283e+00   9.016152e-25   1.867372e-04   8.243245e-26   48
  1.033217e+00   1.094845e-24   0.000000e+00   1.229317e-25   24
  1.034708e+00   7.767683e-25   0.000000e+00   1.107675e-25   6
  1.043181e+00   7.975791e-25   1.742080e-04   6.491793e-26   36
  1.043797e+00   7.221853e-25   0.000000e+00   6.476640e-26   24
  1.044904e+00   8.031902e-25   0.000000e+00   1.266092e-25   6
  1.054545e+00   5.620169e-25   1.583190e-04   6.261081e-26   32
  1.055367e+00   1.119278e-24   0.000000e+00   2.642813e-25   6
  1.065728e+00   7.526278e-25   0.000000e+00   1.614120e-25   12
  1.066089e+00   6.436705e-25   0.000000e+00   5.232473e-26   6
  1.077063e+00   9.270907e-25   0.000000e+00   1.086794e-25   6
