# power spectrum of B
# redshift z=48.519783
# k              Pk             sigma(k)       sigma(Pk)      count
  1.963495e-02   4.954943e-18   0.000000e+00   3.429778e-19   6
  2.776802e-02   5.190318e-18   0.000000e+00   8.054757e-19   12
  3.400874e-02   3.076979e-18   3.725290e-10   6.609601e-19   8
  3.926991e-02   1.184249e-17   0.000000e+00   3.494585e-18   6
  4.390509e-02   1.231924e-17   7.024475e-10   1.645240e-18   24
  4.809562e-02   8.214939e-18   7.024475e-10   1.623335e-18   24
  5.553604e-02   8.043779e-18   0.000000e+00   2.503428e-18   12
  5.890486e-02   8.116510e-18   7.947286e-10   1.133323e-18   30
  6.209118e-02   8.706201e-18   0.000000e+00   9.973871e-19   24
  6.512178e-02   8.832088e-18   1.216675e-09   1.349890e-18   24
  6.801748e-02   5.655807e-18   7.450581e-10   2.444437e-19   8
  7.079483e-02   6.882256e-18   9.934107e-10   1.087460e-18   24
  7.346727e-02   7.309722e-18   0.000000e+00   9.623432e-19   48
  7.853982e-02   9.292282e-18   0.000000e+00   8.102282e-19   6
  8.095699e-02   7.451189e-18   9.934107e-10   8.275254e-19   48
  8.330406e-02   5.634646e-18   9.365966e-10   1.050969e-18   36
  8.558678e-02   6.238288e-18   9.934107e-10   7.039586e-19   24
  8.781018e-02   5.031404e-18   1.404895e-09   5.684249e-19   24
  8.997866e-02   6.096149e-18   0.000000e+00   7.755902e-19   48
  9.209610e-02   3.474193e-18   1.404895e-09   6.995748e-19   24
  9.619124e-02   5.025201e-18   1.404895e-09   7.879013e-19   24
  9.817477e-02   4.449110e-18   0.000000e+00   4.690527e-19   30
  1.001190e-01   3.885382e-18   0.000000e+00   3.339666e-19   72
  1.020262e-01   4.018622e-18   1.490116e-09   4.976083e-19   32
  1.057375e-01   4.440762e-18   0.000000e+00   3.511925e-19   72
  1.075451e-01   3.958338e-18   0.000000e+00   4.219240e-19   48
  1.110721e-01   3.361613e-18   0.000000e+00   7.932584e-19   12
  1.127942e-01   4.148374e-18   0.000000e+00   3.914631e-19   48
  1.144905e-01   3.909662e-18   0.000000e+00   4.530347e-19   48
  1.161620e-01   4.351782e-18   1.404895e-09   3.800654e-19   48
  1.178097e-01   3.522725e-18   1.589457e-09   3.666468e-19   30
  1.194348e-01   3.209402e-18   0.000000e+00   3.535707e-19   24
  1.210380e-01   4.818026e-18   2.961779e-09   4.033497e-19   72
  1.241824e-01   2.937815e-18   0.000000e+00   4.316892e-19   24
  1.257251e-01   3.996350e-18   0.000000e+00   3.367319e-19   96
  1.272490e-01   3.031202e-18   0.000000e+00   3.672112e-19   48
  1.287550e-01   2.095893e-18   2.433349e-09   2.850333e-19   24
  1.302436e-01   5.380391e-18   2.433349e-09   7.394441e-19   24
  1.317153e-01   2.798808e-18   0.000000e+00   2.233818e-19   72
  1.331707e-01   3.375508e-18   0.000000e+00   3.404222e-19   48
  1.360350e-01   1.485952e-18   1.490116e-09   3.867661e-19   8
  1.374447e-01   3.727246e-18   1.766064e-09   3.947333e-19   54
  1.388401e-01   2.504194e-18   0.000000e+00   1.903535e-19   84
  1.402216e-01   2.600838e-18   0.000000e+00   2.595368e-19   48
  1.415897e-01   3.371189e-18   1.986821e-09   4.262147e-19   24
  1.429446e-01   2.849319e-18   2.649095e-09   2.154531e-19   72
  1.442869e-01   3.037730e-18   0.000000e+00   1.996181e-19   96
  1.469345e-01   2.848327e-18   0.000000e+00   2.492333e-19   48
  1.482407e-01   2.856283e-18   0.000000e+00   3.066346e-19   48
  1.495354e-01   2.611664e-18   0.000000e+00   2.821820e-19   24
  1.508189e-01   2.856813e-18   0.000000e+00   2.293107e-19   72
  1.533539e-01   2.155207e-18   0.000000e+00   2.276946e-19   72
  1.546058e-01   2.111904e-18   0.000000e+00   1.994186e-19   96
  1.570796e-01   1.407981e-18   0.000000e+00   3.888307e-19   6
  1.583021e-01   1.870403e-18   0.000000e+00   1.244370e-19   96
  1.595151e-01   2.238308e-18   1.986821e-09   1.873365e-19   96
  1.607190e-01   2.116545e-18   0.000000e+00   2.611184e-19   24
  1.619140e-01   2.501826e-18   1.986821e-09   2.930151e-19   48
  1.631002e-01   2.865917e-18   0.000000e+00   1.677292e-19   96
  1.642778e-01   1.698319e-18   0.000000e+00   2.059757e-19   48
  1.666081e-01   1.696011e-18   1.873193e-09   1.579469e-19   36
  1.677611e-01   1.818974e-18   3.441276e-09   1.604294e-19   48
  1.689063e-01   2.138452e-18   3.893359e-09   1.372829e-19   120
  1.700437e-01   1.581137e-18   0.000000e+00   1.758092e-19   56
  1.711736e-01   1.225066e-18   1.986821e-09   1.233022e-19   24
  1.722960e-01   1.812654e-18   0.000000e+00   1.265598e-19   96
  1.734112e-01   1.600945e-18   0.000000e+00   1.834710e-19   48
  1.756204e-01   1.906554e-18   2.809790e-09   2.178844e-19   24
  1.767146e-01   1.854497e-18   0.000000e+00   1.401012e-19   102
  1.778021e-01   2.718454e-18   1.986821e-09   2.778963e-19   48
  1.788829e-01   1.756867e-18   0.000000e+00   1.266486e-19   72
  1.799573e-01   1.992919e-18   0.000000e+00   2.067572e-19   48
  1.810253e-01   2.071535e-18   0.000000e+00   2.872116e-19   48
  1.820871e-01   1.542993e-18   4.495664e-09   1.174792e-19   120
  1.841922e-01   1.078164e-18   2.809790e-09   1.069457e-19   24
  1.852358e-01   1.525799e-18   2.649095e-09   9.646919e-20   144
  1.862735e-01   1.658266e-18   3.178914e-09   9.644360e-20   120
  1.873055e-01   1.868998e-18   2.809790e-09   2.142576e-19   48
  1.893526e-01   1.632601e-18   2.809790e-09   1.308682e-19   48
  1.903679e-01   1.864090e-18   2.809790e-09   1.503818e-19   96
  1.930487e-01   1.557989e-18   4.711199e-04   1.409521e-19   72
  1.943761e-01   1.901823e-18   2.497591e-09   1.316506e-19   108
  1.953653e-01   1.357558e-18   0.000000e+00   1.249989e-19   72
  1.963495e-01   1.377904e-18   0.000000e+00   1.793513e-19   30
  1.973288e-01   1.285664e-18   0.000000e+00   6.772181e-20   168
  1.983033e-01   1.658173e-18   0.000000e+00   1.761565e-19   48
  2.002380e-01   1.395968e-18   0.000000e+00   1.237362e-19   72
  2.011984e-01   1.691598e-18   0.000000e+00   1.242698e-19   96
  2.021542e-01   1.566960e-18   5.298191e-09   1.634177e-19   72
  2.031055e-01   1.529861e-18   0.000000e+00   1.345743e-19   72
  2.047049e-01   1.493953e-18   4.350048e-04   1.194088e-19   104
  2.059331e-01   1.338515e-18   3.746387e-09   8.269148e-20   144
  2.087224e-01   1.461230e-18   6.282881e-09   1.018223e-19   96
  2.096439e-01   1.018606e-18   0.000000e+00   6.663906e-20   96
  2.111095e-01   1.485732e-18   4.475232e-04   1.040863e-19   120
  2.123845e-01   1.080867e-18   0.000000e+00   8.067815e-20   120
  2.132902e-01   1.612022e-18   0.000000e+00   1.409361e-19   72
  2.150901e-01   2.072473e-18   0.000000e+00   1.680457e-19   48
  2.159845e-01   1.250818e-18   4.890638e-09   1.155615e-19   78
  2.171286e-01   1.180459e-18   4.007142e-04   7.106486e-20   168
  2.195255e-01   1.400727e-18   4.588368e-09   8.850021e-20   144
  2.204018e-01   1.481943e-18   3.746387e-09   9.786321e-20   144
  2.229436e-01   1.074193e-18   2.307791e-04   6.724340e-20   156
  2.238729e-01   1.144584e-18   4.866699e-09   1.392811e-19   48
  2.247323e-01   1.086174e-18   3.178914e-09   8.485036e-20   120
  2.255884e-01   1.105659e-18   0.000000e+00   1.052144e-19   48
  2.271022e-01   1.263309e-18   3.532495e-04   9.616294e-20   216
  2.289809e-01   9.943712e-19   0.000000e+00   8.659512e-20   48
  2.298212e-01   1.199501e-18   2.809790e-09   8.447092e-20   96
  2.310160e-01   1.082092e-18   4.128272e-04   6.846745e-20   168
  2.323239e-01   1.212445e-18   2.809790e-09   1.392816e-19   48
  2.331522e-01   1.340366e-18   0.000000e+00   1.101959e-19   96
  2.339775e-01   8.519902e-19   0.000000e+00   7.637011e-20   48
  2.356194e-01   8.162636e-19   3.178914e-09   7.459927e-20   30
  2.364362e-01   8.889696e-19   0.000000e+00   6.372442e-20   96
  2.374123e-01   1.149687e-18   3.244455e-04   5.955611e-20   240
  2.386674e-01   1.110031e-18   3.500299e-04   1.156254e-19   32
  2.396752e-01   7.733892e-19   0.000000e+00   4.325102e-20   168
  2.404781e-01   1.091692e-18   0.000000e+00   8.744975e-20   120
  2.420760e-01   1.084548e-18   5.923557e-09   1.034417e-19   72
  2.428710e-01   9.716487e-19   2.649095e-09   5.962509e-20   144
  2.436634e-01   7.342835e-19   0.000000e+00   5.614590e-20   96
  2.444532e-01   9.002270e-19   0.000000e+00   6.604603e-20   96
  2.460253e-01   1.483531e-18   0.000000e+00   1.280320e-19   72
  2.468075e-01   9.633472e-19   3.973643e-09   6.957259e-20   96
  2.483647e-01   1.271075e-18   0.000000e+00   1.777622e-19   24
  2.491396e-01   9.768332e-19   0.000000e+00   5.748255e-20   192
  2.500522e-01   8.926292e-19   2.970416e-04   7.257336e-20   132
  2.514501e-01   9.524760e-19   0.000000e+00   7.220838e-20   96
  2.522156e-01   6.003208e-19   0.000000e+00   3.949920e-20   96
  2.529787e-01   8.636916e-19   3.178914e-09   6.621392e-20   120
  2.544981e-01   7.669052e-19   0.000000e+00   8.431707e-20   48
  2.557435e-01   9.864662e-19   3.599905e-04   5.258553e-20   222
  2.567603e-01   8.534928e-19   0.000000e+00   6.794163e-20   120
  2.575100e-01   9.721816e-19   4.866699e-09   1.903708e-19   24
  2.586015e-01   9.816476e-19   3.715625e-04   4.383974e-20   312
  2.609797e-01   1.013789e-18   3.483547e-04   7.130321e-20   72
  2.619630e-01   8.811043e-19   4.866699e-09   7.531200e-20   96
  2.629726e-01   9.909066e-19   3.547511e-04   6.288025e-20   192
  2.641613e-01   6.419656e-19   4.495664e-09   5.988819e-20   120
  2.648900e-01   8.739129e-19   0.000000e+00   6.467289e-20   144
  2.663415e-01   1.138301e-18   0.000000e+00   1.158431e-19   48
  2.673732e-01   8.857949e-19   3.567146e-04   4.556080e-20   336
  2.685040e-01   9.012675e-19   0.000000e+00   1.656391e-19   48
  2.699360e-01   8.783623e-19   0.000000e+00   5.209775e-20   192
  2.706492e-01   6.200877e-19   0.000000e+00   5.650745e-20   48
  2.726764e-01   7.393143e-19   2.476067e-04   8.378272e-20   56
  2.736844e-01   8.935238e-19   3.180112e-04   4.442071e-20   336
  2.748894e-01   9.821975e-19   3.532127e-09   1.092679e-19   54
  2.759390e-01   6.890392e-19   3.492904e-04   4.370665e-20   240
  2.781181e-01   7.062472e-19   3.344484e-04   5.197637e-20   228
  2.790651e-01   8.623927e-19   3.746387e-09   6.294909e-20   72
  2.799844e-01   9.128879e-19   3.244231e-04   7.299029e-20   144
  2.811298e-01   9.600733e-19   0.000000e+00   9.280794e-20   96
  2.818146e-01   6.963968e-19   4.495664e-09   3.945512e-20   240
  2.831793e-01   8.866879e-19   3.973643e-09   1.555662e-19   24
  2.840530e-01   7.842154e-19   3.064151e-04   3.473583e-20   336
  2.852142e-01   4.342051e-19   0.000000e+00   4.536230e-20   72
  2.862741e-01   9.334076e-19   3.332831e-04   6.557202e-20   168
  2.872346e-01   1.007468e-18   0.000000e+00   8.091674e-20   72
  2.885737e-01   1.106087e-18   0.000000e+00   9.679879e-20   96
  2.896108e-01   5.519926e-19   3.307829e-04   3.492535e-20   216
  2.905708e-01   6.793387e-19   0.000000e+00   4.943340e-20   96
  2.918946e-01   7.839227e-19   3.973643e-09   4.769410e-20   192
  2.925542e-01   7.258639e-19   3.746387e-09   5.672602e-20   144
  2.938691e-01   6.804453e-19   0.000000e+00   6.367989e-20   48
  2.947794e-01   5.780428e-19   3.189136e-04   3.703572e-20   246
  2.960164e-01   6.531340e-19   2.940434e-04   4.426467e-20   168
  2.971308e-01   6.722369e-19   7.786718e-09   5.013814e-20   120
  2.977788e-01   5.873695e-19   0.000000e+00   3.319209e-20   240
  2.990707e-01   8.229634e-19   0.000000e+00   1.514006e-19   24
  3.001001e-01   6.221816e-19   3.147475e-04   2.807789e-20   360
  3.013820e-01   6.955503e-19   3.134082e-04   5.030720e-20   120
  3.022763e-01   7.445766e-19   0.000000e+00   7.645972e-20   144
  3.029133e-01   6.696816e-19   0.000000e+00   5.941041e-20   96
  3.048165e-01   7.228863e-19   0.000000e+00   5.016366e-20   144
  3.054482e-01   8.034526e-19   0.000000e+00   6.450672e-20   132
  3.063360e-01   6.209195e-19   3.093292e-04   4.924316e-20   176
  3.076248e-01   6.325976e-19   3.123602e-04   3.429953e-20   312
  3.092116e-01   6.036098e-19   0.000000e+00   5.026449e-20   96
  3.098343e-01   5.873924e-19   0.000000e+00   4.795350e-20   144
  3.107899e-01   6.763680e-19   3.092271e-04   4.202474e-20   312
  3.123131e-01   2.786780e-19   0.000000e+00   3.124035e-20   48
  3.129297e-01   6.576658e-19   3.973643e-09   3.432004e-20   192
  3.141593e-01   2.779417e-19   0.000000e+00   4.964061e-20   6
  3.149762e-01   5.623093e-19   2.884066e-04   2.588846e-20   288
  3.162994e-01   6.587564e-19   3.047203e-04   4.614387e-20   192
  3.172124e-01   5.466317e-19   9.345130e-09   3.041961e-20   216
  3.178195e-01   5.647993e-19   0.000000e+00   6.108438e-20   72
  3.193321e-01   6.770094e-19   3.018264e-04   4.510168e-20   192
  3.203366e-01   5.504933e-19   2.241224e-04   3.125100e-20   288
  3.214381e-01   6.288990e-19   0.000000e+00   1.032077e-19   24
  3.222890e-01   5.439775e-19   2.952626e-04   2.591552e-20   456
  3.238280e-01   3.702240e-19   0.000000e+00   4.268446e-20   48
  3.247789e-01   5.501301e-19   2.908218e-04   3.535353e-20   240
  3.258718e-01   7.969327e-19   2.939082e-04   4.227661e-20   216
  3.267908e-01   7.279165e-19   0.000000e+00   6.231049e-20   72
  3.273801e-01   5.022548e-19   1.015467e-08   3.709294e-20   168
  3.290441e-01   5.993577e-19   2.184577e-04   3.130194e-20   288
  3.299773e-01   6.718494e-19   2.890570e-04   5.559503e-20   168
  3.314762e-01   7.242690e-19   0.000000e+00   6.352861e-20   192
  3.320572e-01   6.055150e-19   3.746387e-09   4.452540e-20   144
  3.332162e-01   9.696185e-19   3.746387e-09   1.549602e-19   36
  3.341991e-01   5.154560e-19   2.639705e-04   2.936399e-20   342
  3.351389e-01   3.861581e-19   2.710657e-04   2.951426e-20   144
  3.363470e-01   5.054593e-19   2.842800e-04   2.290149e-20   384
  3.378125e-01   7.361432e-19   7.786718e-09   6.738398e-20   120
  3.385379e-01   6.872389e-19   2.534951e-04   4.337009e-20   264
  3.395201e-01   4.876673e-19   1.256576e-08   3.247274e-20   192
  3.404451e-01   5.709129e-19   2.731894e-04   5.859105e-20   152
  3.412191e-01   4.232773e-19   7.492773e-09   4.469182e-20   144
  3.428472e-01   4.444755e-19   1.768108e-04   2.891430e-20   216
  3.436008e-01   5.791986e-19   2.362665e-04   3.127072e-20   312
  3.449274e-01   6.883203e-19   2.738281e-04   3.518845e-20   240
  3.457090e-01   6.403979e-19   3.973643e-09   6.628777e-20   96
  3.471927e-01   3.353331e-19   2.617995e-04   2.171522e-20   144
  3.481071e-01   5.317446e-19   2.573258e-04   2.576445e-20   456
  3.495904e-01   4.309426e-19   0.000000e+00   3.570834e-20   120
  3.501414e-01   4.767075e-19   0.000000e+00   5.046495e-20   144
  3.512407e-01   4.769419e-19   5.619580e-09   6.727540e-20   24
  3.519456e-01   5.014461e-19   2.473498e-04   2.604321e-20   336
  3.531645e-01   5.198286e-19   2.727931e-04   3.840039e-20   198
  3.543067e-01   4.150313e-19   2.652756e-04   1.925168e-20   432
  3.556041e-01   6.201775e-19   7.947286e-09   6.126353e-20   48
  3.562810e-01   6.198282e-19   2.341925e-04   3.290626e-20   384
  3.574963e-01   4.017357e-19   2.696052e-04   3.133703e-20   144
  3.585975e-01   4.753158e-19   2.676825e-04   3.071634e-20   264
  3.599147e-01   5.331571e-19   0.000000e+00   4.732938e-20   48
  3.607984e-01   5.022397e-19   2.545223e-04   3.019896e-20   276
  3.616510e-01   4.811872e-19   2.307176e-04   4.423525e-20   192
  3.627906e-01   4.860445e-19   2.592759e-04   2.240490e-20   552
  3.641741e-01   3.449507e-19   6.357829e-09   3.432466e-20   120
  3.649965e-01   4.021834e-19   2.624511e-04   2.462119e-20   216
  3.657587e-01   5.096093e-19   6.357829e-09   4.925602e-20   120
  3.671201e-01   4.927501e-19   2.584500e-04   2.892220e-20   408
  3.683844e-01   1.639730e-19   5.619580e-09   1.811100e-20   24
  3.691684e-01   5.014586e-19   2.610810e-04   2.984908e-20   384
  3.702633e-01   4.054997e-19   2.550855e-04   2.785724e-20   240
  3.712141e-01   4.987673e-19   2.569535e-04   3.517633e-20   168
  3.725471e-01   4.323470e-19   0.000000e+00   3.901346e-20   120
  3.734064e-01   4.504258e-19   2.678605e-04   2.305202e-20   350
  3.748037e-01   4.735072e-19   4.409502e-04   2.379321e-20   384
  3.756388e-01   3.087289e-19   0.000000e+00   2.673765e-20   144
  3.771752e-01   3.999341e-19   5.298191e-09   2.413190e-20   288
  3.779773e-01   3.754775e-19   2.524053e-04   1.945350e-20   336
  3.790686e-01   4.141119e-19   2.297941e-04   2.947762e-20   168
  3.797219e-01   4.780109e-19   1.506181e-08   2.843343e-20   336
  3.810732e-01   4.022725e-19   2.385126e-04   2.784983e-20   288
  3.818848e-01   4.514120e-19   2.247398e-04   2.259743e-20   264
  3.832590e-01   3.894058e-19   0.000000e+00   2.398091e-20   240
  3.837616e-01   5.321154e-19   0.000000e+00   6.471526e-20   96
  3.855656e-01   5.167974e-19   3.056310e-04   2.909395e-20   360
  3.864075e-01   5.134730e-19   2.253025e-04   4.619047e-20   168
  3.874713e-01   4.439766e-19   2.456032e-04   2.479858e-20   456
  3.887523e-01   3.928744e-19   7.064254e-09   3.002216e-20   108
  3.894728e-01   2.709034e-19   2.464311e-04   1.760215e-20   264
  3.903716e-01   3.779644e-19   2.198567e-04   2.624231e-20   264
  3.916025e-01   4.532745e-19   2.074668e-04   2.482230e-20   312
  3.931351e-01   3.363882e-19   1.541705e-04   2.175521e-20   270
  3.937775e-01   3.522732e-19   1.957388e-04   2.523419e-20   240
  3.949323e-01   3.554287e-19   2.421536e-04   1.791282e-20   384
  3.956334e-01   4.385549e-19   7.947286e-09   2.537050e-20   192
  3.969952e-01   4.559322e-19   1.942960e-04   3.293700e-20   240
  3.977852e-01   3.958841e-19   2.397927e-04   2.425376e-20   336
  3.992708e-01   4.403171e-19   2.413972e-04   2.060488e-20   480
  4.004761e-01   3.751795e-19   5.298191e-09   3.616836e-20   72
  4.011493e-01   3.631470e-19   2.353842e-04   2.772859e-20   240
  4.020650e-01   3.885112e-19   2.212289e-04   2.300943e-20   312
  4.031147e-01   3.142060e-19   2.390954e-04   2.110765e-20   240
  4.047009e-01   4.058856e-19   1.816506e-04   2.222916e-20   408
  4.053288e-01   4.112571e-19   1.663482e-04   2.674872e-20   336
  4.065560e-01   4.123308e-19   2.112212e-04   3.799344e-20   264
  4.071591e-01   2.764383e-19   0.000000e+00   3.137265e-20   144
  4.088370e-01   3.955307e-19   2.927651e-04   2.156639e-20   464
  4.097211e-01   3.668577e-19   2.328083e-04   2.629268e-20   168
  4.105939e-01   3.423890e-19   2.120376e-04   2.333584e-20   336
  4.121713e-01   4.623518e-19   2.227870e-04   2.839163e-20   414
  4.130606e-01   3.320004e-19   2.319080e-04   1.888444e-20   216
  4.141998e-01   5.491769e-19   5.619580e-09   5.190238e-20   96
  4.146649e-01   3.461980e-19   1.376510e-08   1.666929e-20   384
  4.162944e-01   4.207075e-19   2.314600e-04   2.249286e-20   492
  4.171676e-01   4.030171e-19   2.263480e-04   2.702907e-20   240
  4.181546e-01   3.372594e-19   2.298225e-04   1.906265e-20   312
  4.195176e-01   1.502108e-19   2.297469e-04   1.130015e-20   192
  4.203810e-01   3.564008e-19   2.226525e-04   1.842519e-20   504
  4.215265e-01   3.790202e-19   1.473998e-04   2.180527e-20   408
  4.224284e-01   3.678971e-19   4.515774e-04   2.846773e-20   168
  4.235571e-01   4.598042e-19   2.145032e-04   3.323457e-20   288
  4.245041e-01   3.720585e-19   2.238525e-04   2.569418e-20   288
  4.254743e-01   3.000311e-19   2.251410e-04   1.572415e-20   432
  4.268815e-01   3.896989e-19   2.129084e-04   2.642403e-20   216
  4.276334e-01   3.354608e-19   2.124592e-04   2.214898e-20   360
  4.289721e-01   4.058317e-19   2.073582e-04   2.780512e-20   312
  4.301803e-01   6.182453e-19   0.000000e+00   7.848918e-20   48
  4.308767e-01   3.365530e-19   2.223178e-04   1.988768e-20   432
  4.321240e-01   3.001413e-19   3.708284e-04   1.741467e-20   414
  4.328606e-01   3.201105e-19   8.470833e-09   2.255744e-20   312
  4.342347e-01   2.816455e-19   3.253813e-04   1.455247e-20   528
  4.351620e-01   3.994387e-19   1.707976e-04   2.671022e-20   264
  4.362761e-01   3.185628e-19   2.025191e-04   1.683711e-20   480
  4.377318e-01   2.999984e-19   0.000000e+00   1.709688e-20   288
  4.383604e-01   3.966861e-19   2.176005e-04   3.491930e-20   168
  4.395105e-01   3.615600e-19   3.444610e-04   1.832514e-20   504
  4.408036e-01   5.022130e-19   5.298191e-09   3.822983e-20   144
  4.416171e-01   3.526017e-19   2.212265e-04   1.595725e-20   464
  4.428396e-01   3.109218e-19   3.246624e-04   1.653148e-20   432
  4.434197e-01   3.220806e-19   5.619580e-09   2.620088e-20   192
  4.449189e-01   3.264262e-19   2.406833e-04   1.984996e-20   396
  4.458042e-01   2.891370e-19   2.162000e-04   2.633652e-20   288
  4.466990e-01   3.031949e-19   2.135686e-04   2.004344e-20   336
  4.481283e-01   2.770382e-19   1.352359e-04   1.685428e-20   432
  4.490354e-01   3.218593e-19   3.505126e-04   2.002769e-20   360
  4.500539e-01   3.522901e-19   2.073334e-04   1.720469e-20   384
  4.515004e-01   2.515820e-19   1.830116e-04   2.112855e-20   198
  4.521974e-01   2.925521e-19   2.080246e-04   1.351122e-20   552
  4.534970e-01   2.336821e-19   2.912202e-04   1.292151e-20   432
  4.545821e-01   4.146007e-19   1.112388e-08   3.719587e-20   168
  4.554927e-01   2.977731e-19   3.610065e-04   1.499426e-20   480
  4.566974e-01   3.111463e-19   0.000000e+00   2.506162e-20   120
  4.572396e-01   3.403824e-19   2.948545e-04   2.306308e-20   336
  4.585628e-01   2.895598e-19   2.080152e-04   1.281661e-20   672
  4.598711e-01   3.633236e-19   3.025866e-04   2.130763e-20   528
  4.604805e-01   1.681802e-19   9.082613e-09   1.527672e-20   168
  4.618883e-01   2.999745e-19   3.375333e-04   1.760517e-20   456
  4.627474e-01   3.501784e-19   2.061344e-04   4.188258e-20   168
  4.636392e-01   3.653584e-19   2.057643e-04   2.433901e-20   504
  4.651216e-01   2.253788e-19   2.647872e-04   1.661007e-20   336
  4.660180e-01   4.075178e-19   1.908802e-04   2.550345e-20   312
  4.670124e-01   3.559582e-19   1.865029e-04   2.192249e-20   504
  4.683210e-01   3.210625e-19   1.294009e-04   1.587249e-20   432
  4.689362e-01   2.795181e-19   1.999672e-04   1.649379e-20   312
  4.702151e-01   2.945495e-19   2.049761e-04   2.030992e-20   384
  4.715504e-01   2.398197e-19   1.741510e-04   2.713362e-20   126
  4.723748e-01   2.710634e-19   3.057676e-04   1.523622e-20   492
  4.734278e-01   3.184754e-19   1.958445e-04   1.900191e-20   528
  4.747438e-01   2.775948e-19   1.989360e-04   1.574724e-20   480
  4.755596e-01   3.413127e-19   2.748289e-04   1.929354e-20   432
  4.767402e-01   3.121449e-19   2.161166e-04   2.033357e-20   440
  4.781114e-01   3.217129e-19   1.074739e-04   1.844055e-20   312
  4.786259e-01   2.514922e-19   1.610586e-04   1.959707e-20   480
  4.796813e-01   2.932022e-19   3.153497e-04   1.829296e-20   408
  4.812233e-01   3.566633e-19   1.888588e-04   1.984346e-20   360
  4.818747e-01   2.701627e-19   1.822418e-04   1.749077e-20   408
  4.830820e-01   2.229640e-19   1.854542e-04   1.192920e-20   456
  4.844414e-01   3.635811e-19   1.772485e-04   2.176829e-20   264
  4.851959e-01   3.558440e-19   1.923591e-04   2.339297e-20   384
  4.862943e-01   2.982719e-19   3.238501e-04   1.763133e-20   672
  4.875640e-01   3.124495e-19   1.937042e-04   3.262288e-20   240
  4.882967e-01   2.946660e-19   1.965613e-04   2.094707e-20   264
  4.893308e-01   2.029040e-19   2.424259e-04   1.136477e-20   624
  4.908739e-01   2.015047e-19   0.000000e+00   2.270807e-20   150
  4.914232e-01   3.057925e-19   2.716574e-04   1.696528e-20   600
  4.925819e-01   2.887892e-19   1.874909e-04   1.561612e-20   672
  4.938939e-01   2.279571e-19   1.763484e-04   1.347318e-20   336
  4.946248e-01   2.976071e-19   1.918157e-04   2.004112e-20   408
  4.957926e-01   2.751431e-19   1.913639e-04   1.684224e-20   408
  4.970915e-01   3.154104e-19   9.676385e-05   1.931172e-20   360
  4.978921e-01   2.980696e-19   3.552857e-04   1.640723e-20   456
  4.988592e-01   2.816653e-19   1.932065e-04   1.845354e-20   384
  5.000902e-01   2.268082e-19   1.783541e-04   1.611196e-20   348
  5.007554e-01   2.706907e-19   2.198754e-04   1.584839e-20   576
  5.020050e-01   2.663779e-19   1.810385e-04   1.354597e-20   504
  5.032833e-01   2.902000e-19   2.553443e-04   1.902319e-20   432
  5.043991e-01   2.649848e-19   3.473946e-04   1.316226e-20   576
  5.051948e-01   2.132191e-19   0.000000e+00   1.660764e-20   264
  5.064571e-01   2.757711e-19   2.764393e-04   1.380460e-20   768
  5.075549e-01   2.034527e-19   3.721752e-04   1.399893e-20   240
  5.084277e-01   2.082760e-19   3.282233e-04   2.357671e-20   192
  5.096990e-01   2.625667e-19   2.416124e-04   1.389731e-20   504
  5.106418e-01   2.861175e-19   3.255818e-04   1.496725e-20   590
  5.115460e-01   2.445922e-19   3.647966e-04   1.596434e-20   384
  5.126798e-01   2.388328e-19   3.048625e-04   1.746004e-20   504
  5.140486e-01   2.378979e-19   2.933830e-04   1.211130e-20   648
  5.153764e-01   2.155946e-19   7.967896e-05   1.538632e-20   504
  5.159117e-01   2.704730e-19   1.817627e-04   1.928003e-20   312
  5.168569e-01   2.461540e-19   2.618753e-04   1.314120e-20   576
  5.181545e-01   2.646162e-19   1.822405e-04   2.509141e-20   240
  5.189109e-01   2.500602e-19   1.841453e-04   1.506042e-20   552
  5.199816e-01   2.576457e-19   1.729082e-04   1.459966e-20   600
  5.215067e-01   2.752604e-19   2.111937e-04   1.497235e-20   600
  5.224237e-01   2.643433e-19   3.382099e-04   1.974993e-20   312
  5.233368e-01   3.013332e-19   2.945474e-04   1.809400e-20   480
  5.244775e-01   2.438738e-19   1.837693e-04   1.670630e-20   576
  5.254818e-01   2.985868e-19   2.959085e-04   2.474312e-20   408
  5.263729e-01   1.153853e-19   3.451909e-04   9.889876e-21   216
  5.275243e-01   2.693100e-19   2.643774e-04   1.578668e-20   516
  5.287578e-01   2.679560e-19   2.522429e-04   1.412756e-20   744
  5.300304e-01   2.809142e-19   1.684760e-04   1.536963e-20   462
  5.307494e-01   1.559721e-19   1.712315e-04   9.692786e-21   432
  5.318647e-01   2.339185e-19   1.588547e-04   1.271797e-20   648
  5.331761e-01   2.378808e-19   2.324340e-04   1.425620e-20   528
  5.342295e-01   2.359697e-19   2.799086e-04   1.307116e-20   600
  5.352820e-01   3.274483e-19   3.528915e-04   2.250332e-20   240
  5.363014e-01   1.943271e-19   2.703115e-04   9.299357e-21   720
  5.374863e-01   2.703749e-19   2.138653e-04   1.244647e-20   720
  5.387997e-01   1.053608e-19   0.000000e+00   1.104804e-20   144
  5.394909e-01   2.635408e-19   2.757364e-04   1.180540e-20   720
  5.404742e-01   2.569678e-19   1.653370e-04   1.758417e-20   384
  5.417051e-01   2.434355e-19   1.832848e-04   1.469013e-20   672
  5.428730e-01   2.529524e-19   3.209115e-04   2.140613e-20   336
  5.434308e-01   2.348652e-19   0.000000e+00   2.540167e-20   288
  5.447967e-01   2.207365e-19   2.539800e-04   1.102869e-20   776
  5.460612e-01   2.249704e-19   2.173184e-04   1.143262e-20   720
  5.471231e-01   1.989788e-19   1.750659e-04   1.617959e-20   432
  5.479725e-01   2.668778e-19   2.495786e-04   2.055594e-20   504
  5.489174e-01   2.416125e-19   1.748652e-04   1.592004e-20   528
  5.502396e-01   1.711279e-19   2.382437e-04   1.195159e-20   438
  5.513273e-01   1.957486e-19   2.772938e-04   1.024836e-20   624
  5.521470e-01   2.288799e-19   3.396475e-04   1.860828e-20   312
  5.532738e-01   2.770459e-19   1.829935e-04   1.275000e-20   696
  5.544390e-01   2.358753e-19   1.655760e-04   1.335288e-20   552
  5.556509e-01   1.969303e-19   1.281006e-04   1.141710e-20   516
  5.564006e-01   2.570467e-19   2.558713e-04   1.608900e-20   528
  5.573133e-01   1.595939e-19   1.664001e-04   9.816382e-21   528
  5.586097e-01   2.047586e-19   2.194479e-04   1.033065e-20   864
  5.594897e-01   2.283867e-19   3.005985e-04   1.699465e-20   408
  5.603706e-01   3.026087e-19   2.978186e-04   2.614078e-20   192
  5.616191e-01   2.016199e-19   2.464592e-04   1.210546e-20   720
  5.626731e-01   2.113944e-19   2.272475e-04   1.118665e-20   696
  5.639255e-01   2.183735e-19   2.454294e-04   1.160969e-20   720
  5.650713e-01   2.402003e-19   3.326501e-04   1.631786e-20   432
  5.657395e-01   2.002894e-19   1.958109e-04   1.648112e-20   264
  5.669418e-01   2.184319e-19   2.704061e-04   1.169560e-20   672
  5.680171e-01   2.450733e-19   2.768544e-04   1.416527e-20   600
  5.692933e-01   1.305033e-19   1.620980e-04   1.004553e-20   270
  5.699366e-01   1.483658e-19   2.440026e-04   1.049739e-20   528
  5.709591e-01   2.258835e-19   1.670843e-04   1.112737e-20   840
  5.723613e-01   2.162688e-19   3.194952e-04   9.817643e-21   888
  5.736568e-01   1.713043e-19   2.380474e-04   8.893143e-21   744
  5.747517e-01   2.823614e-19   1.223216e-04   2.101442e-20   456
  5.752963e-01   3.102415e-19   1.671601e-04   1.714818e-20   360
  5.762282e-01   1.269561e-19   1.448348e-04   9.332090e-21   384
  5.776580e-01   2.059945e-19   2.323137e-04   1.103476e-20   816
  5.787308e-01   2.069291e-19   3.370546e-04   9.851321e-21   824
  5.800348e-01   1.991406e-19   1.566791e-04   1.661749e-20   360
  5.807331e-01   2.720629e-19   2.311994e-04   1.443372e-20   624
  5.816941e-01   2.375081e-19   1.562320e-04   1.666052e-20   360
  5.829744e-01   1.942877e-19   2.125215e-04   1.073499e-20   876
  5.841306e-01   2.077080e-19   2.524119e-04   1.330993e-20   696
  5.852967e-01   2.017947e-19   1.629911e-04   1.781574e-20   336
  5.859080e-01   2.372280e-19   1.628079e-04   1.909393e-20   504
  5.869176e-01   1.917848e-19   1.642187e-04   1.349311e-20   672
  5.884155e-01   1.948463e-19   3.269213e-04   9.995253e-21   720
  5.894543e-01   1.719373e-19   2.469541e-04   9.962942e-21   774
  5.906010e-01   1.488611e-19   1.413501e-04   1.210759e-20   384
  5.912015e-01   2.594927e-19   2.720183e-04   1.757390e-20   528
  5.921335e-01   2.020227e-19   2.592486e-04   1.089831e-20   744
  5.936327e-01   2.816276e-19   2.138251e-04   1.521064e-20   768
  5.946281e-01   1.446953e-19   2.400348e-04   9.564999e-21   552
  5.958700e-01   1.924334e-19   2.616108e-04   1.083837e-20   696
  5.967938e-01   2.336509e-19   3.179026e-04   1.827037e-20   408
  5.975272e-01   2.227480e-19   1.373364e-04   1.481869e-20   504
  5.986899e-01   2.145157e-19   2.467198e-04   1.219863e-20   888
  5.998339e-01   1.704953e-19   2.564132e-04   1.095930e-20   648
  6.010230e-01   1.647287e-19   2.542153e-04   8.709687e-21   648
  6.021418e-01   1.862019e-19   2.741064e-04   1.140132e-20   792
  6.033268e-01   1.818492e-19   4.010364e-04   1.285516e-20   600
  6.042000e-01   1.637919e-19   2.717856e-04   1.263439e-20   456
  6.051191e-01   1.965506e-19   1.324567e-04   1.207078e-20   648
  6.062996e-01   1.673175e-19   2.583099e-04   8.354127e-21   936
  6.075741e-01   2.587847e-19   1.586356e-04   1.594888e-20   384
  6.086836e-01   2.565027e-20   0.000000e+00   2.554444e-21   198
  6.095398e-01   2.361235e-20   4.024720e-04   9.296464e-22   1224
  6.104634e-01   2.828568e-20   2.931235e-04   1.655688e-21   420
  6.115558e-01   2.372700e-20   2.836822e-04   1.128081e-21   792
  6.126238e-01   2.105438e-20   2.345810e-04   1.007681e-21   680
  6.138428e-01   2.028598e-20   2.154033e-04   1.160740e-21   600
  6.148235e-01   1.853164e-20   3.123938e-04   8.574627e-22   840
  6.161330e-01   1.751873e-20   1.474979e-04   9.040565e-22   432
  6.166334e-01   2.036670e-20   1.382250e-04   9.609352e-22   720
  6.177213e-01   1.717216e-20   2.768404e-04   7.444475e-22   960
  6.190745e-01   1.579739e-20   2.467829e-04   9.507613e-22   528
  6.200634e-01   1.921062e-20   2.522592e-04   1.194750e-21   624
  6.212404e-01   1.674735e-20   1.982740e-04   7.542007e-22   816
  6.224086e-01   1.507448e-20   3.260658e-04   7.437995e-22   696
  6.236996e-01   1.198389e-20   1.798266e-08   7.951456e-22   240
  6.241851e-01   1.689114e-20   1.922888e-04   8.391340e-22   672
  6.252686e-01   1.374586e-20   3.436476e-04   6.607497e-22   864
  6.264840e-01   9.772536e-21   2.636938e-04   3.851971e-22   816
  6.275795e-01   1.104368e-20   1.509292e-04   6.052424e-22   648
  6.287594e-01   1.594112e-20   1.542771e-04   8.145752e-22   843
  6.297611e-01   1.337097e-20   2.775825e-04   7.823988e-22   780
  6.309548e-01   1.192058e-20   1.489456e-04   1.250213e-21   216
  6.316911e-01   1.249080e-20   3.591661e-04   6.148142e-22   1056
  6.328235e-01   9.122549e-21   2.938382e-04   9.637875e-22   228
  6.338720e-01   1.444341e-20   3.658358e-04   7.918010e-22   924
  6.349484e-01   1.156814e-20   1.357046e-04   5.409925e-22   696
  6.360882e-01   9.974303e-21   2.415153e-04   5.412473e-22   996
  6.372543e-01   7.670611e-21   1.425858e-04   5.120814e-22   576
  6.384675e-01   1.162731e-20   2.200718e-04   1.101749e-21   552
  6.393519e-01   1.138577e-20   2.627580e-04   6.659391e-22   516
  6.402494e-01   1.066762e-20   3.821047e-04   6.686494e-22   744
  6.412749e-01   5.659840e-21   1.874451e-04   3.059891e-22   576
  6.421669e-01   7.186284e-21   1.929285e-04   3.703161e-22   792
  6.434346e-01   8.206478e-21   2.205530e-04   5.231870e-22   792
  6.443636e-01   8.300481e-21   2.378641e-04   5.035198e-22   720
  6.456200e-01   7.070506e-21   2.711104e-04   3.419210e-22   656
  6.467974e-01   7.016132e-21   2.960385e-04   3.483094e-22   816
  6.480043e-01   7.902086e-21   1.596190e-04   6.117672e-22   492
  6.486903e-01   7.364138e-21   2.296231e-04   4.266447e-22   552
  6.499778e-01   5.155981e-21   3.992867e-04   2.997898e-22   780
  6.508139e-01   5.873594e-21   2.452771e-04   3.686091e-22   528
  6.517148e-01   4.453087e-21   2.863130e-04   2.841855e-22   600
  6.530425e-01   5.990179e-21   2.379487e-04   2.480025e-22   900
  6.539577e-01   5.465723e-21   1.317325e-04   2.966009e-22   696
  6.552168e-01   4.294482e-21   3.330907e-04   2.513050e-22   696
  6.564349e-01   2.891890e-21   1.351317e-04   1.122391e-22   552
  6.574592e-01   4.183255e-21   1.571457e-04   2.069405e-22   708
  6.585322e-01   4.375555e-21   2.594565e-04   2.140468e-22   876
  6.596487e-01   5.084594e-21   1.377663e-04   5.019132e-22   216
  6.603980e-01   4.472612e-21   3.768094e-04   1.856644e-22   1032
  6.615201e-01   3.176185e-21   4.195357e-04   1.941007e-22   600
  6.626848e-01   2.553578e-21   2.001869e-04   1.214380e-22   600
  6.635732e-01   3.953229e-21   3.535112e-04   1.955526e-22   528
  6.646233e-01   3.592461e-21   1.940622e-04   2.144627e-22   732
  6.657296e-01   4.431805e-21   1.432973e-04   3.328854e-22   336
  6.670031e-01   3.269233e-21   2.042271e-04   1.611635e-22   912
  6.679548e-01   2.066733e-21   2.049821e-04   7.609927e-23   624
  6.689946e-01   3.150216e-21   1.727341e-04   1.474577e-22   768
  6.702082e-01   2.524069e-21   3.116463e-04   9.517016e-23   792
  6.713995e-01   2.833899e-21   1.545014e-04   1.532703e-22   660
  6.722471e-01   2.779089e-21   2.276826e-04   1.942696e-22   504
  6.731238e-01   2.058414e-21   3.719898e-04   1.017469e-22   480
  6.744376e-01   1.933333e-21   3.440421e-04   7.771421e-23   912
  6.754664e-01   2.452426e-21   3.831443e-04   1.531882e-22   432
  6.764380e-01   2.721049e-21   2.275021e-04   1.595467e-22   564
  6.773006e-01   2.034849e-21   2.177508e-04   7.322778e-23   600
  6.785149e-01   2.456351e-21   3.035240e-04   1.007131e-22   876
  6.794272e-01   2.236301e-21   1.364735e-04   1.685237e-22   264
  6.806846e-01   1.808666e-21   2.648123e-04   1.139240e-22   560
  6.816953e-01   1.831830e-21   1.799457e-04   7.762094e-23   840
  6.829222e-01   1.592409e-21   2.774244e-04   7.558273e-23   1008
  6.840568e-01   1.182319e-21   1.241010e-04   4.647659e-23   456
  6.850930e-01   2.011694e-21   1.607553e-04   1.017998e-22   576
  6.860509e-01   1.699316e-21   2.470177e-04   7.649349e-23   612
  6.873140e-01   1.677451e-21   2.206269e-04   7.692820e-23   780
  6.883444e-01   1.448735e-21   2.528284e-04   6.103586e-23   648
  6.893992e-01   1.693754e-21   1.178213e-04   1.132631e-22   312
  6.900734e-01   1.292361e-21   2.993645e-04   5.879917e-23   528
  6.912414e-01   1.186505e-21   3.909551e-04   4.256859e-23   720
  6.923583e-01   1.605745e-21   3.921794e-04   8.946260e-23   576
  6.937124e-01   1.375093e-21   3.383053e-04   6.611869e-23   444
  6.945549e-01   1.259708e-21   3.317685e-04   4.230780e-23   996
  6.955874e-01   1.107225e-21   2.771265e-04   6.953593e-23   432
  6.965633e-01   1.334401e-21   3.033990e-04   7.181474e-23   504
  6.974062e-01   7.960143e-22   1.367883e-04   2.655954e-23   504
  6.986065e-01   1.338561e-21   2.692009e-04   5.027741e-23   876
  6.996926e-01   1.045576e-21   3.098246e-04   6.190789e-23   504
  7.008236e-01   9.667353e-22   1.975899e-04   4.401368e-23   696
  7.017583e-01   1.027173e-21   1.689187e-04   4.391708e-23   492
  7.030300e-01   9.094524e-22   2.418152e-04   4.497256e-23   432
  7.039719e-01   1.069347e-21   2.264335e-04   4.221782e-23   768
  7.050885e-01   9.704388e-22   2.820533e-04   4.299546e-23   648
  7.061547e-01   8.404743e-22   1.840095e-04   4.186074e-23   456
  7.073798e-01   9.796131e-22   2.530430e-04   4.418683e-23   552
  7.082306e-01   8.116925e-22   1.734358e-04   3.200728e-23   648
  7.094016e-01   6.640240e-22   2.826907e-04   2.218608e-23   840
  7.105454e-01   7.622817e-22   1.348092e-04   3.212189e-23   432
  7.116906e-01   8.666639e-22   1.651183e-04   4.484499e-23   600
  7.124870e-01   8.514584e-22   1.759227e-04   4.438987e-23   432
  7.138248e-01   7.935948e-22   1.751482e-04   3.173743e-23   560
  7.147308e-01   6.081388e-22   2.772412e-04   1.763182e-23   840
  7.158652e-01   6.526286e-22   1.642140e-04   3.310225e-23   504
  7.167662e-01   5.986483e-22   3.351509e-04   2.001017e-23   696
  7.180362e-01   7.734013e-22   1.830475e-04   3.821619e-23   384
  7.190254e-01   5.372898e-22   2.681431e-04   1.905353e-23   576
  7.202219e-01   5.519844e-22   1.654845e-04   2.170593e-23   360
  7.211864e-01   6.265928e-22   2.464465e-04   2.343728e-23   828
  7.222268e-01   5.149344e-22   2.195064e-04   2.354068e-23   372
  7.231800e-01   5.497611e-22   3.352284e-04   2.145231e-23   576
  7.244428e-01   5.778464e-22   1.403933e-04   2.361052e-23   636
  7.253425e-01   5.582756e-22   2.706420e-04   2.424124e-23   648
  7.265596e-01   4.649027e-22   2.200024e-04   1.768450e-23   576
  7.274333e-01   5.051698e-22   3.548870e-04   2.049972e-23   528
  7.285953e-01   5.029657e-22   1.517289e-04   2.556941e-23   360
  7.295571e-01   4.282253e-22   3.490332e-04   1.410685e-23   672
  7.308130e-01   5.209751e-22   1.787806e-04   1.618690e-23   804
  7.318582e-01   4.457382e-22   1.972163e-04   2.270461e-23   408
  7.330145e-01   5.789578e-22   1.219011e-04   2.886126e-23   384
  7.337931e-01   3.723941e-22   2.789567e-04   1.617259e-23   480
  7.348913e-01   4.199062e-22   1.802469e-04   2.077705e-23   432
  7.359446e-01   4.162393e-22   3.321566e-04   1.397677e-23   648
  7.371913e-01   3.656196e-22   2.061016e-04   1.220493e-23   624
  7.381033e-01   3.957002e-22   1.874668e-04   1.942105e-23   456
  7.393486e-01   3.490101e-22   2.560963e-04   1.299908e-23   588
  7.401831e-01   3.202256e-22   1.633884e-04   1.046838e-23   600
  7.414016e-01   3.789993e-22   2.548458e-04   1.366639e-23   708
  7.423640e-01   3.663710e-22   1.605479e-04   1.855275e-23   360
  7.434275e-01   3.440884e-22   1.845541e-04   1.334085e-23   552
  7.444470e-01   3.082435e-22   1.294691e-04   1.434187e-23   288
  7.454820e-01   3.226845e-22   2.434372e-04   1.169951e-23   528
  7.464545e-01   3.503960e-22   1.642340e-04   1.280990e-23   456
  7.475410e-01   3.547285e-22   2.912225e-04   1.454688e-23   608
  7.486338e-01   2.672150e-22   1.408967e-04   8.777762e-24   504
  7.498278e-01   2.463970e-22   3.024972e-04   8.159163e-24   540
  7.507642e-01   2.779551e-22   3.247222e-04   1.179865e-23   360
  7.517735e-01   2.998540e-22   1.470509e-04   1.085765e-23   540
  7.526661e-01   2.727832e-22   1.262606e-04   9.808133e-24   576
  7.539642e-01   2.652210e-22   2.927555e-04   9.353443e-24   588
  7.551985e-01   2.422364e-22   4.039143e-04   7.218965e-24   672
  7.562588e-01   2.719306e-22   3.087151e-04   1.039943e-23   552
  7.571135e-01   2.684897e-22   3.088712e-04   1.862893e-23   144
  7.582042e-01   2.717597e-22   2.624178e-04   9.851774e-24   600
  7.592383e-01   2.174279e-22   3.288668e-04   7.268472e-24   504
  7.603860e-01   2.243024e-22   3.378126e-04   1.007766e-23   336
  7.615932e-01   2.416841e-22   3.797028e-04   9.122504e-24   600
  7.626744e-01   2.202181e-22   2.450478e-04   7.834863e-24   636
  7.638413e-01   2.172860e-22   1.970206e-04   1.066733e-23   384
  7.646595e-01   1.963541e-22   2.748205e-04   7.554460e-24   504
  7.658387e-01   1.615743e-22   1.153383e-04   7.763904e-24   240
  7.667694e-01   2.143107e-22   2.709461e-04   6.474785e-24   744
  7.678860e-01   1.988146e-22   1.850150e-04   6.866469e-24   648
  7.688783e-01   2.569541e-22   1.228185e-04   1.909351e-23   120
  7.700414e-01   1.952670e-22   1.929319e-04   6.251166e-24   564
  7.709202e-01   1.992742e-22   3.030111e-04   1.008175e-23   432
  7.720932e-01   2.066565e-22   2.351965e-04   8.373321e-24   480
  7.729764e-01   1.528942e-22   1.731106e-04   5.648037e-24   456
  7.740189e-01   1.812849e-22   2.864725e-04   6.595658e-24   444
  7.752020e-01   1.672198e-22   4.383180e-04   6.072503e-24   528
  7.762412e-01   1.808736e-22   3.255297e-04   8.777150e-24   264
  7.772498e-01   1.778567e-22   3.336195e-04   7.705023e-24   444
  7.786065e-01   1.773674e-22   3.654311e-04   5.507081e-24   696
  7.797327e-01   1.609307e-22   1.954448e-04   7.626255e-24   384
  7.805563e-01   1.620961e-22   2.469609e-04   7.321181e-24   432
  7.818373e-01   1.483129e-22   1.706384e-04   5.591642e-24   488
  7.826690e-01   1.678768e-22   2.571733e-04   6.679688e-24   480
  7.838749e-01   1.341169e-22   2.868014e-04   5.082422e-24   480
  7.848089e-01   1.705056e-22   1.203331e-04   7.970486e-24   240
  7.858692e-01   1.704069e-22   2.810886e-04   7.082881e-24   600
  7.868694e-01   1.311483e-22   2.449399e-04   6.158019e-24   288
  7.879343e-01   1.697752e-22   2.356143e-04   6.883071e-24   480
  7.890129e-01   1.398141e-22   4.191157e-04   4.864141e-24   504
  7.900748e-01   1.734777e-22   1.798267e-04   9.847634e-24   216
  7.914291e-01   1.200316e-22   2.944050e-04   4.185691e-24   504
  7.924838e-01   1.192705e-22   2.367912e-04   4.263447e-24   456
  7.936384e-01   1.515142e-22   1.358038e-04   6.157169e-24   384
  7.944031e-01   1.353571e-22   2.756326e-04   4.824942e-24   480
  7.954897e-01   1.118971e-22   2.420363e-04   3.528180e-24   504
  7.964966e-01   1.151804e-22   1.535327e-04   5.022453e-24   312
  7.975815e-01   1.354212e-22   2.474127e-04   5.249055e-24   492
  7.985417e-01   1.219086e-22   2.318919e-04   5.469145e-24   312
  7.997779e-01   1.178509e-22   3.766899e-04   3.976962e-24   576
  8.008661e-01   1.171697e-22   3.477153e-04   5.462307e-24   336
  8.017699e-01   1.035591e-22   2.677247e-04   5.506258e-24   240
  8.030228e-01   1.159407e-22   3.549351e-04   4.210452e-24   468
  8.041047e-01   1.405547e-22   2.222407e-04   8.750698e-24   192
  8.052370e-01   1.140911e-22   2.229031e-04   5.656205e-24   324
  8.060669e-01   9.819832e-23   1.617794e-04   3.693236e-24   600
  8.071978e-01   1.053647e-22   2.624704e-04   4.075513e-24   456
  8.080377e-01   9.447492e-23   1.180592e-04   5.132599e-24   336
  8.094297e-01   1.095528e-22   3.535027e-04   3.807084e-24   612
  8.104424e-01   9.196365e-23   2.966749e-04   6.816098e-24   144
  8.114002e-01   1.071453e-22   3.462957e-04   3.574701e-24   552
  8.127025e-01   9.851807e-23   1.363755e-04   5.043849e-24   264
  8.134384e-01   9.646682e-23   3.157441e-04   3.904929e-24   336
  8.145992e-01   9.804276e-23   2.086329e-04   4.210639e-24   384
  8.156059e-01   9.742614e-23   1.174397e-04   5.029838e-24   216
  8.167203e-01   9.462362e-23   2.489964e-04   5.008466e-24   344
  8.177364e-01   8.658131e-23   3.715143e-04   3.686771e-24   408
  8.189746e-01   7.099911e-23   2.854845e-04   4.122883e-24   264
  8.200718e-01   7.300470e-23   3.979796e-04   2.444124e-24   612
  8.211681e-01   1.070603e-22   2.048307e-04   4.166701e-24   408
  8.222956e-01   7.303331e-23   2.051251e-04   2.939408e-24   444
  8.231239e-01   1.152567e-22   1.147249e-04   7.774291e-24   120
  8.242338e-01   9.329771e-23   3.169640e-04   3.906236e-24   336
  8.250576e-01   7.983802e-23   1.101437e-04   4.855833e-24   288
  8.261708e-01   9.054161e-23   3.427692e-04   3.353259e-24   552
  8.277012e-01   7.913582e-23   0.000000e+00   9.207065e-24   72
  8.284882e-01   8.867577e-23   3.404572e-04   3.774808e-24   504
  8.294074e-01   6.442381e-23   1.095558e-04   3.798715e-24   216
  8.305983e-01   7.474556e-23   1.956043e-04   4.209038e-24   312
  8.316675e-01   8.219140e-23   2.227263e-04   3.738273e-24   336
  8.326865e-01   7.450336e-23   3.087236e-04   5.752697e-24   204
  8.337014e-01   7.718391e-23   3.587838e-04   3.328601e-24   504
  8.347777e-01   7.331548e-23   3.416652e-04   3.361136e-24   396
  8.358127e-01   7.808586e-23   3.133249e-04   3.983029e-24   312
  8.370674e-01   7.673451e-23   1.914750e-04   4.349062e-24   216
  8.379516e-01   9.056645e-23   1.039172e-04   8.270205e-24   168
  8.390260e-01   7.436839e-23   2.623966e-04   2.524382e-24   588
  8.402521e-01   6.191962e-23   3.561727e-04   3.349885e-24   240
  8.412047e-01   6.370960e-23   3.145601e-04   4.504148e-24   264
  8.423219e-01   6.682113e-23   3.890183e-04   4.270159e-24   288
  8.433131e-01   8.124848e-23   1.942596e-04   5.527145e-24   288
  8.445693e-01   6.076254e-23   1.824406e-04   2.739342e-24   288
  8.454153e-01   7.530248e-23   2.113423e-04   5.864658e-24   192
  8.464795e-01   5.703770e-23   2.248894e-04   3.172646e-24   264
  8.474933e-01   7.525707e-23   3.699119e-04   4.120773e-24   372
  8.485844e-01   6.640028e-23   3.995208e-04   3.667462e-24   360
  8.499161e-01   7.762700e-23   1.690810e-04   5.566963e-24   144
  8.506044e-01   4.784794e-23   2.348461e-04   2.770248e-24   296
  8.516909e-01   6.513888e-23   2.530345e-04   4.474949e-24   288
  8.529347e-01   7.058556e-23   3.781537e-04   3.151465e-24   480
  8.540076e-01   4.034338e-23   3.142096e-04   3.287332e-24   192
  8.550509e-01   7.819361e-23   3.370327e-04   4.843425e-24   192
  8.559992e-01   5.810269e-23   2.147949e-04   3.876242e-24   288
  8.573180e-01   3.984182e-23   1.869760e-04   3.431357e-24   108
  8.579823e-01   6.939534e-23   1.797545e-04   3.626721e-24   240
  8.591554e-01   5.877814e-23   3.353363e-04   3.414539e-24   384
  8.603605e-01   7.146388e-23   4.090722e-04   6.949623e-24   108
  8.614261e-01   6.468205e-23   2.398466e-04   3.140057e-24   348
  8.625466e-01   4.060182e-23   2.503134e-04   2.306850e-24   312
  8.635474e-01   2.458220e-23   2.432319e-04   2.560596e-24   96
  8.644677e-01   6.203980e-23   3.238194e-04   3.253827e-24   384
  8.654984e-01   6.408695e-23   2.227222e-04   6.100832e-24   144
  8.665066e-01   6.117796e-23   3.422225e-04   3.341669e-24   408
  8.677598e-01   4.223079e-23   1.526554e-04   4.014933e-24   144
  8.689437e-01   4.679212e-23   2.934816e-04   3.735219e-24   192
  8.696459e-01   8.602464e-23   3.303190e-04   7.917062e-24   144
  8.707904e-01   5.193948e-23   2.685615e-04   4.002117e-24   144
  8.718702e-01   6.086522e-23   3.282257e-04   3.136909e-24   336
  8.731927e-01   4.213712e-23   2.428454e-04   2.774632e-24   240
  8.740312e-01   4.880920e-23   1.102739e-04   5.014342e-24   96
  8.752007e-01   5.027273e-23   3.233803e-04   3.338283e-24   372
  8.763838e-01   3.822922e-23   3.846540e-04   3.282486e-24   132
  8.774230e-01   4.348513e-23   2.380193e-04   2.808235e-24   264
  8.783527e-01   5.880520e-23   1.827880e-04   3.776023e-24   168
  8.793449e-01   6.213502e-23   2.922429e-04   4.302221e-24   216
  8.802213e-01   3.771784e-23   1.787978e-04   2.942383e-24   216
  8.814979e-01   3.373211e-23   3.280196e-04   3.320521e-24   96
  8.826561e-01   5.320074e-23   2.140028e-04   5.562588e-24   120
  8.837183e-01   4.893075e-23   2.720578e-04   3.547900e-24   216
  8.845934e-01   4.480427e-23   1.188902e-04   3.982451e-24   200
  8.857519e-01   4.548857e-23   3.077557e-04   3.709609e-24   288
  8.872378e-01   2.250816e-23   8.097649e-05   2.195386e-24   144
  8.878635e-01   5.867621e-23   2.519939e-04   7.770654e-24   168
  8.891412e-01   3.990382e-23   2.835956e-04   3.445563e-24   159
  8.901386e-01   3.967287e-23   2.975600e-04   3.216105e-24   174
  8.911039e-01   4.021719e-23   2.698170e-04   3.248717e-24   144
  8.923678e-01   4.935861e-23   1.557998e-04   3.333975e-24   222
  8.932131e-01   3.950287e-23   1.572158e-04   3.534780e-24   168
  8.946732e-01   6.055053e-23   3.448346e-04   1.172799e-23   30
  8.952763e-01   1.691744e-23   3.044637e-04   1.955780e-24   72
  8.964123e-01   3.656661e-23   2.717302e-04   3.243567e-24   258
  8.976612e-01   3.161867e-23   1.701916e-04   2.568600e-24   264
  8.982857e-01   4.065841e-23   1.835347e-08   6.323107e-24   72
  8.995871e-01   2.168672e-23   3.373270e-04   2.178706e-24   174
  9.007654e-01   3.782150e-23   3.591909e-04   4.339069e-24   168
  9.017127e-01   1.153562e-23   1.123916e-08   1.286836e-24   48
  9.027297e-01   2.098454e-23   2.028435e-04   1.921319e-24   150
  9.039088e-01   5.721554e-23   3.731453e-04   4.353676e-24   168
  9.050911e-01   3.048457e-23   2.273028e-04   2.482871e-24   144
  9.061784e-01   3.773384e-23   2.123525e-04   5.984156e-24   102
  9.069882e-01   1.258262e-23   3.143182e-04   1.195941e-24   96
  9.082731e-01   1.245025e-23   3.119397e-04   9.682291e-25   120
  9.092246e-01   1.159452e-23   3.345635e-04   7.971113e-25   168
  9.102538e-01   5.110987e-23   2.470487e-04   4.402041e-24   126
  9.111308e-01   2.696662e-23   1.863241e-04   3.093420e-24   168
  9.123389e-01   1.515209e-23   2.987709e-04   1.916930e-24   72
  9.133947e-01   1.578511e-23   3.741278e-04   1.232223e-24   168
  9.143196e-01   3.754154e-23   1.025668e-04   6.416974e-24   78
  9.155870e-01   1.228127e-23   1.684070e-04   1.209736e-24   60
  9.166075e-01   5.596074e-23   2.731835e-04   8.398641e-24   96
  9.176659e-01   2.171565e-23   3.314854e-04   1.700477e-24   168
  9.186605e-01   1.900672e-23   2.097511e-04   3.077802e-24   86
  9.197042e-01   9.534708e-24   1.874678e-04   1.400594e-24   120
  9.212002e-01   1.560531e-23   1.336894e-04   1.242580e-24   168
  9.220069e-01   9.661050e-24   0.000000e+00   1.136611e-24   48
  9.230934e-01   3.293374e-23   2.435676e-04   3.518965e-24   120
  9.237177e-01   2.042312e-23   1.776924e-04   2.790640e-24   126
  9.252418e-01   2.164657e-23   3.125113e-04   2.098602e-24   96
  9.262310e-01   1.822100e-23   9.011285e-05   1.736869e-24   96
  9.270111e-01   9.961752e-24   1.059638e-08   7.452064e-25   72
  9.286731e-01   1.227434e-23   1.123916e-08   1.569840e-24   24
  9.297104e-01   2.156701e-23   1.854501e-04   2.030677e-24   120
  9.305196e-01   1.615335e-23   2.705147e-04   1.949837e-24   126
  9.314194e-01   8.363611e-24   2.255107e-04   9.611389e-25   96
  9.324708e-01   4.818075e-24   3.897482e-04   4.029697e-25   72
  9.336415e-01   1.112475e-23   1.685792e-04   9.483889e-25   144
  9.346046e-01   1.251092e-23   9.723254e-05   1.421631e-24   72
  9.355666e-01   1.899155e-23   1.942081e-04   4.066785e-24   54
  9.364132e-01   1.974290e-23   1.711436e-04   2.609594e-24   108
  9.381728e-01   2.004665e-23   1.677650e-04   1.862297e-24   72
  9.387206e-01   1.765573e-23   9.680617e-05   2.218072e-24   72
  9.400202e-01   9.705888e-24   1.946680e-08   1.565120e-24   24
  9.412498e-01   3.304826e-24   2.047976e-04   4.427991e-25   48
  9.419964e-01   1.432847e-23   1.560029e-04   2.358909e-24   102
  9.431203e-01   8.916016e-24   3.528137e-04   8.967531e-25   168
  9.445889e-01   5.815425e-24   1.924163e-04   5.545317e-25   72
  9.451330e-01   6.798388e-24   0.000000e+00   9.254618e-25   48
  9.462744e-01   1.161159e-23   3.309678e-04   1.036789e-24   120
  9.477807e-01   9.347482e-24   2.033864e-04   6.005589e-25   96
  9.492033e-01   2.051015e-23   1.798266e-08   6.899457e-24   30
  9.508942e-01   2.001422e-23   9.555995e-05   2.585838e-24   72
  9.516372e-01   7.716426e-24   1.123916e-08   1.644250e-24   24
  9.525916e-01   2.613914e-24   1.416435e-04   2.198811e-25   56
  9.536606e-01   2.827228e-24   2.021324e-04   2.174832e-25   96
  9.549399e-01   8.322955e-24   2.232036e-04   8.689816e-25   144
  9.559263e-01   1.214309e-23   1.267263e-04   3.920787e-24   54
  9.573592e-01   6.837105e-24   1.898493e-04   5.097134e-25   108
  9.588012e-01   1.896508e-23   1.005243e-04   3.081757e-24   48
  9.601739e-01   7.655740e-24   3.785063e-04   6.299207e-25   72
  9.634680e-01   1.479713e-23   2.500803e-04   2.215766e-24   78
  9.643808e-01   1.998394e-24   1.884669e-04   1.439691e-25   72
  9.654462e-01   3.645006e-24   1.882329e-04   4.355320e-25   72
  9.665603e-01   7.114197e-24   4.542266e-04   1.002083e-24   96
  9.674408e-01   4.244118e-24   1.878449e-04   3.135330e-25   72
  9.685029e-01   5.561604e-24   0.000000e+00   8.785517e-25   24
  9.695638e-01   7.536898e-24   3.748416e-04   6.064411e-25   72
  9.719599e-01   8.008594e-24   2.380359e-04   1.482957e-24   30
  9.724755e-01   9.550550e-24   0.000000e+00   1.509054e-24   24
  9.752466e-01   1.530586e-24   1.976584e-04   1.243681e-25   48
  9.761159e-01   4.994666e-24   4.253608e-04   8.303532e-25   120
  9.772870e-01   2.510989e-24   1.859776e-04   2.160413e-25   72
  9.784697e-01   2.892209e-24   1.857528e-04   4.213592e-25   36
  9.792826e-01   5.386325e-24   3.671339e-04   8.656606e-25   78
  9.815513e-01   6.670760e-24   1.963888e-04   7.412122e-25   48
  9.844928e-01   1.006388e-23   1.589457e-08   7.994746e-25   24
  9.865884e-01   1.241680e-24   1.367612e-04   1.619460e-25   56
  9.876436e-01   1.944581e-24   2.104496e-04   1.984528e-25   102
  9.889860e-01   2.971202e-24   1.498555e-08   2.585472e-25   72
  9.897653e-01   4.007780e-24   1.123916e-08   8.317873e-25   24
  9.911277e-01   2.936081e-24   1.944913e-04   3.118320e-25   48
  9.936528e-01   4.309312e-24   0.000000e+00   8.977875e-25   24
  9.967520e-01   5.730087e-24   0.000000e+00   1.681279e-24   6
  9.977185e-01   1.051445e-24   0.000000e+00   1.366394e-25   24
  9.983623e-01   1.202699e-24   1.820511e-04   9.116760e-26   72
  9.995384e-01   1.573706e-24   3.396336e-04   1.123553e-25   84
  1.000805e+00   3.250552e-24   0.000000e+00   6.595448e-25   24
  1.001190e+00   3.052143e-24   1.589457e-08   3.151474e-25   24
  1.003114e+00   4.666513e-24   1.946680e-08   7.031346e-25   24
  1.005800e+00   2.534994e-24   0.000000e+00   3.680728e-25   6
  1.009244e+00   8.503510e-25   1.910001e-04   1.216123e-25   48
  1.010072e+00   9.747379e-25   3.598129e-04   8.012731e-26   72
  1.011152e+00   1.578561e-24   1.906396e-04   1.636225e-25   48
  1.012867e+00   3.658856e-24   0.000000e+00   5.843659e-25   24
  1.015148e+00   7.077709e-24   0.000000e+00   1.523704e-24   6
  1.020262e+00   5.718336e-25   0.000000e+00   1.283389e-25   8
  1.020640e+00   8.557259e-25   1.123916e-08   7.541248e-26   48
  1.021546e+00   1.042581e-24   1.848806e-04   1.010352e-25   60
  1.022904e+00   1.988632e-24   0.000000e+00   3.895876e-25   24
  1.024787e+00   2.786878e-24   0.000000e+00   6.509277e-25   6
  1.031723e+00   6.605813e-25   0.000000e+00   9.302883e-26   24
  1.032283e+00   9.136474e-25   1.867372e-04   8.877825e-26   48
  1.033217e+00   1.067459e-24   0.000000e+00   2.201406e-25   24
  1.034708e+00   5.519132e-25   0.000000e+00   1.621487e-25   6
  1.043181e+00   5.601301e-25   1.742080e-04   5.692302e-26   36
  1.043797e+00   6.480460e-25   0.000000e+00   8.771404e-26   24
  1.044904e+00   1.424806e-24   0.000000e+00   4.950097e-25   6
  1.054545e+00   3.343800e-25   1.583190e-04   3.542940e-26   32
  1.055367e+00   3.954008e-25   0.000000e+00   1.583930e-25   6
  1.065728e+00   4.022604e-25   0.000000e+00   7.318510e-26   12
  1.066089e+00   5.680810e-25   0.000000e+00   1.432705e-25   6
  1.077063e+00   9.384104e-26   0.000000e+00   2.438848e-26   6
