# power spectrum of phi
# redshift z=9.995300
# k              Pk             sigma(k)       sigma(Pk)      count
  1.963495e-02   1.683995e-10   0.000000e+00   6.789327e-11   6
  2.776802e-02   6.852894e-11   0.000000e+00   1.368337e-11   12
  3.400874e-02   3.913600e-11   3.725290e-10   8.029444e-12   8
  3.926991e-02   1.088358e-10   0.000000e+00   1.171578e-11   6
  4.390509e-02   6.424645e-11   7.024475e-10   2.048335e-11   24
  4.809562e-02   8.127658e-11   7.024475e-10   1.381950e-11   24
  5.553604e-02   3.078503e-11   0.000000e+00   1.380034e-11   12
  5.890486e-02   3.384461e-11   7.947286e-10   6.118154e-12   30
  6.209118e-02   4.184342e-11   0.000000e+00   9.179683e-12   24
  6.512178e-02   3.598035e-11   1.216675e-09   8.955036e-12   24
  6.801748e-02   3.897273e-11   7.450581e-10   7.813110e-12   8
  7.079483e-02   3.234053e-11   9.934107e-10   4.084761e-12   24
  7.346727e-02   2.898925e-11   0.000000e+00   4.103891e-12   48
  7.853982e-02   3.316394e-11   0.000000e+00   1.458907e-11   6
  8.095699e-02   2.436328e-11   9.934107e-10   3.426763e-12   48
  8.330406e-02   2.187024e-11   9.365966e-10   2.317518e-12   36
  8.558678e-02   2.902299e-11   9.934107e-10   6.134849e-12   24
  8.781018e-02   1.680761e-11   1.404895e-09   2.822628e-12   24
  8.997866e-02   1.423196e-11   0.000000e+00   1.908646e-12   48
  9.209610e-02   1.987399e-11   1.404895e-09   2.822765e-12   24
  9.619124e-02   1.555602e-11   1.404895e-09   2.409378e-12   24
  9.817477e-02   1.000160e-11   0.000000e+00   1.655725e-12   30
  1.001190e-01   1.070700e-11   0.000000e+00   1.160166e-12   72
  1.020262e-01   1.058164e-11   1.490116e-09   2.193718e-12   32
  1.057375e-01   1.259164e-11   0.000000e+00   1.448797e-12   72
  1.075451e-01   7.893665e-12   0.000000e+00   1.157137e-12   48
  1.110721e-01   3.826640e-12   0.000000e+00   1.131366e-12   12
  1.127942e-01   7.614071e-12   0.000000e+00   1.129738e-12   48
  1.144905e-01   6.561172e-12   0.000000e+00   6.289746e-13   48
  1.161620e-01   8.633931e-12   1.404895e-09   1.106263e-12   48
  1.178097e-01   1.035280e-11   1.589457e-09   1.818223e-12   30
  1.194348e-01   1.031721e-11   0.000000e+00   2.302554e-12   24
  1.210380e-01   9.869649e-12   2.961779e-09   1.032736e-12   72
  1.241824e-01   5.754101e-12   0.000000e+00   1.109102e-12   24
  1.257251e-01   8.163437e-12   0.000000e+00   7.870957e-13   96
  1.272490e-01   6.147885e-12   0.000000e+00   8.449885e-13   48
  1.287550e-01   4.988527e-12   2.433349e-09   1.198991e-12   24
  1.302436e-01   3.781181e-12   2.433349e-09   7.922227e-13   24
  1.317153e-01   8.630424e-12   0.000000e+00   1.037747e-12   72
  1.331707e-01   6.749733e-12   0.000000e+00   1.032120e-12   48
  1.360350e-01   4.992017e-12   1.490116e-09   1.439366e-12   8
  1.374447e-01   8.237986e-12   1.766064e-09   1.031844e-12   54
  1.388401e-01   5.098573e-12   0.000000e+00   8.429541e-13   84
  1.402216e-01   6.141898e-12   0.000000e+00   8.932810e-13   48
  1.415897e-01   3.537642e-12   1.986821e-09   6.156800e-13   24
  1.429446e-01   4.717040e-12   2.649095e-09   5.439388e-13   72
  1.442869e-01   6.025930e-12   0.000000e+00   6.900468e-13   96
  1.469345e-01   7.368538e-12   0.000000e+00   8.059259e-13   48
  1.482407e-01   4.150896e-12   0.000000e+00   4.065331e-13   48
  1.495354e-01   3.773943e-12   0.000000e+00   7.400688e-13   24
  1.508189e-01   3.978016e-12   0.000000e+00   4.399522e-13   72
  1.533539e-01   3.740121e-12   0.000000e+00   4.428826e-13   72
  1.546058e-01   3.727719e-12   0.000000e+00   4.239829e-13   96
  1.570796e-01   6.247845e-12   0.000000e+00   2.716216e-12   6
  1.583021e-01   4.102435e-12   0.000000e+00   4.258664e-13   96
  1.595151e-01   4.187254e-12   1.986821e-09   4.496144e-13   96
  1.607190e-01   2.462888e-12   0.000000e+00   5.924359e-13   24
  1.619140e-01   2.980523e-12   1.986821e-09   3.376335e-13   48
  1.631002e-01   3.058707e-12   0.000000e+00   3.085004e-13   96
  1.642778e-01   2.982353e-12   0.000000e+00   4.197086e-13   48
  1.666081e-01   2.890475e-12   1.873193e-09   4.872278e-13   36
  1.677611e-01   2.878995e-12   3.441276e-09   3.592211e-13   48
  1.689063e-01   3.108578e-12   3.893359e-09   2.759766e-13   120
  1.700437e-01   2.662582e-12   0.000000e+00   3.547790e-13   56
  1.711736e-01   1.412888e-12   1.986821e-09   2.556587e-13   24
  1.722960e-01   2.108988e-12   0.000000e+00   1.901739e-13   96
  1.734112e-01   2.185387e-12   0.000000e+00   2.757286e-13   48
  1.756204e-01   2.973622e-12   2.809790e-09   5.478100e-13   24
  1.767146e-01   2.921548e-12   0.000000e+00   2.992590e-13   102
  1.778021e-01   3.467792e-12   1.986821e-09   5.366277e-13   48
  1.788829e-01   2.837388e-12   0.000000e+00   2.922811e-13   72
  1.799573e-01   2.530087e-12   0.000000e+00   2.511355e-13   48
  1.810253e-01   3.008343e-12   0.000000e+00   5.481505e-13   48
  1.820871e-01   2.391070e-12   4.495664e-09   2.291386e-13   120
  1.841922e-01   2.926116e-12   2.809790e-09   4.641499e-13   24
  1.852358e-01   1.977239e-12   2.649095e-09   1.675724e-13   144
  1.862735e-01   1.967287e-12   3.178914e-09   2.016651e-13   120
  1.873055e-01   1.854163e-12   2.809790e-09   2.643012e-13   48
  1.893526e-01   2.276272e-12   2.809790e-09   3.093433e-13   48
  1.903679e-01   1.842477e-12   2.809790e-09   1.793271e-13   96
  1.930487e-01   2.174500e-12   4.711199e-04   2.511217e-13   72
  1.943761e-01   1.785000e-12   2.497591e-09   1.360180e-13   108
  1.953653e-01   1.949499e-12   0.000000e+00   2.046678e-13   72
  1.963495e-01   1.339701e-12   0.000000e+00   2.973221e-13   30
  1.973288e-01   2.049961e-12   0.000000e+00   1.549592e-13   168
  1.983033e-01   2.414199e-12   0.000000e+00   2.938893e-13   48
  2.002380e-01   1.432940e-12   0.000000e+00   1.771000e-13   72
  2.011984e-01   1.975832e-12   0.000000e+00   1.962070e-13   96
  2.021542e-01   1.751289e-12   5.298191e-09   2.710295e-13   72
  2.031055e-01   1.938553e-12   0.000000e+00   2.088936e-13   72
  2.047049e-01   1.892016e-12   4.350048e-04   1.523580e-13   104
  2.059331e-01   1.666564e-12   3.746387e-09   1.258539e-13   144
  2.087224e-01   1.156563e-12   6.282881e-09   1.131595e-13   96
  2.096439e-01   1.062525e-12   0.000000e+00   1.119473e-13   96
  2.111095e-01   1.538810e-12   4.475232e-04   1.417896e-13   120
  2.123845e-01   1.301519e-12   0.000000e+00   1.136740e-13   120
  2.132902e-01   1.609556e-12   0.000000e+00   1.778765e-13   72
  2.150901e-01   1.709235e-12   0.000000e+00   2.267932e-13   48
  2.159845e-01   1.575389e-12   4.890638e-09   1.984087e-13   78
  2.171286e-01   1.648605e-12   4.007142e-04   1.330930e-13   168
  2.195255e-01   1.460732e-12   4.588368e-09   1.244755e-13   144
  2.204018e-01   1.715009e-12   3.746387e-09   1.259346e-13   144
  2.229436e-01   1.334101e-12   2.307791e-04   1.244958e-13   156
  2.238729e-01   1.124889e-12   4.866699e-09   2.327560e-13   48
  2.247323e-01   1.205734e-12   3.178914e-09   1.100430e-13   120
  2.255884e-01   7.972466e-13   0.000000e+00   8.537622e-14   48
  2.271022e-01   1.234934e-12   3.532495e-04   9.096494e-14   216
  2.289809e-01   8.383441e-13   0.000000e+00   9.866279e-14   48
  2.298212e-01   9.249537e-13   2.809790e-09   7.745943e-14   96
  2.310160e-01   1.054351e-12   4.128272e-04   9.621808e-14   168
  2.323239e-01   8.116704e-13   2.809790e-09   1.172774e-13   48
  2.331522e-01   1.201203e-12   0.000000e+00   1.221004e-13   96
  2.339775e-01   9.273967e-13   0.000000e+00   1.678403e-13   48
  2.356194e-01   1.223175e-12   3.178914e-09   1.434320e-13   30
  2.364362e-01   8.508192e-13   0.000000e+00   7.182941e-14   96
  2.374123e-01   1.007386e-12   3.244455e-04   7.342968e-14   240
  2.386674e-01   1.742127e-12   3.500299e-04   2.639074e-13   32
  2.396752e-01   7.327632e-13   0.000000e+00   5.456651e-14   168
  2.404781e-01   8.204874e-13   0.000000e+00   7.984109e-14   120
  2.420760e-01   7.617735e-13   5.923557e-09   9.716037e-14   72
  2.428710e-01   1.051529e-12   2.649095e-09   1.001717e-13   144
  2.436634e-01   8.099335e-13   0.000000e+00   7.797191e-14   96
  2.444532e-01   9.560027e-13   0.000000e+00   7.743438e-14   96
  2.460253e-01   1.304513e-12   0.000000e+00   1.641850e-13   72
  2.468075e-01   7.932126e-13   3.973643e-09   8.110106e-14   96
  2.483647e-01   1.089120e-12   0.000000e+00   1.964847e-13   24
  2.491396e-01   9.040720e-13   0.000000e+00   6.249308e-14   192
  2.500522e-01   8.346889e-13   2.970416e-04   6.622467e-14   132
  2.514501e-01   9.265315e-13   0.000000e+00   7.702284e-14   96
  2.522156e-01   5.637923e-13   0.000000e+00   5.705114e-14   96
  2.529787e-01   7.394884e-13   3.178914e-09   5.777902e-14   120
  2.544981e-01   7.903470e-13   0.000000e+00   1.026436e-13   48
  2.557435e-01   6.552994e-13   3.599905e-04   3.984094e-14   222
  2.567603e-01   8.061654e-13   0.000000e+00   7.311062e-14   120
  2.575100e-01   6.196378e-13   4.866699e-09   1.307197e-13   24
  2.586015e-01   9.450549e-13   3.715625e-04   5.791643e-14   312
  2.609797e-01   1.000602e-12   3.483547e-04   1.079695e-13   72
  2.619630e-01   6.749529e-13   4.866699e-09   7.455687e-14   96
  2.629726e-01   8.444841e-13   3.547511e-04   7.233993e-14   192
  2.641613e-01   6.944336e-13   4.495664e-09   7.757222e-14   120
  2.648900e-01   7.073527e-13   0.000000e+00   6.619608e-14   144
  2.663415e-01   6.851153e-13   0.000000e+00   9.519297e-14   48
  2.673732e-01   6.205516e-13   3.567146e-04   4.021871e-14   336
  2.685040e-01   6.746735e-13   0.000000e+00   7.948927e-14   48
  2.699360e-01   6.469005e-13   0.000000e+00   6.387206e-14   192
  2.706492e-01   5.201981e-13   0.000000e+00   6.131102e-14   48
  2.726764e-01   5.504563e-13   2.476067e-04   6.669541e-14   56
  2.736844e-01   6.083431e-13   3.180112e-04   3.448074e-14   336
  2.748894e-01   6.109339e-13   3.532127e-09   1.018932e-13   54
  2.759390e-01   5.864219e-13   3.492904e-04   3.928469e-14   240
  2.781181e-01   6.007126e-13   3.344484e-04   5.176863e-14   228
  2.790651e-01   5.914982e-13   3.746387e-09   7.635638e-14   72
  2.799844e-01   6.418840e-13   3.244231e-04   4.891241e-14   144
  2.811298e-01   5.821264e-13   0.000000e+00   5.566775e-14   96
  2.818146e-01   5.438608e-13   4.495664e-09   3.947811e-14   240
  2.831793e-01   3.994599e-13   3.973643e-09   6.622929e-14   24
  2.840530e-01   5.497144e-13   3.064151e-04   3.110950e-14   336
  2.852142e-01   3.757013e-13   0.000000e+00   4.290764e-14   72
  2.862741e-01   6.342960e-13   3.332831e-04   4.970403e-14   168
  2.872346e-01   4.859460e-13   0.000000e+00   5.154933e-14   72
  2.885737e-01   7.161921e-13   0.000000e+00   7.517031e-14   96
  2.896108e-01   4.199201e-13   3.307829e-04   2.999482e-14   216
  2.905708e-01   3.675135e-13   0.000000e+00   2.878313e-14   96
  2.918946e-01   4.610373e-13   3.973643e-09   3.018327e-14   192
  2.925542e-01   4.688251e-13   3.746387e-09   3.621519e-14   144
  2.938691e-01   3.606425e-13   0.000000e+00   4.450343e-14   48
  2.947794e-01   4.897769e-13   3.189136e-04   3.731804e-14   246
  2.960164e-01   5.858371e-13   2.940434e-04   4.861433e-14   168
  2.971308e-01   4.843444e-13   7.786718e-09   6.660670e-14   120
  2.977788e-01   3.979928e-13   0.000000e+00   3.106568e-14   240
  2.990707e-01   3.516480e-13   0.000000e+00   7.325132e-14   24
  3.001001e-01   4.224308e-13   3.147475e-04   2.512457e-14   360
  3.013820e-01   5.359453e-13   3.134082e-04   4.659573e-14   120
  3.022763e-01   4.362358e-13   0.000000e+00   3.744329e-14   144
  3.029133e-01   5.586801e-13   0.000000e+00   5.119694e-14   96
  3.048165e-01   4.375522e-13   0.000000e+00   3.294883e-14   144
  3.054482e-01   5.177040e-13   0.000000e+00   4.854347e-14   132
  3.063360e-01   3.754346e-13   3.093292e-04   2.954102e-14   176
  3.076248e-01   3.995156e-13   3.123602e-04   2.383304e-14   312
  3.092116e-01   4.760986e-13   0.000000e+00   6.591311e-14   96
  3.098343e-01   3.181379e-13   0.000000e+00   2.970813e-14   144
  3.107899e-01   4.071866e-13   3.092271e-04   2.690093e-14   312
  3.123131e-01   3.641840e-13   0.000000e+00   3.832404e-14   48
  3.129297e-01   3.428011e-13   3.973643e-09   2.480719e-14   192
  3.141593e-01   2.451461e-13   0.000000e+00   7.358939e-14   6
  3.149762e-01   3.295860e-13   2.884066e-04   1.965964e-14   288
  3.162994e-01   3.591398e-13   3.047203e-04   2.933483e-14   192
  3.172124e-01   3.288114e-13   9.345130e-09   2.291460e-14   216
  3.178195e-01   3.820070e-13   0.000000e+00   5.528095e-14   72
  3.193321e-01   3.742565e-13   3.018264e-04   3.636856e-14   192
  3.203366e-01   4.073954e-13   2.241224e-04   2.896419e-14   288
  3.214381e-01   3.039987e-13   0.000000e+00   6.190084e-14   24
  3.222890e-01   3.539201e-13   2.952626e-04   2.107009e-14   456
  3.238280e-01   2.738495e-13   0.000000e+00   4.866740e-14   48
  3.247789e-01   3.464543e-13   2.908218e-04   2.578489e-14   240
  3.258718e-01   4.088652e-13   2.939082e-04   2.898557e-14   216
  3.267908e-01   2.966699e-13   0.000000e+00   3.547872e-14   72
  3.273801e-01   2.623019e-13   1.015467e-08   2.304396e-14   168
  3.290441e-01   3.224709e-13   2.184577e-04   2.274214e-14   288
  3.299773e-01   3.470339e-13   2.890570e-04   2.736006e-14   168
  3.314762e-01   3.454096e-13   0.000000e+00   3.082904e-14   192
  3.320572e-01   2.549677e-13   3.746387e-09   1.843575e-14   144
  3.332162e-01   4.489659e-13   3.746387e-09   5.996628e-14   36
  3.341991e-01   2.506143e-13   2.639705e-04   1.500023e-14   342
  3.351389e-01   2.929846e-13   2.710657e-04   3.233021e-14   144
  3.363470e-01   3.063089e-13   2.842800e-04   2.043845e-14   384
  3.378125e-01   3.439846e-13   7.786718e-09   3.568960e-14   120
  3.385379e-01   3.368625e-13   2.534951e-04   2.038046e-14   264
  3.395201e-01   2.753310e-13   1.256576e-08   2.227153e-14   192
  3.404451e-01   2.596834e-13   2.731894e-04   2.133787e-14   152
  3.412191e-01   2.666068e-13   7.492773e-09   2.812562e-14   144
  3.428472e-01   2.002977e-13   1.768108e-04   1.599023e-14   216
  3.436008e-01   3.125839e-13   2.362665e-04   1.907623e-14   312
  3.449274e-01   2.588842e-13   2.738281e-04   1.730866e-14   240
  3.457090e-01   2.618307e-13   3.973643e-09   2.559024e-14   96
  3.471927e-01   1.861186e-13   2.617995e-04   1.545557e-14   144
  3.481071e-01   2.551068e-13   2.573258e-04   1.412066e-14   456
  3.495904e-01   1.660235e-13   0.000000e+00   1.176954e-14   120
  3.501414e-01   2.192690e-13   0.000000e+00   2.173632e-14   144
  3.512407e-01   1.836805e-13   5.619580e-09   2.842739e-14   24
  3.519456e-01   2.169466e-13   2.473498e-04   1.171004e-14   336
  3.531645e-01   2.196320e-13   2.727931e-04   1.728354e-14   198
  3.543067e-01   2.627207e-13   2.652756e-04   1.885614e-14   432
  3.556041e-01   3.854387e-13   7.947286e-09   4.715492e-14   48
  3.562810e-01   2.989642e-13   2.341925e-04   1.818406e-14   384
  3.574963e-01   2.311328e-13   2.696052e-04   2.402640e-14   144
  3.585975e-01   3.331736e-13   2.676825e-04   2.924374e-14   264
  3.599147e-01   1.941436e-13   0.000000e+00   1.912838e-14   48
  3.607984e-01   2.236842e-13   2.545223e-04   1.547902e-14   276
  3.616510e-01   2.221069e-13   2.307176e-04   2.101670e-14   192
  3.627906e-01   2.106414e-13   2.592759e-04   1.007405e-14   552
  3.641741e-01   1.561491e-13   6.357829e-09   1.847700e-14   120
  3.649965e-01   1.639515e-13   2.624511e-04   1.226297e-14   216
  3.657587e-01   1.809904e-13   6.357829e-09   1.506888e-14   120
  3.671201e-01   2.405341e-13   2.584500e-04   1.327783e-14   408
  3.683844e-01   8.794170e-14   5.619580e-09   1.099909e-14   24
  3.691684e-01   1.949738e-13   2.610810e-04   1.453357e-14   384
  3.702633e-01   1.449020e-13   2.550855e-04   9.250332e-15   240
  3.712141e-01   1.952972e-13   2.569535e-04   1.439191e-14   168
  3.725471e-01   1.311903e-13   0.000000e+00   1.385643e-14   120
  3.734064e-01   2.077684e-13   2.678605e-04   1.405211e-14   350
  3.748037e-01   2.249783e-13   4.409502e-04   1.608004e-14   384
  3.756388e-01   2.639022e-13   0.000000e+00   3.423844e-14   144
  3.771752e-01   1.752145e-13   5.298191e-09   1.439893e-14   288
  3.779773e-01   1.876715e-13   2.524053e-04   1.379216e-14   336
  3.790686e-01   1.606154e-13   2.297941e-04   1.413986e-14   168
  3.797219e-01   2.142248e-13   1.506181e-08   1.751954e-14   336
  3.810732e-01   1.461566e-13   2.385126e-04   9.270821e-15   288
  3.818848e-01   1.765778e-13   2.247398e-04   1.171512e-14   264
  3.832590e-01   1.644774e-13   0.000000e+00   1.287674e-14   240
  3.837616e-01   1.549971e-13   0.000000e+00   1.491149e-14   96
  3.855656e-01   1.921047e-13   3.056310e-04   1.368669e-14   360
  3.864075e-01   1.684317e-13   2.253025e-04   2.075259e-14   168
  3.874713e-01   1.633141e-13   2.456032e-04   9.093132e-15   456
  3.887523e-01   1.411885e-13   7.064254e-09   1.326263e-14   108
  3.894728e-01   1.092843e-13   2.464311e-04   7.053574e-15   264
  3.903716e-01   1.424208e-13   2.198567e-04   1.266181e-14   264
  3.916025e-01   1.665959e-13   2.074668e-04   9.227895e-15   312
  3.931351e-01   1.777151e-13   1.541705e-04   1.724238e-14   270
  3.937775e-01   1.795698e-13   1.957388e-04   1.825587e-14   240
  3.949323e-01   1.842929e-13   2.421536e-04   1.449996e-14   384
  3.956334e-01   1.285895e-13   7.947286e-09   9.830986e-15   192
  3.969952e-01   1.835661e-13   1.942960e-04   1.774995e-14   240
  3.977852e-01   1.818302e-13   2.397927e-04   1.318260e-14   336
  3.992708e-01   1.569345e-13   2.413972e-04   8.406016e-15   480
  4.004761e-01   1.680952e-13   5.298191e-09   2.174494e-14   72
  4.011493e-01   1.703812e-13   2.353842e-04   1.798133e-14   240
  4.020650e-01   1.269506e-13   2.212289e-04   7.876527e-15   312
  4.031147e-01   1.103621e-13   2.390954e-04   7.602817e-15   240
  4.047009e-01   1.428229e-13   1.816506e-04   9.207699e-15   408
  4.053288e-01   1.282507e-13   1.663482e-04   8.466893e-15   336
  4.065560e-01   1.361195e-13   2.112212e-04   1.167945e-14   264
  4.071591e-01   1.028882e-13   0.000000e+00   9.025113e-15   144
  4.088370e-01   1.312448e-13   2.927651e-04   8.853674e-15   464
  4.097211e-01   9.902999e-14   2.328083e-04   8.024626e-15   168
  4.105939e-01   1.286535e-13   2.120376e-04   1.009227e-14   336
  4.121713e-01   1.300041e-13   2.227870e-04   9.662245e-15   414
  4.130606e-01   2.086950e-13   2.319080e-04   2.134693e-14   216
  4.141998e-01   2.515101e-13   5.619580e-09   2.967118e-14   96
  4.146649e-01   1.285100e-13   1.376510e-08   1.096911e-14   384
  4.162944e-01   1.360278e-13   2.314600e-04   8.072213e-15   492
  4.171676e-01   1.372845e-13   2.263480e-04   1.010439e-14   240
  4.181546e-01   1.155575e-13   2.298225e-04   7.819704e-15   312
  4.195176e-01   7.791770e-14   2.297469e-04   6.749201e-15   192
  4.203810e-01   1.273212e-13   2.226525e-04   8.292562e-15   504
  4.215265e-01   1.280656e-13   1.473998e-04   1.084663e-14   408
  4.224284e-01   1.065288e-13   4.515774e-04   9.298163e-15   168
  4.235571e-01   1.445067e-13   2.145032e-04   1.065916e-14   288
  4.245041e-01   1.023865e-13   2.238525e-04   7.920253e-15   288
  4.254743e-01   9.020691e-14   2.251410e-04   5.718409e-15   432
  4.268815e-01   1.182427e-13   2.129084e-04   9.121857e-15   216
  4.276334e-01   1.031087e-13   2.124592e-04   7.470789e-15   360
  4.289721e-01   1.187325e-13   2.073582e-04   8.714795e-15   312
  4.301803e-01   1.582546e-13   0.000000e+00   2.616785e-14   48
  4.308767e-01   1.008844e-13   2.223178e-04   6.430485e-15   432
  4.321240e-01   9.377052e-14   3.708284e-04   6.797140e-15   414
  4.328606e-01   1.101658e-13   8.470833e-09   9.590703e-15   312
  4.342347e-01   1.207547e-13   3.253813e-04   9.503838e-15   528
  4.351620e-01   1.284490e-13   1.707976e-04   1.481314e-14   264
  4.362761e-01   1.173265e-13   2.025191e-04   9.452375e-15   480
  4.377318e-01   1.092190e-13   0.000000e+00   8.815789e-15   288
  4.383604e-01   1.033152e-13   2.176005e-04   1.084115e-14   168
  4.395105e-01   1.220364e-13   3.444610e-04   7.575348e-15   504
  4.408036e-01   1.733566e-13   5.298191e-09   1.848970e-14   144
  4.416171e-01   7.808810e-14   2.212265e-04   4.537035e-15   464
  4.428396e-01   8.126752e-14   3.246624e-04   5.458950e-15   432
  4.434197e-01   1.128144e-13   5.619580e-09   1.087610e-14   192
  4.449189e-01   7.965289e-14   2.406833e-04   5.056656e-15   396
  4.458042e-01   8.132552e-14   2.162000e-04   5.873728e-15   288
  4.466990e-01   7.985940e-14   2.135686e-04   6.287620e-15   336
  4.481283e-01   8.320990e-14   1.352359e-04   5.688731e-15   432
  4.490354e-01   9.300455e-14   3.505126e-04   7.072940e-15   360
  4.500539e-01   8.224888e-14   2.073334e-04   4.685098e-15   384
  4.515004e-01   7.705245e-14   1.830116e-04   7.239663e-15   198
  4.521974e-01   9.241015e-14   2.080246e-04   6.836924e-15   552
  4.534970e-01   1.147908e-13   2.912202e-04   1.149534e-14   432
  4.545821e-01   9.163522e-14   1.112388e-08   9.066060e-15   168
  4.554927e-01   1.163015e-13   3.610065e-04   8.981469e-15   480
  4.566974e-01   5.964509e-14   0.000000e+00   6.227914e-15   120
  4.572396e-01   9.472705e-14   2.948545e-04   8.239082e-15   336
  4.585628e-01   8.481853e-14   2.080152e-04   5.446347e-15   672
  4.598711e-01   9.883814e-14   3.025866e-04   5.698522e-15   528
  4.604805e-01   5.367725e-14   9.082613e-09   4.296063e-15   168
  4.618883e-01   9.187839e-14   3.375333e-04   6.404483e-15   456
  4.627474e-01   1.214611e-13   2.061344e-04   2.012291e-14   168
  4.636392e-01   8.347237e-14   2.057643e-04   5.728781e-15   504
  4.651216e-01   6.138632e-14   2.647872e-04   5.993249e-15   336
  4.660180e-01   9.144057e-14   1.908802e-04   7.211992e-15   312
  4.670124e-01   8.239679e-14   1.865029e-04   6.195592e-15   504
  4.683210e-01   6.781123e-14   1.294009e-04   3.886514e-15   432
  4.689362e-01   5.660265e-14   1.999672e-04   3.451577e-15   312
  4.702151e-01   6.315710e-14   2.049761e-04   4.071906e-15   384
  4.715504e-01   1.093576e-13   1.741510e-04   1.959040e-14   126
  4.723748e-01   8.199611e-14   3.057676e-04   6.146470e-15   492
  4.734278e-01   9.113839e-14   1.958445e-04   6.881905e-15   528
  4.747438e-01   7.342625e-14   1.989360e-04   5.941206e-15   480
  4.755596e-01   9.563836e-14   2.748289e-04   7.919728e-15   432
  4.767402e-01   8.543992e-14   2.161166e-04   7.084280e-15   440
  4.781114e-01   9.217914e-14   1.074739e-04   7.690729e-15   312
  4.786259e-01   7.294113e-14   1.610586e-04   7.790637e-15   480
  4.796813e-01   7.648443e-14   3.153497e-04   6.936613e-15   408
  4.812233e-01   9.272621e-14   1.888588e-04   7.327242e-15   360
  4.818747e-01   7.135491e-14   1.822418e-04   5.902257e-15   408
  4.830820e-01   5.248346e-14   1.854542e-04   4.342808e-15   456
  4.844414e-01   7.163241e-14   1.772485e-04   5.284036e-15   264
  4.851959e-01   6.963442e-14   1.923591e-04   5.882781e-15   384
  4.862943e-01   6.384937e-14   3.238501e-04   4.096798e-15   672
  4.875640e-01   8.760784e-14   1.937042e-04   9.700976e-15   240
  4.882967e-01   5.276223e-14   1.965613e-04   3.462223e-15   264
  4.893308e-01   3.881648e-14   2.424259e-04   2.428296e-15   624
  4.908739e-01   5.015062e-14   0.000000e+00   7.969545e-15   150
  4.914232e-01   8.957770e-14   2.716574e-04   6.515107e-15   600
  4.925819e-01   6.749354e-14   1.874909e-04   4.447180e-15   672
  4.938939e-01   6.065287e-14   1.763484e-04   7.646756e-15   336
  4.946248e-01   9.502499e-14   1.918157e-04   8.097758e-15   408
  4.957926e-01   7.400249e-14   1.913639e-04   7.728322e-15   408
  4.970915e-01   6.149385e-14   9.676385e-05   4.628909e-15   360
  4.978921e-01   7.666044e-14   3.552857e-04   6.739550e-15   456
  4.988592e-01   6.293938e-14   1.932065e-04   5.766267e-15   384
  5.000902e-01   4.353449e-14   1.783541e-04   3.075126e-15   348
  5.007554e-01   7.775477e-14   2.198754e-04   5.632722e-15   576
  5.020050e-01   5.153223e-14   1.810385e-04   3.561822e-15   504
  5.032833e-01   5.600247e-14   2.553443e-04   4.558923e-15   432
  5.043991e-01   5.008104e-14   3.473946e-04   2.931891e-15   576
  5.051948e-01   5.198286e-14   0.000000e+00   6.194826e-15   264
  5.064571e-01   5.285500e-14   2.764393e-04   2.941163e-15   768
  5.075549e-01   3.015376e-14   3.721752e-04   2.203532e-15   240
  5.084277e-01   5.057329e-14   3.282233e-04   7.326782e-15   192
  5.096990e-01   4.086944e-14   2.416124e-04   2.324024e-15   504
  5.106418e-01   6.372141e-14   3.255818e-04   6.725863e-15   590
  5.115460e-01   6.899332e-14   3.647966e-04   7.061350e-15   384
  5.126798e-01   5.484381e-14   3.048625e-04   4.614244e-15   504
  5.140486e-01   7.585165e-14   2.933830e-04   5.744821e-15   648
  5.153764e-01   4.957535e-14   7.967896e-05   4.498924e-15   504
  5.159117e-01   4.720018e-14   1.817627e-04   3.854589e-15   312
  5.168569e-01   6.379058e-14   2.618753e-04   4.647492e-15   576
  5.181545e-01   7.117065e-14   1.822405e-04   8.666369e-15   240
  5.189109e-01   4.077041e-14   1.841453e-04   2.628917e-15   552
  5.199816e-01   6.780479e-14   1.729082e-04   5.986642e-15   600
  5.215067e-01   5.091624e-14   2.111937e-04   3.859172e-15   600
  5.224237e-01   4.434099e-14   3.382099e-04   3.767950e-15   312
  5.233368e-01   5.913373e-14   2.945474e-04   4.433375e-15   480
  5.244775e-01   4.530375e-14   1.837693e-04   3.972841e-15   576
  5.254818e-01   6.809047e-14   2.959085e-04   6.252022e-15   408
  5.263729e-01   1.788270e-14   3.451909e-04   1.320842e-15   216
  5.275243e-01   4.025833e-14   2.643774e-04   2.959492e-15   516
  5.287578e-01   4.467299e-14   2.522429e-04   2.696487e-15   744
  5.300304e-01   4.968984e-14   1.684760e-04   3.821792e-15   462
  5.307494e-01   5.412439e-14   1.712315e-04   6.403230e-15   432
  5.318647e-01   6.263780e-14   1.588547e-04   4.581901e-15   648
  5.331761e-01   5.651285e-14   2.324340e-04   5.727542e-15   528
  5.342295e-01   4.853557e-14   2.799086e-04   3.584065e-15   600
  5.352820e-01   9.188702e-14   3.528915e-04   1.455007e-14   240
  5.363014e-01   4.685583e-14   2.703115e-04   3.656907e-15   720
  5.374863e-01   4.603732e-14   2.138653e-04   3.199869e-15   720
  5.387997e-01   1.492504e-14   0.000000e+00   1.376321e-15   144
  5.394909e-01   5.006200e-14   2.757364e-04   3.349097e-15   720
  5.404742e-01   5.288230e-14   1.653370e-04   4.192786e-15   384
  5.417051e-01   3.725713e-14   1.832848e-04   2.286612e-15   672
  5.428730e-01   6.114962e-14   3.209115e-04   6.321033e-15   336
  5.434308e-01   5.489625e-14   0.000000e+00   6.165867e-15   288
  5.447967e-01   3.576782e-14   2.539800e-04   2.356618e-15   776
  5.460612e-01   3.310484e-14   2.173184e-04   1.950663e-15   720
  5.471231e-01   2.888441e-14   1.750659e-04   2.146539e-15   432
  5.479725e-01   5.038557e-14   2.495786e-04   5.368873e-15   504
  5.489174e-01   3.456143e-14   1.748652e-04   2.666283e-15   528
  5.502396e-01   4.662473e-14   2.382437e-04   5.172415e-15   438
  5.513273e-01   5.471189e-14   2.772938e-04   5.313902e-15   624
  5.521470e-01   5.279521e-14   3.396475e-04   5.967557e-15   312
  5.532738e-01   5.891666e-14   1.829935e-04   3.853329e-15   696
  5.544390e-01   4.642567e-14   1.655760e-04   4.465383e-15   552
  5.556509e-01   4.309466e-14   1.281006e-04   3.854880e-15   516
  5.564006e-01   5.561396e-14   2.558713e-04   5.090152e-15   528
  5.573133e-01   1.886230e-14   1.664001e-04   1.134582e-15   528
  5.586097e-01   4.590505e-14   2.194479e-04   3.525469e-15   864
  5.594897e-01   4.291217e-14   3.005985e-04   4.159572e-15   408
  5.603706e-01   5.882157e-14   2.978186e-04   4.978604e-15   192
  5.616191e-01   3.173033e-14   2.464592e-04   2.482687e-15   720
  5.626731e-01   3.095261e-14   2.272475e-04   2.268685e-15   696
  5.639255e-01   3.550985e-14   2.454294e-04   2.332350e-15   720
  5.650713e-01   3.422378e-14   3.326501e-04   2.715107e-15   432
  5.657395e-01   2.291796e-14   1.958109e-04   2.184281e-15   264
  5.669418e-01   3.227113e-14   2.704061e-04   2.078654e-15   672
  5.680171e-01   3.667034e-14   2.768544e-04   2.664712e-15   600
  5.692933e-01   1.933074e-14   1.620980e-04   3.052441e-15   270
  5.699366e-01   4.405003e-14   2.440026e-04   4.765359e-15   528
  5.709591e-01   4.462341e-14   1.670843e-04   3.098433e-15   840
  5.723613e-01   5.169929e-14   3.194952e-04   3.683937e-15   888
  5.736568e-01   3.268286e-14   2.380474e-04   2.589913e-15   744
  5.747517e-01   3.861157e-14   1.223216e-04   3.054119e-15   456
  5.752963e-01   6.266952e-14   1.671601e-04   4.847619e-15   360
  5.762282e-01   3.559995e-14   1.448348e-04   4.834537e-15   384
  5.776580e-01   3.459650e-14   2.323137e-04   2.169052e-15   816
  5.787308e-01   3.675012e-14   3.370546e-04   2.450170e-15   824
  5.800348e-01   3.135198e-14   1.566791e-04   3.815241e-15   360
  5.807331e-01   3.792542e-14   2.311994e-04   2.502259e-15   624
  5.816941e-01   3.980385e-14   1.562320e-04   3.916141e-15   360
  5.829744e-01   3.100148e-14   2.125215e-04   2.270696e-15   876
  5.841306e-01   2.754045e-14   2.524119e-04   2.062586e-15   696
  5.852967e-01   2.104945e-14   1.629911e-04   1.958432e-15   336
  5.859080e-01   4.055675e-14   1.628079e-04   4.225212e-15   504
  5.869176e-01   2.990877e-14   1.642187e-04   2.813163e-15   672
  5.884155e-01   2.149030e-14   3.269213e-04   1.512828e-15   720
  5.894543e-01   3.623743e-14   2.469541e-04   3.252358e-15   774
  5.906010e-01   6.883635e-14   1.413501e-04   8.300429e-15   384
  5.912015e-01   4.824205e-14   2.720183e-04   4.622102e-15   528
  5.921335e-01   3.831389e-14   2.592486e-04   2.953450e-15   744
  5.936327e-01   4.309042e-14   2.138251e-04   3.195948e-15   768
  5.946281e-01   4.292183e-14   2.400348e-04   4.655183e-15   552
  5.958700e-01   2.869086e-14   2.616108e-04   2.260893e-15   696
  5.967938e-01   4.725402e-14   3.179026e-04   4.607776e-15   408
  5.975272e-01   3.892477e-14   1.373364e-04   3.319549e-15   504
  5.986899e-01   2.885370e-14   2.467198e-04   2.103618e-15   888
  5.998339e-01   2.746335e-14   2.564132e-04   2.644637e-15   648
  6.010230e-01   2.702094e-14   2.542153e-04   2.244412e-15   648
  6.021418e-01   2.783263e-14   2.741064e-04   2.176118e-15   792
  6.033268e-01   2.323969e-14   4.010364e-04   1.911873e-15   600
  6.042000e-01   1.556805e-14   2.717856e-04   1.092441e-15   456
  6.051191e-01   2.809159e-14   1.324567e-04   2.214780e-15   648
  6.062996e-01   2.234204e-14   2.583099e-04   1.471722e-15   936
  6.075741e-01   3.330954e-14   1.586356e-04   2.612307e-15   384
  6.086836e-01   6.438778e-16   0.000000e+00   4.539878e-17   198
  6.095398e-01   6.706387e-16   4.024720e-04   2.145282e-17   1224
  6.104634e-01   7.040122e-16   2.931235e-04   3.692486e-17   420
  6.115558e-01   6.112276e-16   2.836822e-04   2.446277e-17   792
  6.126238e-01   6.313732e-16   2.345810e-04   2.401204e-17   680
  6.138428e-01   6.388414e-16   2.154033e-04   3.042880e-17   600
  6.148235e-01   6.305899e-16   3.123938e-04   2.149031e-17   840
  6.161330e-01   7.382992e-16   1.474979e-04   3.955016e-17   432
  6.166334e-01   6.255218e-16   1.382250e-04   2.517399e-17   720
  6.177213e-01   6.704835e-16   2.768404e-04   2.280625e-17   960
  6.190745e-01   6.419855e-16   2.467829e-04   3.008623e-17   528
  6.200634e-01   5.854644e-16   2.522592e-04   2.507497e-17   624
  6.212404e-01   6.572320e-16   1.982740e-04   2.446934e-17   816
  6.224086e-01   5.435964e-16   3.260658e-04   2.101309e-17   696
  6.236996e-01   6.692498e-16   1.798266e-08   4.518342e-17   240
  6.241851e-01   6.586191e-16   1.922888e-04   2.793153e-17   672
  6.252686e-01   5.651022e-16   3.436476e-04   2.115198e-17   864
  6.264840e-01   5.620900e-16   2.636938e-04   2.125629e-17   816
  6.275795e-01   5.492683e-16   1.509292e-04   2.389627e-17   648
  6.287594e-01   5.978849e-16   1.542771e-04   1.994434e-17   843
  6.297611e-01   5.007812e-16   2.775825e-04   1.999562e-17   780
  6.309548e-01   4.814177e-16   1.489456e-04   3.111370e-17   216
  6.316911e-01   5.285809e-16   3.591661e-04   1.643256e-17   1056
  6.328235e-01   6.135449e-16   2.938382e-04   3.659661e-17   228
  6.338720e-01   5.611701e-16   3.658358e-04   1.980970e-17   924
  6.349484e-01   5.792280e-16   1.357046e-04   2.172236e-17   696
  6.360882e-01   4.697659e-16   2.415153e-04   1.623559e-17   996
  6.372543e-01   4.955329e-16   1.425858e-04   2.123891e-17   576
  6.384675e-01   5.116573e-16   2.200718e-04   2.547550e-17   552
  6.393519e-01   5.764062e-16   2.627580e-04   2.752368e-17   516
  6.402494e-01   5.187252e-16   3.821047e-04   1.813609e-17   744
  6.412749e-01   5.026149e-16   1.874451e-04   2.399310e-17   576
  6.421669e-01   4.499344e-16   1.929285e-04   1.692512e-17   792
  6.434346e-01   4.936707e-16   2.205530e-04   1.797787e-17   792
  6.443636e-01   4.801223e-16   2.378641e-04   1.852678e-17   720
  6.456200e-01   4.358541e-16   2.711104e-04   1.588266e-17   656
  6.467974e-01   4.636241e-16   2.960385e-04   1.750181e-17   816
  6.480043e-01   4.369052e-16   1.596190e-04   1.994405e-17   492
  6.486903e-01   4.760621e-16   2.296231e-04   2.005170e-17   552
  6.499778e-01   4.128416e-16   3.992867e-04   1.877498e-17   780
  6.508139e-01   4.510633e-16   2.452771e-04   2.300865e-17   528
  6.517148e-01   4.172171e-16   2.863130e-04   1.750882e-17   600
  6.530425e-01   4.767672e-16   2.379487e-04   1.583972e-17   900
  6.539577e-01   4.333653e-16   1.317325e-04   2.001059e-17   696
  6.552168e-01   4.111078e-16   3.330907e-04   1.583810e-17   696
  6.564349e-01   4.161740e-16   1.351317e-04   1.709626e-17   552
  6.574592e-01   3.394072e-16   1.571457e-04   1.459122e-17   708
  6.585322e-01   4.098574e-16   2.594565e-04   1.568784e-17   876
  6.596487e-01   4.588369e-16   1.377663e-04   4.314156e-17   216
  6.603980e-01   3.999405e-16   3.768094e-04   1.321281e-17   1032
  6.615201e-01   3.670632e-16   4.195357e-04   1.635799e-17   600
  6.626848e-01   3.389811e-16   2.001869e-04   1.361528e-17   600
  6.635732e-01   3.821232e-16   3.535112e-04   1.977568e-17   528
  6.646233e-01   3.726595e-16   1.940622e-04   1.483168e-17   732
  6.657296e-01   3.603217e-16   1.432973e-04   2.049454e-17   336
  6.670031e-01   3.585187e-16   2.042271e-04   1.261784e-17   912
  6.679548e-01   3.140703e-16   2.049821e-04   1.301732e-17   624
  6.689946e-01   3.540368e-16   1.727341e-04   1.463337e-17   768
  6.702082e-01   3.960998e-16   3.116463e-04   1.567389e-17   792
  6.713995e-01   3.340611e-16   1.545014e-04   1.510792e-17   660
  6.722471e-01   3.191031e-16   2.276826e-04   1.776041e-17   504
  6.731238e-01   3.286555e-16   3.719898e-04   1.659166e-17   480
  6.744376e-01   2.490602e-16   3.440421e-04   9.105782e-18   912
  6.754664e-01   3.765650e-16   3.831443e-04   2.231009e-17   432
  6.764380e-01   3.179146e-16   2.275021e-04   1.568650e-17   564
  6.773006e-01   3.243309e-16   2.177508e-04   1.504070e-17   600
  6.785149e-01   3.541543e-16   3.035240e-04   1.352486e-17   876
  6.794272e-01   3.302692e-16   1.364735e-04   2.100068e-17   264
  6.806846e-01   3.224045e-16   2.648123e-04   1.444770e-17   560
  6.816953e-01   2.875166e-16   1.799457e-04   1.023917e-17   840
  6.829222e-01   2.697570e-16   2.774244e-04   1.047790e-17   1008
  6.840568e-01   2.886471e-16   1.241010e-04   1.430318e-17   456
  6.850930e-01   3.404076e-16   1.607553e-04   1.628808e-17   576
  6.860509e-01   3.073677e-16   2.470177e-04   1.398501e-17   612
  6.873140e-01   2.885622e-16   2.206269e-04   1.232461e-17   780
  6.883444e-01   2.961952e-16   2.528284e-04   1.288766e-17   648
  6.893992e-01   3.352590e-16   1.178213e-04   2.527742e-17   312
  6.900734e-01   2.499888e-16   2.993645e-04   1.101596e-17   528
  6.912414e-01   2.422493e-16   3.909551e-04   1.056416e-17   720
  6.923583e-01   2.743368e-16   3.921794e-04   1.585388e-17   576
  6.937124e-01   2.551154e-16   3.383053e-04   1.324240e-17   444
  6.945549e-01   2.769185e-16   3.317685e-04   9.711200e-18   996
  6.955874e-01   2.297163e-16   2.771265e-04   1.368579e-17   432
  6.965633e-01   2.780395e-16   3.033990e-04   1.463265e-17   504
  6.974062e-01   2.416862e-16   1.367883e-04   1.277997e-17   504
  6.986065e-01   2.917851e-16   2.692009e-04   1.291274e-17   876
  6.996926e-01   2.391164e-16   3.098246e-04   1.216444e-17   504
  7.008236e-01   2.166456e-16   1.975899e-04   1.042325e-17   696
  7.017583e-01   2.769637e-16   1.689187e-04   1.409909e-17   492
  7.030300e-01   2.128709e-16   2.418152e-04   1.171556e-17   432
  7.039719e-01   2.584611e-16   2.264335e-04   1.058017e-17   768
  7.050885e-01   2.202977e-16   2.820533e-04   1.158399e-17   648
  7.061547e-01   1.972265e-16   1.840095e-04   1.043999e-17   456
  7.073798e-01   2.075156e-16   2.530430e-04   1.033066e-17   552
  7.082306e-01   2.103061e-16   1.734358e-04   1.099768e-17   648
  7.094016e-01   1.987707e-16   2.826907e-04   7.222201e-18   840
  7.105454e-01   2.400905e-16   1.348092e-04   1.296409e-17   432
  7.116906e-01   2.032369e-16   1.651183e-04   1.052201e-17   600
  7.124870e-01   2.340233e-16   1.759227e-04   1.386790e-17   432
  7.138248e-01   2.190153e-16   1.751482e-04   1.048760e-17   560
  7.147308e-01   1.901223e-16   2.772412e-04   8.117213e-18   840
  7.158652e-01   2.315801e-16   1.642140e-04   1.273231e-17   504
  7.167662e-01   1.818199e-16   3.351509e-04   8.536398e-18   696
  7.180362e-01   2.275332e-16   1.830475e-04   1.346536e-17   384
  7.190254e-01   1.673926e-16   2.681431e-04   8.552468e-18   576
  7.202219e-01   1.817567e-16   1.654845e-04   1.225418e-17   360
  7.211864e-01   1.813532e-16   2.464465e-04   8.465052e-18   828
  7.222268e-01   1.735443e-16   2.195064e-04   9.454824e-18   372
  7.231800e-01   1.822281e-16   3.352284e-04   8.552362e-18   576
  7.244428e-01   1.915565e-16   1.403933e-04   8.747812e-18   636
  7.253425e-01   1.747862e-16   2.706420e-04   8.081074e-18   648
  7.265596e-01   1.692185e-16   2.200024e-04   8.241774e-18   576
  7.274333e-01   1.704892e-16   3.548870e-04   9.174439e-18   528
  7.285953e-01   1.698161e-16   1.517289e-04   1.065872e-17   360
  7.295571e-01   1.436148e-16   3.490332e-04   6.193121e-18   672
  7.308130e-01   1.703345e-16   1.787806e-04   7.757507e-18   804
  7.318582e-01   1.767418e-16   1.972163e-04   9.498747e-18   408
  7.330145e-01   1.586521e-16   1.219011e-04   8.878385e-18   384
  7.337931e-01   1.305463e-16   2.789567e-04   8.219973e-18   480
  7.348913e-01   1.496418e-16   1.802469e-04   8.455544e-18   432
  7.359446e-01   1.834225e-16   3.321566e-04   8.289640e-18   648
  7.371913e-01   1.603938e-16   2.061016e-04   7.867712e-18   624
  7.381033e-01   1.591111e-16   1.874668e-04   9.604090e-18   456
  7.393486e-01   1.379600e-16   2.560963e-04   8.573066e-18   588
  7.401831e-01   1.305165e-16   1.633884e-04   6.552515e-18   600
  7.414016e-01   1.356126e-16   2.548458e-04   5.569142e-18   708
  7.423640e-01   1.302309e-16   1.605479e-04   7.286048e-18   360
  7.434275e-01   1.517592e-16   1.845541e-04   8.203581e-18   552
  7.444470e-01   1.376912e-16   1.294691e-04   1.180081e-17   288
  7.454820e-01   1.182854e-16   2.434372e-04   5.880640e-18   528
  7.464545e-01   1.320841e-16   1.642340e-04   6.330513e-18   456
  7.475410e-01   1.414054e-16   2.912225e-04   7.297097e-18   608
  7.486338e-01   1.112053e-16   1.408967e-04   5.237330e-18   504
  7.498278e-01   9.526971e-17   3.024972e-04   5.057087e-18   540
  7.507642e-01   1.501472e-16   3.247222e-04   9.502144e-18   360
  7.517735e-01   1.529742e-16   1.470509e-04   7.399554e-18   540
  7.526661e-01   1.246268e-16   1.262606e-04   6.426177e-18   576
  7.539642e-01   1.236098e-16   2.927555e-04   5.901611e-18   588
  7.551985e-01   1.264982e-16   4.039143e-04   6.218657e-18   672
  7.562588e-01   1.383062e-16   3.087151e-04   6.627420e-18   552
  7.571135e-01   8.689811e-17   3.088712e-04   6.923159e-18   144
  7.582042e-01   1.282157e-16   2.624178e-04   6.287522e-18   600
  7.592383e-01   1.009147e-16   3.288668e-04   5.632166e-18   504
  7.603860e-01   1.132449e-16   3.378126e-04   8.688986e-18   336
  7.615932e-01   1.112274e-16   3.797028e-04   5.316183e-18   600
  7.626744e-01   1.006247e-16   2.450478e-04   5.606523e-18   636
  7.638413e-01   1.210000e-16   1.970206e-04   9.896471e-18   384
  7.646595e-01   1.176576e-16   2.748205e-04   7.643399e-18   504
  7.658387e-01   9.804078e-17   1.153383e-04   6.957177e-18   240
  7.667694e-01   1.092401e-16   2.709461e-04   4.436786e-18   744
  7.678860e-01   9.519201e-17   1.850150e-04   4.834379e-18   648
  7.688783e-01   1.721868e-16   1.228185e-04   1.469547e-17   120
  7.700414e-01   8.888110e-17   1.929319e-04   4.016221e-18   564
  7.709202e-01   1.220225e-16   3.030111e-04   7.000830e-18   432
  7.720932e-01   9.067213e-17   2.351965e-04   6.077731e-18   480
  7.729764e-01   7.107243e-17   1.731106e-04   4.223741e-18   456
  7.740189e-01   9.778400e-17   2.864725e-04   6.089185e-18   444
  7.752020e-01   8.845570e-17   4.383180e-04   5.458022e-18   528
  7.762412e-01   1.063279e-16   3.255297e-04   9.371314e-18   264
  7.772498e-01   8.538580e-17   3.336195e-04   4.840631e-18   444
  7.786065e-01   9.241151e-17   3.654311e-04   4.177597e-18   696
  7.797327e-01   9.964636e-17   1.954448e-04   6.561334e-18   384
  7.805563e-01   8.238916e-17   2.469609e-04   4.476836e-18   432
  7.818373e-01   1.094527e-16   1.706384e-04   6.482973e-18   488
  7.826690e-01   1.006947e-16   2.571733e-04   5.101615e-18   480
  7.838749e-01   8.399971e-17   2.868014e-04   5.347202e-18   480
  7.848089e-01   7.146433e-17   1.203331e-04   4.794549e-18   240
  7.858692e-01   8.978865e-17   2.810886e-04   4.744588e-18   600
  7.868694e-01   6.868967e-17   2.449399e-04   4.732698e-18   288
  7.879343e-01   8.311146e-17   2.356143e-04   5.036711e-18   480
  7.890129e-01   6.812748e-17   4.191157e-04   4.159020e-18   504
  7.900748e-01   9.112750e-17   1.798267e-04   6.489789e-18   216
  7.914291e-01   8.431175e-17   2.944050e-04   5.286274e-18   504
  7.924838e-01   6.654867e-17   2.367912e-04   4.057885e-18   456
  7.936384e-01   1.020786e-16   1.358038e-04   6.390154e-18   384
  7.944031e-01   1.038467e-16   2.756326e-04   6.434709e-18   480
  7.954897e-01   6.339709e-17   2.420363e-04   4.098020e-18   504
  7.964966e-01   7.827459e-17   1.535327e-04   4.989736e-18   312
  7.975815e-01   7.904565e-17   2.474127e-04   5.016339e-18   492
  7.985417e-01   9.178027e-17   2.318919e-04   6.304240e-18   312
  7.997779e-01   6.774938e-17   3.766899e-04   3.393131e-18   576
  8.008661e-01   8.860316e-17   3.477153e-04   7.167982e-18   336
  8.017699e-01   4.691155e-17   2.677247e-04   3.687092e-18   240
  8.030228e-01   7.174597e-17   3.549351e-04   4.256155e-18   468
  8.041047e-01   6.599672e-17   2.222407e-04   6.106242e-18   192
  8.052370e-01   5.678250e-17   2.229031e-04   4.330877e-18   324
  8.060669e-01   6.695754e-17   1.617794e-04   3.626856e-18   600
  8.071978e-01   6.764142e-17   2.624704e-04   3.975239e-18   456
  8.080377e-01   7.226219e-17   1.180592e-04   5.399678e-18   336
  8.094297e-01   7.494376e-17   3.535027e-04   4.386947e-18   612
  8.104424e-01   5.594383e-17   2.966749e-04   9.776815e-18   144
  8.114002e-01   7.355706e-17   3.462957e-04   4.213414e-18   552
  8.127025e-01   3.935811e-17   1.363755e-04   2.494452e-18   264
  8.134384e-01   5.882706e-17   3.157441e-04   4.860780e-18   336
  8.145992e-01   5.064635e-17   2.086329e-04   2.988343e-18   384
  8.156059e-01   5.721879e-17   1.174397e-04   5.204882e-18   216
  8.167203e-01   4.292678e-17   2.489964e-04   2.933537e-18   344
  8.177364e-01   4.512285e-17   3.715143e-04   2.847119e-18   408
  8.189746e-01   5.431930e-17   2.854845e-04   5.183499e-18   264
  8.200718e-01   5.499548e-17   3.979796e-04   3.328232e-18   612
  8.211681e-01   7.359267e-17   2.048307e-04   5.103489e-18   408
  8.222956e-01   5.212361e-17   2.051251e-04   4.317401e-18   444
  8.231239e-01   9.753248e-17   1.147249e-04   8.585410e-18   120
  8.242338e-01   6.061575e-17   3.169640e-04   5.243154e-18   336
  8.250576e-01   4.679346e-17   1.101437e-04   3.475769e-18   288
  8.261708e-01   5.101002e-17   3.427692e-04   2.891718e-18   552
  8.277012e-01   6.753991e-17   0.000000e+00   9.490070e-18   72
  8.284882e-01   4.926625e-17   3.404572e-04   2.982716e-18   504
  8.294074e-01   2.607227e-17   1.095558e-04   2.334518e-18   216
  8.305983e-01   3.927062e-17   1.956043e-04   3.029049e-18   312
  8.316675e-01   3.280343e-17   2.227263e-04   2.436071e-18   336
  8.326865e-01   3.250357e-17   3.087236e-04   2.948231e-18   204
  8.337014e-01   7.293842e-17   3.587838e-04   5.619944e-18   504
  8.347777e-01   6.285954e-17   3.416652e-04   4.212263e-18   396
  8.358127e-01   4.611721e-17   3.133249e-04   3.922925e-18   312
  8.370674e-01   7.405795e-17   1.914750e-04   7.192596e-18   216
  8.379516e-01   4.340498e-17   1.039172e-04   4.381401e-18   168
  8.390260e-01   4.412865e-17   2.623966e-04   2.788582e-18   588
  8.402521e-01   3.158990e-17   3.561727e-04   3.714314e-18   240
  8.412047e-01   3.056930e-17   3.145601e-04   2.806164e-18   264
  8.423219e-01   3.849069e-17   3.890183e-04   3.327884e-18   288
  8.433131e-01   4.135133e-17   1.942596e-04   3.675718e-18   288
  8.445693e-01   3.200482e-17   1.824406e-04   2.654828e-18   288
  8.454153e-01   3.421309e-17   2.113423e-04   3.036220e-18   192
  8.464795e-01   2.334298e-17   2.248894e-04   2.078399e-18   264
  8.474933e-01   6.402988e-17   3.699119e-04   4.613501e-18   372
  8.485844e-01   6.791373e-17   3.995208e-04   6.088603e-18   360
  8.499161e-01   6.024880e-17   1.690810e-04   8.388826e-18   144
  8.506044e-01   3.402480e-17   2.348461e-04   3.359403e-18   296
  8.516909e-01   3.525330e-17   2.530345e-04   3.327776e-18   288
  8.529347e-01   3.741902e-17   3.781537e-04   2.650394e-18   480
  8.540076e-01   3.334287e-17   3.142096e-04   5.595110e-18   192
  8.550509e-01   4.542760e-17   3.370327e-04   4.505130e-18   192
  8.559992e-01   3.108426e-17   2.147949e-04   2.803377e-18   288
  8.573180e-01   1.438174e-17   1.869760e-04   1.742174e-18   108
  8.579823e-01   3.184609e-17   1.797545e-04   3.206721e-18   240
  8.591554e-01   2.388954e-17   3.353363e-04   2.434768e-18   384
  8.603605e-01   3.511208e-17   4.090722e-04   3.880241e-18   108
  8.614261e-01   4.711612e-17   2.398466e-04   3.401192e-18   348
  8.625466e-01   3.047536e-17   2.503134e-04   3.996535e-18   312
  8.635474e-01   3.258285e-17   2.432319e-04   7.172276e-18   96
  8.644677e-01   2.895948e-17   3.238194e-04   2.391434e-18   384
  8.654984e-01   3.177968e-17   2.227222e-04   3.026025e-18   144
  8.665066e-01   3.289368e-17   3.422225e-04   2.652161e-18   408
  8.677598e-01   1.499485e-17   1.526554e-04   2.466503e-18   144
  8.689437e-01   3.007179e-17   2.934816e-04   3.567572e-18   192
  8.696459e-01   3.572959e-17   3.303190e-04   3.598927e-18   144
  8.707904e-01   1.808728e-17   2.685615e-04   1.935901e-18   144
  8.718702e-01   3.080480e-17   3.282257e-04   2.984237e-18   336
  8.731927e-01   1.440290e-17   2.428454e-04   1.112455e-18   240
  8.740312e-01   2.020905e-17   1.102739e-04   2.822979e-18   96
  8.752007e-01   3.525416e-17   3.233803e-04   3.288109e-18   372
  8.763838e-01   2.537368e-17   3.846540e-04   4.083272e-18   132
  8.774230e-01   1.590599e-17   2.380193e-04   1.241524e-18   264
  8.783527e-01   4.055894e-17   1.827880e-04   5.320374e-18   168
  8.793449e-01   2.738074e-17   2.922429e-04   2.408066e-18   216
  8.802213e-01   2.262660e-17   1.787978e-04   2.990657e-18   216
  8.814979e-01   8.461356e-18   3.280196e-04   8.236722e-19   96
  8.826561e-01   3.212963e-17   2.140028e-04   4.699155e-18   120
  8.837183e-01   1.934572e-17   2.720578e-04   2.153671e-18   216
  8.845934e-01   1.485192e-17   1.188902e-04   1.488918e-18   200
  8.857519e-01   2.256466e-17   3.077557e-04   3.086122e-18   288
  8.872378e-01   7.089324e-18   8.097649e-05   5.327678e-19   144
  8.878635e-01   2.388005e-17   2.519939e-04   3.763523e-18   168
  8.891412e-01   2.523857e-17   2.835956e-04   4.493711e-18   159
  8.901386e-01   1.380496e-17   2.975600e-04   1.214049e-18   174
  8.911039e-01   1.248477e-17   2.698170e-04   1.137321e-18   144
  8.923678e-01   2.207581e-17   1.557998e-04   2.199775e-18   222
  8.932131e-01   1.420183e-17   1.572158e-04   1.586977e-18   168
  8.946732e-01   2.304350e-17   3.448346e-04   5.043497e-18   30
  8.952763e-01   4.958253e-18   3.044637e-04   6.431338e-19   72
  8.964123e-01   1.327360e-17   2.717302e-04   1.473332e-18   258
  8.976612e-01   1.211525e-17   1.701916e-04   1.141850e-18   264
  8.982857e-01   1.498684e-17   1.835347e-08   2.469539e-18   72
  8.995871e-01   7.455736e-18   3.373270e-04   7.683168e-19   174
  9.007654e-01   1.584118e-17   3.591909e-04   2.270060e-18   168
  9.017127e-01   4.384389e-18   1.123916e-08   6.076516e-19   48
  9.027297e-01   8.500095e-18   2.028435e-04   1.090975e-18   150
  9.039088e-01   1.698089e-17   3.731453e-04   1.529322e-18   168
  9.050911e-01   8.840488e-18   2.273028e-04   9.311629e-19   144
  9.061784e-01   1.818127e-17   2.123525e-04   3.012939e-18   102
  9.069882e-01   4.353464e-18   3.143182e-04   4.218685e-19   96
  9.082731e-01   3.454365e-18   3.119397e-04   2.974731e-19   120
  9.092246e-01   3.580451e-18   3.345635e-04   2.678188e-19   168
  9.102538e-01   1.597735e-17   2.470487e-04   1.450171e-18   126
  9.111308e-01   1.005609e-17   1.863241e-04   1.372019e-18   168
  9.123389e-01   6.071884e-18   2.987709e-04   7.595206e-19   72
  9.133947e-01   4.681680e-18   3.741278e-04   3.944091e-19   168
  9.143196e-01   1.441782e-17   1.025668e-04   3.438426e-18   78
  9.155870e-01   4.661973e-18   1.684070e-04   6.823044e-19   60
  9.166075e-01   1.575045e-17   2.731835e-04   2.752200e-18   96
  9.176659e-01   6.235948e-18   3.314854e-04   4.876036e-19   168
  9.186605e-01   5.133019e-18   2.097511e-04   8.145190e-19   86
  9.197042e-01   4.000711e-18   1.874678e-04   4.048469e-19   120
  9.212002e-01   3.540665e-18   1.336894e-04   3.168908e-19   168
  9.220069e-01   2.462943e-18   0.000000e+00   3.643304e-19   48
  9.230934e-01   8.966558e-18   2.435676e-04   9.490192e-19   120
  9.237177e-01   6.342078e-18   1.776924e-04   9.248538e-19   126
  9.252418e-01   4.977770e-18   3.125113e-04   6.244810e-19   96
  9.262310e-01   5.140592e-18   9.011285e-05   4.946862e-19   96
  9.270111e-01   3.542948e-18   1.059638e-08   3.194589e-19   72
  9.286731e-01   4.415874e-18   1.123916e-08   7.630747e-19   24
  9.297104e-01   5.646723e-18   1.854501e-04   5.507919e-19   120
  9.305196e-01   5.550240e-18   2.705147e-04   7.578359e-19   126
  9.314194e-01   3.905146e-18   2.255107e-04   4.154956e-19   96
  9.324708e-01   2.608390e-18   3.897482e-04   2.913085e-19   72
  9.336415e-01   3.525249e-18   1.685792e-04   3.076769e-19   144
  9.346046e-01   2.633017e-18   9.723254e-05   3.335101e-19   72
  9.355666e-01   5.373988e-18   1.942081e-04   9.840593e-19   54
  9.364132e-01   4.997451e-18   1.711436e-04   4.762564e-19   108
  9.381728e-01   5.671271e-18   1.677650e-04   5.891045e-19   72
  9.387206e-01   3.439211e-18   9.680617e-05   3.473313e-19   72
  9.400202e-01   1.944353e-18   1.946680e-08   3.953748e-19   24
  9.412498e-01   1.441246e-18   2.047976e-04   2.716629e-19   48
  9.419964e-01   4.183562e-18   1.560029e-04   5.208179e-19   102
  9.431203e-01   2.764001e-18   3.528137e-04   2.521076e-19   168
  9.445889e-01   2.376250e-18   1.924163e-04   2.818215e-19   72
  9.451330e-01   2.643003e-18   0.000000e+00   3.032834e-19   48
  9.462744e-01   3.107992e-18   3.309678e-04   4.064102e-19   120
  9.477807e-01   2.885446e-18   2.033864e-04   3.243739e-19   96
  9.492033e-01   7.949566e-18   1.798266e-08   2.422883e-18   30
  9.508942e-01   3.703213e-18   9.555995e-05   5.296378e-19   72
  9.516372e-01   2.802282e-18   1.123916e-08   4.602936e-19   24
  9.525916e-01   1.800373e-18   1.416435e-04   1.969514e-19   56
  9.536606e-01   1.826543e-18   2.021324e-04   1.692556e-19   96
  9.549399e-01   2.484332e-18   2.232036e-04   2.297087e-19   144
  9.559263e-01   3.469087e-18   1.267263e-04   5.326986e-19   54
  9.573592e-01   2.252292e-18   1.898493e-04   2.310705e-19   108
  9.588012e-01   5.479249e-18   1.005243e-04   9.679414e-19   48
  9.601739e-01   2.234902e-18   3.785063e-04   2.676620e-19   72
  9.634680e-01   4.503489e-18   2.500803e-04   4.854614e-19   78
  9.643808e-01   1.513085e-18   1.884669e-04   1.444860e-19   72
  9.654462e-01   1.931934e-18   1.882329e-04   2.550796e-19   72
  9.665603e-01   2.061318e-18   4.542266e-04   2.304519e-19   96
  9.674408e-01   2.224548e-18   1.878449e-04   1.980944e-19   72
  9.685029e-01   3.394388e-18   0.000000e+00   6.316547e-19   24
  9.695638e-01   1.940386e-18   3.748416e-04   2.107444e-19   72
  9.719599e-01   2.557071e-18   2.380359e-04   3.138587e-19   30
  9.724755e-01   2.942111e-18   0.000000e+00   6.165890e-19   24
  9.752466e-01   1.350717e-18   1.976584e-04   2.099272e-19   48
  9.761159e-01   1.733371e-18   4.253608e-04   1.371651e-19   120
  9.772870e-01   1.897578e-18   1.859776e-04   1.765208e-19   72
  9.784697e-01   1.675599e-18   1.857528e-04   2.742734e-19   36
  9.792826e-01   1.709440e-18   3.671339e-04   1.791180e-19   78
  9.815513e-01   2.124919e-18   1.963888e-04   2.927917e-19   48
  9.844928e-01   2.663754e-18   1.589457e-08   4.428584e-19   24
  9.865884e-01   1.025436e-18   1.367612e-04   1.217123e-19   56
  9.876436e-01   1.085553e-18   2.104496e-04   8.516352e-20   102
  9.889860e-01   1.665578e-18   1.498555e-08   1.994542e-19   72
  9.897653e-01   1.486089e-18   1.123916e-08   2.384784e-19   24
  9.911277e-01   1.274499e-18   1.944913e-04   1.831431e-19   48
  9.936528e-01   2.216952e-18   0.000000e+00   3.335888e-19   24
  9.967520e-01   7.973391e-19   0.000000e+00   1.323999e-19   6
  9.977185e-01   7.592456e-19   0.000000e+00   1.091337e-19   24
  9.983623e-01   1.041489e-18   1.820511e-04   1.374597e-19   72
  9.995384e-01   1.420553e-18   3.396336e-04   1.359924e-19   84
  1.000805e+00   1.149569e-18   0.000000e+00   1.763742e-19   24
  1.001190e+00   1.326642e-18   1.589457e-08   1.631919e-19   24
  1.003114e+00   1.218179e-18   1.946680e-08   2.038999e-19   24
  1.005800e+00   1.009859e-18   0.000000e+00   4.370814e-19   6
  1.009244e+00   9.874689e-19   1.910001e-04   1.585410e-19   48
  1.010072e+00   1.010711e-18   3.598129e-04   1.342222e-19   72
  1.011152e+00   1.047215e-18   1.906396e-04   1.472760e-19   48
  1.012867e+00   1.276475e-18   0.000000e+00   4.405763e-19   24
  1.015148e+00   3.561526e-19   0.000000e+00   5.219027e-20   6
  1.020262e+00   1.397071e-18   0.000000e+00   4.649551e-19   8
  1.020640e+00   1.086755e-18   1.123916e-08   1.447125e-19   48
  1.021546e+00   1.143969e-18   1.848806e-04   1.229836e-19   60
  1.022904e+00   1.504657e-18   0.000000e+00   2.919071e-19   24
  1.024787e+00   6.368169e-19   0.000000e+00   1.114133e-19   6
  1.031723e+00   1.283427e-18   0.000000e+00   2.883421e-19   24
  1.032283e+00   9.850925e-19   1.867372e-04   1.453134e-19   48
  1.033217e+00   6.955426e-19   0.000000e+00   1.882096e-19   24
  1.034708e+00   7.156132e-19   0.000000e+00   3.156822e-20   6
  1.043181e+00   9.452407e-19   1.742080e-04   1.374069e-19   36
  1.043797e+00   9.801953e-19   0.000000e+00   2.270401e-19   24
  1.044904e+00   9.477894e-19   0.000000e+00   3.121074e-19   6
  1.054545e+00   1.032797e-18   1.583190e-04   1.663565e-19   32
  1.055367e+00   1.328745e-18   0.000000e+00   5.957290e-19   6
  1.065728e+00   1.657986e-18   0.000000e+00   4.363393e-19   12
  1.066089e+00   1.122017e-18   0.000000e+00   2.287954e-19   6
  1.077063e+00   6.828557e-19   0.000000e+00   1.148390e-19   6
