# power spectrum of chi
# redshift z=29.789154
# k              Pk             sigma(k)       sigma(Pk)      count
  1.963495e-02   1.500348e-20   0.000000e+00   4.625413e-21   6
  2.776802e-02   5.746252e-20   0.000000e+00   1.446235e-20   12
  3.400874e-02   3.329267e-20   3.725290e-10   1.425968e-20   8
  3.926991e-02   1.945764e-20   0.000000e+00   7.383238e-21   6
  4.390509e-02   2.169271e-20   7.024475e-10   4.915141e-21   24
  4.809562e-02   2.577624e-20   7.024475e-10   3.630655e-21   24
  5.553604e-02   2.886286e-20   0.000000e+00   9.741304e-21   12
  5.890486e-02   2.115848e-20   7.947286e-10   3.070577e-21   30
  6.209118e-02   9.783280e-21   0.000000e+00   1.822684e-21   24
  6.512178e-02   1.395068e-20   1.216675e-09   2.923425e-21   24
  6.801748e-02   1.014004e-20   7.450581e-10   2.718462e-21   8
  7.079483e-02   1.034292e-20   9.934107e-10   3.012364e-21   24
  7.346727e-02   1.025758e-20   0.000000e+00   1.579989e-21   48
  7.853982e-02   3.457003e-21   0.000000e+00   8.141861e-22   6
  8.095699e-02   6.796214e-21   9.934107e-10   9.821871e-22   48
  8.330406e-02   6.664070e-21   9.365966e-10   1.306712e-21   36
  8.558678e-02   5.983725e-21   9.934107e-10   9.724182e-22   24
  8.781018e-02   7.861530e-21   1.404895e-09   1.343232e-21   24
  8.997866e-02   6.120328e-21   0.000000e+00   7.588408e-22   48
  9.209610e-02   8.140959e-21   1.404895e-09   1.113491e-21   24
  9.619124e-02   4.391597e-21   1.404895e-09   5.950887e-22   24
  9.817477e-02   3.270606e-21   0.000000e+00   5.397289e-22   30
  1.001190e-01   5.367587e-21   0.000000e+00   6.244101e-22   72
  1.020262e-01   3.373691e-21   1.490116e-09   5.147278e-22   32
  1.057375e-01   3.666245e-21   0.000000e+00   3.872143e-22   72
  1.075451e-01   2.744576e-21   0.000000e+00   4.185802e-22   48
  1.110721e-01   4.241441e-21   0.000000e+00   1.455322e-21   12
  1.127942e-01   2.725900e-21   0.000000e+00   3.999735e-22   48
  1.144905e-01   3.108421e-21   0.000000e+00   4.080411e-22   48
  1.161620e-01   3.330623e-21   1.404895e-09   5.297888e-22   48
  1.178097e-01   3.731188e-21   1.589457e-09   7.714649e-22   30
  1.194348e-01   2.460251e-21   0.000000e+00   3.360539e-22   24
  1.210380e-01   2.658485e-21   2.961779e-09   3.230470e-22   72
  1.241824e-01   2.445103e-21   0.000000e+00   7.077650e-22   24
  1.257251e-01   1.828122e-21   0.000000e+00   1.967556e-22   96
  1.272490e-01   1.865132e-21   0.000000e+00   2.724630e-22   48
  1.287550e-01   1.411285e-21   2.433349e-09   1.658687e-22   24
  1.302436e-01   2.880117e-21   2.433349e-09   4.356590e-22   24
  1.317153e-01   1.762207e-21   0.000000e+00   1.892344e-22   72
  1.331707e-01   1.173238e-21   0.000000e+00   1.653091e-22   48
  1.360350e-01   2.265775e-21   1.490116e-09   5.426048e-22   8
  1.374447e-01   1.823482e-21   1.766064e-09   2.092861e-22   54
  1.388401e-01   1.825350e-21   0.000000e+00   1.726779e-22   84
  1.402216e-01   1.048164e-21   0.000000e+00   1.416667e-22   48
  1.415897e-01   1.096860e-21   1.986821e-09   1.480466e-22   24
  1.429446e-01   1.582063e-21   2.649095e-09   1.915968e-22   72
  1.442869e-01   9.848272e-22   0.000000e+00   1.017961e-22   96
  1.469345e-01   1.347269e-21   0.000000e+00   1.769213e-22   48
  1.482407e-01   7.276124e-22   0.000000e+00   1.131538e-22   48
  1.495354e-01   1.083555e-21   0.000000e+00   1.961369e-22   24
  1.508189e-01   1.116577e-21   0.000000e+00   1.079129e-22   72
  1.533539e-01   9.483194e-22   0.000000e+00   1.570085e-22   72
  1.546058e-01   8.376506e-22   0.000000e+00   9.144062e-23   96
  1.570796e-01   7.088394e-22   0.000000e+00   1.887040e-22   6
  1.583021e-01   8.239061e-22   0.000000e+00   1.006753e-22   96
  1.595151e-01   8.259219e-22   1.986821e-09   9.474850e-23   96
  1.607190e-01   1.203015e-21   0.000000e+00   3.044300e-22   24
  1.619140e-01   7.926485e-22   1.986821e-09   9.653751e-23   48
  1.631002e-01   6.219290e-22   0.000000e+00   5.196384e-23   96
  1.642778e-01   8.794898e-22   0.000000e+00   1.390266e-22   48
  1.666081e-01   6.340023e-22   1.873193e-09   1.629821e-22   36
  1.677611e-01   4.138181e-22   3.441276e-09   6.065103e-23   48
  1.689063e-01   4.563250e-22   3.893359e-09   3.361674e-23   120
  1.700437e-01   6.034522e-22   0.000000e+00   1.335644e-22   56
  1.711736e-01   5.124995e-22   1.986821e-09   1.037949e-22   24
  1.722960e-01   6.405210e-22   0.000000e+00   6.319875e-23   96
  1.734112e-01   6.200497e-22   0.000000e+00   9.408388e-23   48
  1.756204e-01   3.612902e-22   2.809790e-09   4.937666e-23   24
  1.767146e-01   5.294702e-22   0.000000e+00   5.211440e-23   102
  1.778021e-01   5.017863e-22   1.986821e-09   6.294393e-23   48
  1.788829e-01   5.864416e-22   0.000000e+00   7.055985e-23   72
  1.799573e-01   4.720391e-22   0.000000e+00   8.861121e-23   48
  1.810253e-01   5.071476e-22   0.000000e+00   6.098068e-23   48
  1.820871e-01   5.813476e-22   4.495664e-09   4.629333e-23   120
  1.841922e-01   6.515952e-22   2.809790e-09   1.269241e-22   24
  1.852358e-01   3.548169e-22   2.649095e-09   2.824460e-23   144
  1.862735e-01   3.002285e-22   3.178914e-09   2.614430e-23   120
  1.873055e-01   3.238635e-22   2.809790e-09   3.793715e-23   48
  1.893526e-01   3.396458e-22   2.809790e-09   3.183131e-23   48
  1.903679e-01   4.300919e-22   2.809790e-09   3.172598e-23   96
  1.930487e-01   3.992425e-22   4.711199e-04   4.266910e-23   72
  1.943761e-01   3.543505e-22   2.497591e-09   3.588055e-23   108
  1.953653e-01   2.995896e-22   0.000000e+00   2.696187e-23   72
  1.963495e-01   2.958013e-22   0.000000e+00   5.098400e-23   30
  1.973288e-01   2.727645e-22   0.000000e+00   2.029950e-23   168
  1.983033e-01   3.647043e-22   0.000000e+00   5.070397e-23   48
  2.002380e-01   2.700408e-22   0.000000e+00   2.458064e-23   72
  2.011984e-01   2.710715e-22   0.000000e+00   2.741098e-23   96
  2.021542e-01   2.896389e-22   5.298191e-09   3.371249e-23   72
  2.031055e-01   3.305401e-22   0.000000e+00   2.991450e-23   72
  2.047049e-01   2.898796e-22   4.350048e-04   2.771405e-23   104
  2.059331e-01   2.349170e-22   3.746387e-09   1.807972e-23   144
  2.087224e-01   1.841635e-22   6.282881e-09   1.863658e-23   96
  2.096439e-01   1.764405e-22   0.000000e+00   1.595130e-23   96
  2.111095e-01   2.503400e-22   4.475232e-04   2.086277e-23   120
  2.123845e-01   1.786099e-22   0.000000e+00   1.504247e-23   120
  2.132902e-01   1.662576e-22   0.000000e+00   1.990678e-23   72
  2.150901e-01   1.603048e-22   0.000000e+00   2.534562e-23   48
  2.159845e-01   2.333243e-22   4.890638e-09   2.324075e-23   78
  2.171286e-01   1.853091e-22   4.007142e-04   1.490707e-23   168
  2.195255e-01   1.818938e-22   4.588368e-09   1.797970e-23   144
  2.204018e-01   1.691651e-22   3.746387e-09   1.580777e-23   144
  2.229436e-01   1.919311e-22   2.307791e-04   1.368614e-23   156
  2.238729e-01   1.493153e-22   4.866699e-09   2.273959e-23   48
  2.247323e-01   1.684285e-22   3.178914e-09   1.605687e-23   120
  2.255884e-01   1.865353e-22   0.000000e+00   3.956636e-23   48
  2.271022e-01   1.571263e-22   3.532495e-04   9.740230e-24   216
  2.289809e-01   1.088351e-22   0.000000e+00   1.753956e-23   48
  2.298212e-01   1.610649e-22   2.809790e-09   1.582279e-23   96
  2.310160e-01   1.396086e-22   4.128272e-04   9.763172e-24   168
  2.323239e-01   1.477776e-22   2.809790e-09   1.284415e-23   48
  2.331522e-01   1.090690e-22   0.000000e+00   9.048198e-24   96
  2.339775e-01   1.594906e-22   0.000000e+00   2.570455e-23   48
  2.356194e-01   1.212117e-22   3.178914e-09   1.738016e-23   30
  2.364362e-01   1.160163e-22   0.000000e+00   1.084671e-23   96
  2.374123e-01   1.205135e-22   3.244455e-04   6.620759e-24   240
  2.386674e-01   1.265464e-22   3.500299e-04   2.442465e-23   32
  2.396752e-01   9.898517e-23   0.000000e+00   8.942236e-24   168
  2.404781e-01   1.165024e-22   0.000000e+00   9.914790e-24   120
  2.420760e-01   9.197313e-23   5.923557e-09   8.698202e-24   72
  2.428710e-01   8.936905e-23   2.649095e-09   7.428350e-24   144
  2.436634e-01   8.087974e-23   0.000000e+00   9.793606e-24   96
  2.444532e-01   8.179373e-23   0.000000e+00   8.058666e-24   96
  2.460253e-01   8.726848e-23   0.000000e+00   1.002653e-23   72
  2.468075e-01   8.728156e-23   3.973643e-09   8.784211e-24   96
  2.483647e-01   1.284043e-22   0.000000e+00   2.331770e-23   24
  2.491396e-01   1.004292e-22   0.000000e+00   6.767360e-24   192
  2.500522e-01   8.778538e-23   2.970416e-04   6.898815e-24   132
  2.514501e-01   9.985119e-23   0.000000e+00   1.443287e-23   96
  2.522156e-01   1.070361e-22   0.000000e+00   9.004957e-24   96
  2.529787e-01   1.004887e-22   3.178914e-09   8.113567e-24   120
  2.544981e-01   1.077676e-22   0.000000e+00   1.695260e-23   48
  2.557435e-01   8.707171e-23   3.599905e-04   5.531931e-24   222
  2.567603e-01   1.092919e-22   0.000000e+00   7.699081e-24   120
  2.575100e-01   5.847287e-23   4.866699e-09   9.537807e-24   24
  2.586015e-01   7.980883e-23   3.715625e-04   4.116407e-24   312
  2.609797e-01   6.084845e-23   3.483547e-04   5.832415e-24   72
  2.619630e-01   7.117610e-23   4.866699e-09   6.594860e-24   96
  2.629726e-01   6.655120e-23   3.547511e-04   4.360337e-24   192
  2.641613e-01   7.219793e-23   4.495664e-09   5.268133e-24   120
  2.648900e-01   6.344720e-23   0.000000e+00   4.984751e-24   144
  2.663415e-01   9.089970e-23   0.000000e+00   1.375567e-23   48
  2.673732e-01   6.124345e-23   3.567146e-04   3.393536e-24   336
  2.685040e-01   7.148048e-23   0.000000e+00   6.497976e-24   48
  2.699360e-01   6.445728e-23   0.000000e+00   4.442354e-24   192
  2.706492e-01   4.226874e-23   0.000000e+00   5.773523e-24   48
  2.726764e-01   5.318057e-23   2.476067e-04   7.744334e-24   56
  2.736844e-01   6.234666e-23   3.180112e-04   3.270890e-24   336
  2.748894e-01   5.874331e-23   3.532127e-09   7.752223e-24   54
  2.759390e-01   5.374897e-23   3.492904e-04   3.518942e-24   240
  2.781181e-01   5.342100e-23   3.344484e-04   3.339800e-24   228
  2.790651e-01   5.772948e-23   3.746387e-09   7.330535e-24   72
  2.799844e-01   6.275183e-23   3.244231e-04   5.252822e-24   144
  2.811298e-01   5.359623e-23   0.000000e+00   5.838079e-24   96
  2.818146e-01   4.915882e-23   4.495664e-09   3.263060e-24   240
  2.831793e-01   6.134528e-23   3.973643e-09   1.026398e-23   24
  2.840530e-01   5.439825e-23   3.064151e-04   2.998230e-24   336
  2.852142e-01   4.941565e-23   0.000000e+00   5.383148e-24   72
  2.862741e-01   5.250156e-23   3.332831e-04   4.099356e-24   168
  2.872346e-01   6.075886e-23   0.000000e+00   6.973975e-24   72
  2.885737e-01   4.685725e-23   0.000000e+00   4.136362e-24   96
  2.896108e-01   3.848579e-23   3.307829e-04   2.853756e-24   216
  2.905708e-01   3.451972e-23   0.000000e+00   3.348772e-24   96
  2.918946e-01   3.771323e-23   3.973643e-09   2.639615e-24   192
  2.925542e-01   3.516812e-23   3.746387e-09   2.676784e-24   144
  2.938691e-01   4.534543e-23   0.000000e+00   5.826962e-24   48
  2.947794e-01   3.760346e-23   3.189136e-04   2.348098e-24   246
  2.960164e-01   4.175940e-23   2.940434e-04   2.956917e-24   168
  2.971308e-01   4.625849e-23   7.786718e-09   4.057682e-24   120
  2.977788e-01   3.249851e-23   0.000000e+00   2.217366e-24   240
  2.990707e-01   4.846220e-23   0.000000e+00   9.310402e-24   24
  3.001001e-01   3.560632e-23   3.147475e-04   2.068847e-24   360
  3.013820e-01   3.219106e-23   3.134082e-04   2.816933e-24   120
  3.022763e-01   3.082733e-23   0.000000e+00   2.714475e-24   144
  3.029133e-01   3.751437e-23   0.000000e+00   3.235439e-24   96
  3.048165e-01   2.663409e-23   0.000000e+00   1.700133e-24   144
  3.054482e-01   2.853324e-23   0.000000e+00   2.627657e-24   132
  3.063360e-01   2.682495e-23   3.093292e-04   1.751002e-24   176
  3.076248e-01   2.949043e-23   3.123602e-04   1.608783e-24   312
  3.092116e-01   2.847032e-23   0.000000e+00   2.885274e-24   96
  3.098343e-01   2.475157e-23   0.000000e+00   1.821678e-24   144
  3.107899e-01   2.993919e-23   3.092271e-04   1.546886e-24   312
  3.123131e-01   3.195142e-23   0.000000e+00   4.080398e-24   48
  3.129297e-01   3.466571e-23   3.973643e-09   2.650641e-24   192
  3.141593e-01   2.509367e-23   0.000000e+00   4.554494e-24   6
  3.149762e-01   2.431950e-23   2.884066e-04   1.490820e-24   288
  3.162994e-01   2.502974e-23   3.047203e-04   1.711760e-24   192
  3.172124e-01   2.448877e-23   9.345130e-09   1.673784e-24   216
  3.178195e-01   3.116490e-23   0.000000e+00   3.796997e-24   72
  3.193321e-01   2.794387e-23   3.018264e-04   1.987064e-24   192
  3.203366e-01   2.459346e-23   2.241224e-04   1.505224e-24   288
  3.214381e-01   3.799303e-23   0.000000e+00   3.766698e-24   24
  3.222890e-01   2.366632e-23   2.952626e-04   1.071182e-24   456
  3.238280e-01   2.210998e-23   0.000000e+00   2.668898e-24   48
  3.247789e-01   2.363065e-23   2.908218e-04   1.350162e-24   240
  3.258718e-01   2.064352e-23   2.939082e-04   1.372542e-24   216
  3.267908e-01   1.974063e-23   0.000000e+00   2.110638e-24   72
  3.273801e-01   2.274911e-23   1.015467e-08   1.910547e-24   168
  3.290441e-01   2.386591e-23   2.184577e-04   1.438454e-24   288
  3.299773e-01   2.266401e-23   2.890570e-04   1.577619e-24   168
  3.314762e-01   1.780668e-23   0.000000e+00   1.080733e-24   192
  3.320572e-01   1.967091e-23   3.746387e-09   1.395449e-24   144
  3.332162e-01   2.634723e-23   3.746387e-09   3.041618e-24   36
  3.341991e-01   2.137237e-23   2.639705e-04   1.005286e-24   342
  3.351389e-01   2.002207e-23   2.710657e-04   1.714571e-24   144
  3.363470e-01   1.961229e-23   2.842800e-04   1.050430e-24   384
  3.378125e-01   2.228930e-23   7.786718e-09   1.881375e-24   120
  3.385379e-01   1.819446e-23   2.534951e-04   1.097648e-24   264
  3.395201e-01   1.904453e-23   1.256576e-08   1.324461e-24   192
  3.404451e-01   1.952745e-23   2.731894e-04   1.769606e-24   152
  3.412191e-01   1.954047e-23   7.492773e-09   1.333417e-24   144
  3.428472e-01   1.761053e-23   1.768108e-04   9.832955e-25   216
  3.436008e-01   1.799700e-23   2.362665e-04   1.054201e-24   312
  3.449274e-01   1.899211e-23   2.738281e-04   1.256077e-24   240
  3.457090e-01   1.538012e-23   3.973643e-09   1.729554e-24   96
  3.471927e-01   1.465254e-23   2.617995e-04   1.321794e-24   144
  3.481071e-01   1.483250e-23   2.573258e-04   7.252914e-25   456
  3.495904e-01   1.721678e-23   0.000000e+00   1.312280e-24   120
  3.501414e-01   1.499453e-23   0.000000e+00   1.170047e-24   144
  3.512407e-01   7.989013e-24   5.619580e-09   1.761817e-24   24
  3.519456e-01   1.417144e-23   2.473498e-04   7.401546e-25   336
  3.531645e-01   1.587453e-23   2.727931e-04   1.212636e-24   198
  3.543067e-01   1.286182e-23   2.652756e-04   6.552393e-25   432
  3.556041e-01   1.233722e-23   7.947286e-09   1.581013e-24   48
  3.562810e-01   1.355526e-23   2.341925e-04   7.197267e-25   384
  3.574963e-01   1.348823e-23   2.696052e-04   1.145575e-24   144
  3.585975e-01   1.171928e-23   2.676825e-04   7.714919e-25   264
  3.599147e-01   1.200866e-23   0.000000e+00   2.123854e-24   48
  3.607984e-01   1.221333e-23   2.545223e-04   7.458601e-25   276
  3.616510e-01   1.302379e-23   2.307176e-04   7.950472e-25   192
  3.627906e-01   1.095553e-23   2.592759e-04   4.964926e-25   552
  3.641741e-01   9.600792e-24   6.357829e-09   8.604143e-25   120
  3.649965e-01   8.985968e-24   2.624511e-04   6.420116e-25   216
  3.657587e-01   1.277301e-23   6.357829e-09   9.899612e-25   120
  3.671201e-01   1.208159e-23   2.584500e-04   7.119683e-25   408
  3.683844e-01   1.037377e-23   5.619580e-09   1.398818e-24   24
  3.691684e-01   1.192391e-23   2.610810e-04   6.433661e-25   384
  3.702633e-01   9.588420e-24   2.550855e-04   5.107421e-25   240
  3.712141e-01   1.147298e-23   2.569535e-04   9.699319e-25   168
  3.725471e-01   8.522183e-24   0.000000e+00   1.092833e-24   120
  3.734064e-01   1.023205e-23   2.678605e-04   5.406618e-25   350
  3.748037e-01   1.208038e-23   4.409502e-04   6.525311e-25   384
  3.756388e-01   9.552230e-24   0.000000e+00   7.896633e-25   144
  3.771752e-01   9.691159e-24   5.298191e-09   6.066379e-25   288
  3.779773e-01   8.568168e-24   2.524053e-04   4.524155e-25   336
  3.790686e-01   1.028744e-23   2.297941e-04   8.216664e-25   168
  3.797219e-01   9.548609e-24   1.506181e-08   4.445085e-25   336
  3.810732e-01   8.530610e-24   2.385126e-04   5.110445e-25   288
  3.818848e-01   1.000397e-23   2.247398e-04   5.922795e-25   264
  3.832590e-01   8.953788e-24   0.000000e+00   6.403138e-25   240
  3.837616e-01   9.580306e-24   0.000000e+00   8.881258e-25   96
  3.855656e-01   8.962917e-24   3.056310e-04   4.484863e-25   360
  3.864075e-01   7.977026e-24   2.253025e-04   6.051854e-25   168
  3.874713e-01   7.990282e-24   2.456032e-04   3.725603e-25   456
  3.887523e-01   6.840892e-24   7.064254e-09   8.099904e-25   108
  3.894728e-01   6.842827e-24   2.464311e-04   4.120485e-25   264
  3.903716e-01   7.742946e-24   2.198567e-04   4.816167e-25   264
  3.916025e-01   7.698098e-24   2.074668e-04   4.989734e-25   312
  3.931351e-01   6.985721e-24   1.541705e-04   4.343040e-25   270
  3.937775e-01   8.814513e-24   1.957388e-04   6.082743e-25   240
  3.949323e-01   6.815247e-24   2.421536e-04   3.342445e-25   384
  3.956334e-01   7.545040e-24   7.947286e-09   5.788829e-25   192
  3.969952e-01   7.338132e-24   1.942960e-04   5.165057e-25   240
  3.977852e-01   7.125551e-24   2.397927e-04   4.082958e-25   336
  3.992708e-01   7.897189e-24   2.413972e-04   3.695984e-25   480
  4.004761e-01   6.238466e-24   5.298191e-09   5.968008e-25   72
  4.011493e-01   6.494246e-24   2.353842e-04   3.895219e-25   240
  4.020650e-01   7.272465e-24   2.212289e-04   3.969931e-25   312
  4.031147e-01   7.008136e-24   2.390954e-04   5.086386e-25   240
  4.047009e-01   6.406331e-24   1.816506e-04   2.978263e-25   408
  4.053288e-01   5.498338e-24   1.663482e-04   3.036428e-25   336
  4.065560e-01   6.475361e-24   2.112212e-04   4.089691e-25   264
  4.071591e-01   5.470738e-24   0.000000e+00   3.817856e-25   144
  4.088370e-01   5.677577e-24   2.927651e-04   2.570372e-25   464
  4.097211e-01   6.441661e-24   2.328083e-04   5.426425e-25   168
  4.105939e-01   5.828079e-24   2.120376e-04   3.651026e-25   336
  4.121713e-01   6.251638e-24   2.227870e-04   3.310678e-25   414
  4.130606e-01   7.045027e-24   2.319080e-04   4.839359e-25   216
  4.141998e-01   6.929450e-24   5.619580e-09   6.739987e-25   96
  4.146649e-01   5.592728e-24   1.376510e-08   2.909271e-25   384
  4.162944e-01   5.487882e-24   2.314600e-04   2.437370e-25   492
  4.171676e-01   5.861311e-24   2.263480e-04   4.037638e-25   240
  4.181546e-01   5.628608e-24   2.298225e-04   3.775000e-25   312
  4.195176e-01   4.836146e-24   2.297469e-04   3.636037e-25   192
  4.203810e-01   5.359591e-24   2.226525e-04   2.155030e-25   504
  4.215265e-01   5.392021e-24   1.473998e-04   3.161406e-25   408
  4.224284e-01   4.772853e-24   4.515774e-04   3.436687e-25   168
  4.235571e-01   5.170852e-24   2.145032e-04   2.880515e-25   288
  4.245041e-01   5.094237e-24   2.238525e-04   3.134231e-25   288
  4.254743e-01   4.655129e-24   2.251410e-04   2.344126e-25   432
  4.268815e-01   4.461081e-24   2.129084e-04   3.658949e-25   216
  4.276334e-01   4.584440e-24   2.124592e-04   2.622055e-25   360
  4.289721e-01   5.158140e-24   2.073582e-04   3.133318e-25   312
  4.301803e-01   3.117255e-24   0.000000e+00   3.260302e-25   48
  4.308767e-01   4.274836e-24   2.223178e-04   2.090426e-25   432
  4.321240e-01   4.247749e-24   3.708284e-04   1.948733e-25   414
  4.328606e-01   4.627352e-24   8.470833e-09   2.673940e-25   312
  4.342347e-01   4.322327e-24   3.253813e-04   1.793965e-25   528
  4.351620e-01   4.080752e-24   1.707976e-04   2.921067e-25   264
  4.362761e-01   4.461775e-24   2.025191e-04   2.177662e-25   480
  4.377318e-01   4.135437e-24   0.000000e+00   2.482138e-25   288
  4.383604e-01   3.103157e-24   2.176005e-04   2.005257e-25   168
  4.395105e-01   3.916333e-24   3.444610e-04   1.592288e-25   504
  4.408036e-01   5.058185e-24   5.298191e-09   4.536387e-25   144
  4.416171e-01   3.584240e-24   2.212265e-04   1.682278e-25   464
  4.428396e-01   3.979488e-24   3.246624e-04   2.011177e-25   432
  4.434197e-01   3.762931e-24   5.619580e-09   2.591282e-25   192
  4.449189e-01   3.114085e-24   2.406833e-04   1.524115e-25   396
  4.458042e-01   3.429844e-24   2.162000e-04   1.841535e-25   288
  4.466990e-01   3.137900e-24   2.135686e-04   1.514890e-25   336
  4.481283e-01   3.071197e-24   1.352359e-04   2.066719e-25   432
  4.490354e-01   3.409332e-24   3.505126e-04   1.930829e-25   360
  4.500539e-01   3.417026e-24   2.073334e-04   1.572379e-25   384
  4.515004e-01   3.866425e-24   1.830116e-04   3.149675e-25   198
  4.521974e-01   3.284980e-24   2.080246e-04   1.266338e-25   552
  4.534970e-01   3.140133e-24   2.912202e-04   1.429198e-25   432
  4.545821e-01   3.412758e-24   1.112388e-08   2.972756e-25   168
  4.554927e-01   2.953417e-24   3.610065e-04   1.324961e-25   480
  4.566974e-01   4.220686e-24   0.000000e+00   3.541439e-25   120
  4.572396e-01   3.276690e-24   2.948545e-04   1.862495e-25   336
  4.585628e-01   3.039386e-24   2.080152e-04   1.191862e-25   672
  4.598711e-01   2.919357e-24   3.025866e-04   1.375254e-25   528
  4.604805e-01   3.231733e-24   9.082613e-09   2.432157e-25   168
  4.618883e-01   2.812442e-24   3.375333e-04   1.456130e-25   456
  4.627474e-01   3.108371e-24   2.061344e-04   2.806591e-25   168
  4.636392e-01   3.107612e-24   2.057643e-04   1.477750e-25   504
  4.651216e-01   2.503874e-24   2.647872e-04   1.434248e-25   336
  4.660180e-01   2.647088e-24   1.908802e-04   1.554983e-25   312
  4.670124e-01   2.486447e-24   1.865029e-04   1.143296e-25   504
  4.683210e-01   2.352988e-24   1.294009e-04   1.182183e-25   432
  4.689362e-01   2.640720e-24   1.999672e-04   1.379835e-25   312
  4.702151e-01   2.647048e-24   2.049761e-04   1.450437e-25   384
  4.715504e-01   2.379534e-24   1.741510e-04   2.022136e-25   126
  4.723748e-01   2.427492e-24   3.057676e-04   1.193191e-25   492
  4.734278e-01   2.481014e-24   1.958445e-04   1.062595e-25   528
  4.747438e-01   2.326992e-24   1.989360e-04   1.172857e-25   480
  4.755596e-01   2.537801e-24   2.748289e-04   1.177784e-25   432
  4.767402e-01   2.325635e-24   2.161166e-04   1.262623e-25   440
  4.781114e-01   2.617028e-24   1.074739e-04   1.489675e-25   312
  4.786259e-01   2.232664e-24   1.610586e-04   1.201258e-25   480
  4.796813e-01   2.177414e-24   3.153497e-04   1.403147e-25   408
  4.812233e-01   2.506135e-24   1.888588e-04   1.357495e-25   360
  4.818747e-01   2.178478e-24   1.822418e-04   1.033883e-25   408
  4.830820e-01   2.035116e-24   1.854542e-04   1.068991e-25   456
  4.844414e-01   2.398809e-24   1.772485e-04   1.396403e-25   264
  4.851959e-01   2.002515e-24   1.923591e-04   1.096434e-25   384
  4.862943e-01   1.997457e-24   3.238501e-04   7.796757e-26   672
  4.875640e-01   2.148342e-24   1.937042e-04   1.313035e-25   240
  4.882967e-01   1.974104e-24   1.965613e-04   1.190972e-25   264
  4.893308e-01   1.890852e-24   2.424259e-04   7.766267e-26   624
  4.908739e-01   1.467639e-24   0.000000e+00   1.262889e-25   150
  4.914232e-01   1.968248e-24   2.716574e-04   8.663836e-26   600
  4.925819e-01   2.098984e-24   1.874909e-04   8.230685e-26   672
  4.938939e-01   2.016584e-24   1.763484e-04   1.109202e-25   336
  4.946248e-01   1.698642e-24   1.918157e-04   9.438345e-26   408
  4.957926e-01   2.186809e-24   1.913639e-04   1.156621e-25   408
  4.970915e-01   2.049831e-24   9.676385e-05   1.109859e-25   360
  4.978921e-01   1.827531e-24   3.552857e-04   9.178174e-26   456
  4.988592e-01   1.836034e-24   1.932065e-04   1.046993e-25   384
  5.000902e-01   1.401653e-24   1.783541e-04   7.480760e-26   348
  5.007554e-01   1.727977e-24   2.198754e-04   7.549130e-26   576
  5.020050e-01   1.718250e-24   1.810385e-04   7.784534e-26   504
  5.032833e-01   1.719639e-24   2.553443e-04   9.414295e-26   432
  5.043991e-01   1.650233e-24   3.473946e-04   7.350666e-26   576
  5.051948e-01   1.473830e-24   0.000000e+00   9.349168e-26   264
  5.064571e-01   1.584602e-24   2.764393e-04   6.294010e-26   768
  5.075549e-01   1.310470e-24   3.721752e-04   9.329406e-26   240
  5.084277e-01   1.413453e-24   3.282233e-04   1.043273e-25   192
  5.096990e-01   1.533276e-24   2.416124e-04   7.353213e-26   504
  5.106418e-01   1.427080e-24   3.255818e-04   6.601120e-26   590
  5.115460e-01   1.363512e-24   3.647966e-04   6.663991e-26   384
  5.126798e-01   1.274655e-24   3.048625e-04   6.017921e-26   504
  5.140486e-01   1.378785e-24   2.933830e-04   6.284434e-26   648
  5.153764e-01   1.274336e-24   7.967896e-05   5.772641e-26   504
  5.159117e-01   1.249178e-24   1.817627e-04   7.190012e-26   312
  5.168569e-01   1.372376e-24   2.618753e-04   5.805299e-26   576
  5.181545e-01   1.574938e-24   1.822405e-04   1.086150e-25   240
  5.189109e-01   1.381363e-24   1.841453e-04   6.151987e-26   552
  5.199816e-01   1.422856e-24   1.729082e-04   5.816771e-26   600
  5.215067e-01   1.292873e-24   2.111937e-04   5.664166e-26   600
  5.224237e-01   1.377520e-24   3.382099e-04   7.654298e-26   312
  5.233368e-01   1.351590e-24   2.945474e-04   6.676922e-26   480
  5.244775e-01   1.218732e-24   1.837693e-04   5.689789e-26   576
  5.254818e-01   9.902108e-25   2.959085e-04   5.363481e-26   408
  5.263729e-01   9.175332e-25   3.451909e-04   7.480737e-26   216
  5.275243e-01   1.145117e-24   2.643774e-04   5.076691e-26   516
  5.287578e-01   1.239219e-24   2.522429e-04   5.199748e-26   744
  5.300304e-01   1.170608e-24   1.684760e-04   5.763111e-26   462
  5.307494e-01   9.884647e-25   1.712315e-04   5.281101e-26   432
  5.318647e-01   1.144874e-24   1.588547e-04   4.379654e-26   648
  5.331761e-01   9.923549e-25   2.324340e-04   4.364390e-26   528
  5.342295e-01   1.233275e-24   2.799086e-04   5.293444e-26   600
  5.352820e-01   1.154042e-24   3.528915e-04   7.714677e-26   240
  5.363014e-01   1.131244e-24   2.703115e-04   4.316799e-26   720
  5.374863e-01   1.009581e-24   2.138653e-04   4.426546e-26   720
  5.387997e-01   7.299587e-25   0.000000e+00   4.997875e-26   144
  5.394909e-01   1.074047e-24   2.757364e-04   3.984888e-26   720
  5.404742e-01   1.084885e-24   1.653370e-04   5.796366e-26   384
  5.417051e-01   1.050159e-24   1.832848e-04   4.708564e-26   672
  5.428730e-01   1.038454e-24   3.209115e-04   6.399331e-26   336
  5.434308e-01   7.812236e-25   0.000000e+00   4.339399e-26   288
  5.447967e-01   9.860194e-25   2.539800e-04   3.673485e-26   776
  5.460612e-01   1.035277e-24   2.173184e-04   3.746800e-26   720
  5.471231e-01   9.473610e-25   1.750659e-04   4.749942e-26   432
  5.479725e-01   1.115097e-24   2.495786e-04   4.834046e-26   504
  5.489174e-01   1.089958e-24   1.748652e-04   4.873604e-26   528
  5.502396e-01   8.678448e-25   2.382437e-04   4.624856e-26   438
  5.513273e-01   8.867373e-25   2.772938e-04   4.123131e-26   624
  5.521470e-01   9.491371e-25   3.396475e-04   5.336431e-26   312
  5.532738e-01   9.962643e-25   1.829935e-04   3.961986e-26   696
  5.544390e-01   7.559429e-25   1.655760e-04   3.547810e-26   552
  5.556509e-01   8.927994e-25   1.281006e-04   4.621595e-26   516
  5.564006e-01   8.700489e-25   2.558713e-04   4.217623e-26   528
  5.573133e-01   7.720188e-25   1.664001e-04   3.410862e-26   528
  5.586097e-01   7.392410e-25   2.194479e-04   2.736901e-26   864
  5.594897e-01   7.596431e-25   3.005985e-04   4.492025e-26   408
  5.603706e-01   9.954931e-25   2.978186e-04   7.403005e-26   192
  5.616191e-01   7.902370e-25   2.464592e-04   3.774743e-26   720
  5.626731e-01   8.346044e-25   2.272475e-04   3.536311e-26   696
  5.639255e-01   7.639698e-25   2.454294e-04   3.333823e-26   720
  5.650713e-01   9.271421e-25   3.326501e-04   4.890462e-26   432
  5.657395e-01   7.700333e-25   1.958109e-04   5.677089e-26   264
  5.669418e-01   7.492859e-25   2.704061e-04   3.036082e-26   672
  5.680171e-01   6.572030e-25   2.768544e-04   2.735235e-26   600
  5.692933e-01   5.507541e-25   1.620980e-04   3.539734e-26   270
  5.699366e-01   6.090515e-25   2.440026e-04   2.877456e-26   528
  5.709591e-01   6.892207e-25   1.670843e-04   2.554956e-26   840
  5.723613e-01   7.136004e-25   3.194952e-04   2.602272e-26   888
  5.736568e-01   6.762360e-25   2.380474e-04   2.661046e-26   744
  5.747517e-01   6.036638e-25   1.223216e-04   3.313760e-26   456
  5.752963e-01   8.552484e-25   1.671601e-04   5.067552e-26   360
  5.762282e-01   6.522707e-25   1.448348e-04   3.702554e-26   384
  5.776580e-01   7.153369e-25   2.323137e-04   2.593655e-26   816
  5.787308e-01   6.354182e-25   3.370546e-04   2.299457e-26   824
  5.800348e-01   6.986672e-25   1.566791e-04   3.636040e-26   360
  5.807331e-01   6.334869e-25   2.311994e-04   2.952350e-26   624
  5.816941e-01   7.536784e-25   1.562320e-04   4.872534e-26   360
  5.829744e-01   6.128341e-25   2.125215e-04   2.173010e-26   876
  5.841306e-01   6.541480e-25   2.524119e-04   2.818527e-26   696
  5.852967e-01   5.820420e-25   1.629911e-04   3.311341e-26   336
  5.859080e-01   5.855041e-25   1.628079e-04   2.908426e-26   504
  5.869176e-01   6.221167e-25   1.642187e-04   2.641183e-26   672
  5.884155e-01   5.975582e-25   3.269213e-04   2.367853e-26   720
  5.894543e-01   5.643899e-25   2.469541e-04   2.314255e-26   774
  5.906010e-01   5.024595e-25   1.413501e-04   2.623529e-26   384
  5.912015e-01   6.383436e-25   2.720183e-04   3.137838e-26   528
  5.921335e-01   5.884818e-25   2.592486e-04   2.477528e-26   744
  5.936327e-01   6.408535e-25   2.138251e-04   2.706299e-26   768
  5.946281e-01   4.697533e-25   2.400348e-04   2.138407e-26   552
  5.958700e-01   5.200692e-25   2.616108e-04   2.376882e-26   696
  5.967938e-01   5.649295e-25   3.179026e-04   3.321390e-26   408
  5.975272e-01   5.361164e-25   1.373364e-04   2.346716e-26   504
  5.986899e-01   5.316348e-25   2.467198e-04   2.085776e-26   888
  5.998339e-01   5.226965e-25   2.564132e-04   2.218221e-26   648
  6.010230e-01   5.229660e-25   2.542153e-04   2.306996e-26   648
  6.021418e-01   4.729992e-25   2.741064e-04   1.829980e-26   792
  6.033268e-01   4.310932e-25   4.010364e-04   2.180248e-26   600
  6.042000e-01   4.006435e-25   2.717856e-04   1.799473e-26   456
  6.051191e-01   5.131828e-25   1.324567e-04   2.282474e-26   648
  6.062996e-01   4.909334e-25   2.583099e-04   1.705046e-26   936
  6.075741e-01   5.924095e-25   1.586356e-04   3.509180e-26   384
  6.086836e-01   4.377440e-25   0.000000e+00   3.146117e-26   198
  6.095398e-01   4.362846e-25   4.024720e-04   1.428623e-26   1224
  6.104634e-01   5.176749e-25   2.931235e-04   2.820585e-26   420
  6.115558e-01   4.029988e-25   2.836822e-04   1.622934e-26   792
  6.126238e-01   4.310117e-25   2.345810e-04   1.754062e-26   680
  6.138428e-01   4.079512e-25   2.154033e-04   1.967976e-26   600
  6.148235e-01   4.072526e-25   3.123938e-04   1.439442e-26   840
  6.161330e-01   4.496885e-25   1.474979e-04   2.628642e-26   432
  6.166334e-01   4.205324e-25   1.382250e-04   1.738861e-26   720
  6.177213e-01   4.268242e-25   2.768404e-04   1.574361e-26   960
  6.190745e-01   3.809574e-25   2.467829e-04   1.899636e-26   528
  6.200634e-01   3.761257e-25   2.522592e-04   1.704368e-26   624
  6.212404e-01   4.249442e-25   1.982740e-04   1.692457e-26   816
  6.224086e-01   3.550842e-25   3.260658e-04   1.551029e-26   696
  6.236996e-01   4.049278e-25   1.798266e-08   2.875695e-26   240
  6.241851e-01   4.161084e-25   1.922888e-04   1.961007e-26   672
  6.252686e-01   3.579843e-25   3.436476e-04   1.590487e-26   864
  6.264840e-01   3.141474e-25   2.636938e-04   1.296006e-26   816
  6.275795e-01   3.264820e-25   1.509292e-04   1.598734e-26   648
  6.287594e-01   3.678793e-25   1.542771e-04   1.355064e-26   843
  6.297611e-01   2.911043e-25   2.775825e-04   1.172003e-26   780
  6.309548e-01   2.822759e-25   1.489456e-04   2.109988e-26   216
  6.316911e-01   3.303038e-25   3.591661e-04   1.169437e-26   1056
  6.328235e-01   2.974379e-25   2.938382e-04   1.764663e-26   228
  6.338720e-01   3.586593e-25   3.658358e-04   1.385679e-26   924
  6.349484e-01   3.757516e-25   1.357046e-04   1.484156e-26   696
  6.360882e-01   2.777475e-25   2.415153e-04   9.854798e-27   996
  6.372543e-01   2.798420e-25   1.425858e-04   1.362217e-26   576
  6.384675e-01   3.224555e-25   2.200718e-04   1.977607e-26   552
  6.393519e-01   3.523679e-25   2.627580e-04   1.957192e-26   516
  6.402494e-01   3.002537e-25   3.821047e-04   1.181905e-26   744
  6.412749e-01   2.549117e-25   1.874451e-04   1.276305e-26   576
  6.421669e-01   2.607578e-25   1.929285e-04   1.182468e-26   792
  6.434346e-01   2.759290e-25   2.205530e-04   1.070523e-26   792
  6.443636e-01   2.650875e-25   2.378641e-04   1.194154e-26   720
  6.456200e-01   2.468701e-25   2.711104e-04   9.737831e-27   656
  6.467974e-01   2.638282e-25   2.960385e-04   1.110881e-26   816
  6.480043e-01   2.485249e-25   1.596190e-04   1.309520e-26   492
  6.486903e-01   2.724946e-25   2.296231e-04   1.261444e-26   552
  6.499778e-01   2.225105e-25   3.992867e-04   1.049848e-26   780
  6.508139e-01   2.496105e-25   2.452771e-04   1.393516e-26   528
  6.517148e-01   2.234684e-25   2.863130e-04   1.030058e-26   600
  6.530425e-01   2.696517e-25   2.379487e-04   1.038603e-26   900
  6.539577e-01   2.354121e-25   1.317325e-04   1.301986e-26   696
  6.552168e-01   2.072200e-25   3.330907e-04   9.696281e-27   696
  6.564349e-01   1.998121e-25   1.351317e-04   8.059905e-27   552
  6.574592e-01   1.839345e-25   1.571457e-04   8.689514e-27   708
  6.585322e-01   2.132193e-25   2.594565e-04   8.519047e-27   876
  6.596487e-01   2.576469e-25   1.377663e-04   2.817226e-26   216
  6.603980e-01   2.136109e-25   3.768094e-04   7.712714e-27   1032
  6.615201e-01   1.824191e-25   4.195357e-04   8.539779e-27   600
  6.626848e-01   1.575332e-25   2.001869e-04   6.818164e-27   600
  6.635732e-01   2.026375e-25   3.535112e-04   1.097181e-26   528
  6.646233e-01   1.916610e-25   1.940622e-04   8.643532e-27   732
  6.657296e-01   2.072458e-25   1.432973e-04   1.319087e-26   336
  6.670031e-01   1.806307e-25   2.042271e-04   7.563135e-27   912
  6.679548e-01   1.457659e-25   2.049821e-04   6.177097e-27   624
  6.689946e-01   1.759656e-25   1.727341e-04   8.098352e-27   768
  6.702082e-01   1.900215e-25   3.116463e-04   7.626233e-27   792
  6.713995e-01   1.615434e-25   1.545014e-04   7.615538e-27   660
  6.722471e-01   1.524723e-25   2.276826e-04   8.968303e-27   504
  6.731238e-01   1.490641e-25   3.719898e-04   8.317997e-27   480
  6.744376e-01   1.182899e-25   3.440421e-04   4.822585e-27   912
  6.754664e-01   1.812181e-25   3.831443e-04   1.145827e-26   432
  6.764380e-01   1.624219e-25   2.275021e-04   9.198542e-27   564
  6.773006e-01   1.491324e-25   2.177508e-04   7.001399e-27   600
  6.785149e-01   1.736966e-25   3.035240e-04   6.884266e-27   876
  6.794272e-01   1.562856e-25   1.364735e-04   1.092761e-26   264
  6.806846e-01   1.364452e-25   2.648123e-04   6.277164e-27   560
  6.816953e-01   1.295862e-25   1.799457e-04   4.825120e-27   840
  6.829222e-01   1.202912e-25   2.774244e-04   4.914451e-27   1008
  6.840568e-01   1.227344e-25   1.241010e-04   6.088595e-27   456
  6.850930e-01   1.559355e-25   1.607553e-04   8.124301e-27   576
  6.860509e-01   1.354353e-25   2.470177e-04   6.580177e-27   612
  6.873140e-01   1.320221e-25   2.206269e-04   6.148330e-27   780
  6.883444e-01   1.326416e-25   2.528284e-04   6.136246e-27   648
  6.893992e-01   1.541014e-25   1.178213e-04   1.173738e-26   312
  6.900734e-01   1.073809e-25   2.993645e-04   4.689431e-27   528
  6.912414e-01   1.036398e-25   3.909551e-04   4.404998e-27   720
  6.923583e-01   1.246975e-25   3.921794e-04   7.657064e-27   576
  6.937124e-01   1.168911e-25   3.383053e-04   6.633329e-27   444
  6.945549e-01   1.199592e-25   3.317685e-04   4.374216e-27   996
  6.955874e-01   9.545142e-26   2.771265e-04   5.663121e-27   432
  6.965633e-01   1.174624e-25   3.033990e-04   6.715237e-27   504
  6.974062e-01   9.332416e-26   1.367883e-04   4.789665e-27   504
  6.986065e-01   1.248635e-25   2.692009e-04   5.748379e-27   876
  6.996926e-01   9.741494e-26   3.098246e-04   5.126216e-27   504
  7.008236e-01   9.458515e-26   1.975899e-04   4.852481e-27   696
  7.017583e-01   1.123078e-25   1.689187e-04   5.687765e-27   492
  7.030300e-01   8.927866e-26   2.418152e-04   5.229194e-27   432
  7.039719e-01   1.092208e-25   2.264335e-04   4.837967e-27   768
  7.050885e-01   9.262582e-26   2.820533e-04   4.988955e-27   648
  7.061547e-01   8.445095e-26   1.840095e-04   4.618734e-27   456
  7.073798e-01   9.023439e-26   2.530430e-04   4.601777e-27   552
  7.082306e-01   8.317253e-26   1.734358e-04   4.188324e-27   648
  7.094016e-01   7.600373e-26   2.826907e-04   2.709022e-27   840
  7.105454e-01   9.497787e-26   1.348092e-04   4.998269e-27   432
  7.116906e-01   8.573678e-26   1.651183e-04   4.773001e-27   600
  7.124870e-01   8.676315e-26   1.759227e-04   5.206693e-27   432
  7.138248e-01   8.519163e-26   1.751482e-04   3.896092e-27   560
  7.147308e-01   7.442467e-26   2.772412e-04   3.112227e-27   840
  7.158652e-01   9.494791e-26   1.642140e-04   5.870225e-27   504
  7.167662e-01   7.210159e-26   3.351509e-04   3.349116e-27   696
  7.180362e-01   9.214018e-26   1.830475e-04   5.345500e-27   384
  7.190254e-01   6.270616e-26   2.681431e-04   3.157532e-27   576
  7.202219e-01   7.110779e-26   1.654845e-04   4.976291e-27   360
  7.211864e-01   6.878326e-26   2.464465e-04   3.072142e-27   828
  7.222268e-01   6.706788e-26   2.195064e-04   3.725402e-27   372
  7.231800e-01   6.853949e-26   3.352284e-04   3.100382e-27   576
  7.244428e-01   7.044989e-26   1.403933e-04   3.123167e-27   636
  7.253425e-01   6.557252e-26   2.706420e-04   2.981429e-27   648
  7.265596e-01   6.129407e-26   2.200024e-04   2.765873e-27   576
  7.274333e-01   6.294752e-26   3.548870e-04   3.233341e-27   528
  7.285953e-01   6.048867e-26   1.517289e-04   3.747615e-27   360
  7.295571e-01   5.663916e-26   3.490332e-04   2.435499e-27   672
  7.308130e-01   6.443866e-26   1.787806e-04   2.730155e-27   804
  7.318582e-01   6.407740e-26   1.972163e-04   3.502778e-27   408
  7.330145e-01   6.423761e-26   1.219011e-04   3.584570e-27   384
  7.337931e-01   4.861487e-26   2.789567e-04   3.026674e-27   480
  7.348913e-01   5.607510e-26   1.802469e-04   3.340790e-27   432
  7.359446e-01   6.415326e-26   3.321566e-04   2.867571e-27   648
  7.371913e-01   5.510971e-26   2.061016e-04   2.517758e-27   624
  7.381033e-01   5.942119e-26   1.874668e-04   3.507237e-27   456
  7.393486e-01   4.908243e-26   2.560963e-04   2.771486e-27   588
  7.401831e-01   4.681640e-26   1.633884e-04   2.344266e-27   600
  7.414016e-01   4.913414e-26   2.548458e-04   1.981370e-27   708
  7.423640e-01   4.600185e-26   1.605479e-04   2.505211e-27   360
  7.434275e-01   5.295279e-26   1.845541e-04   2.861416e-27   552
  7.444470e-01   4.825194e-26   1.294691e-04   3.888710e-27   288
  7.454820e-01   4.241531e-26   2.434372e-04   2.076130e-27   528
  7.464545e-01   4.777371e-26   1.642340e-04   2.298736e-27   456
  7.475410e-01   5.111443e-26   2.912225e-04   2.484955e-27   608
  7.486338e-01   3.962883e-26   1.408967e-04   1.791792e-27   504
  7.498278e-01   3.425079e-26   3.024972e-04   1.708208e-27   540
  7.507642e-01   4.609366e-26   3.247222e-04   2.665901e-27   360
  7.517735e-01   5.045974e-26   1.470509e-04   2.428894e-27   540
  7.526661e-01   4.191429e-26   1.262606e-04   2.040261e-27   576
  7.539642e-01   4.330553e-26   2.927555e-04   2.049227e-27   588
  7.551985e-01   4.352589e-26   4.039143e-04   1.996281e-27   672
  7.562588e-01   4.696841e-26   3.087151e-04   2.232037e-27   552
  7.571135e-01   3.285167e-26   3.088712e-04   2.554703e-27   144
  7.582042e-01   4.330755e-26   2.624178e-04   2.087365e-27   600
  7.592383e-01   3.373441e-26   3.288668e-04   1.660094e-27   504
  7.603860e-01   3.522878e-26   3.378126e-04   2.406994e-27   336
  7.615932e-01   3.932308e-26   3.797028e-04   1.827967e-27   600
  7.626744e-01   3.543428e-26   2.450478e-04   1.853391e-27   636
  7.638413e-01   3.846575e-26   1.970206e-04   2.909185e-27   384
  7.646595e-01   3.725751e-26   2.748205e-04   2.300793e-27   504
  7.658387e-01   2.930448e-26   1.153383e-04   1.859848e-27   240
  7.667694e-01   3.502383e-26   2.709461e-04   1.374766e-27   744
  7.678860e-01   3.251442e-26   1.850150e-04   1.537171e-27   648
  7.688783e-01   4.905592e-26   1.228185e-04   4.294016e-27   120
  7.700414e-01   2.949333e-26   1.929319e-04   1.173251e-27   564
  7.709202e-01   3.841354e-26   3.030111e-04   2.112919e-27   432
  7.720932e-01   3.148159e-26   2.351965e-04   1.817212e-27   480
  7.729764e-01   2.357749e-26   1.731106e-04   1.283520e-27   456
  7.740189e-01   3.163243e-26   2.864725e-04   1.846624e-27   444
  7.752020e-01   2.931234e-26   4.383180e-04   1.662816e-27   528
  7.762412e-01   3.326330e-26   3.255297e-04   2.714404e-27   264
  7.772498e-01   2.818879e-26   3.336195e-04   1.453300e-27   444
  7.786065e-01   2.939065e-26   3.654311e-04   1.189768e-27   696
  7.797327e-01   2.995080e-26   1.954448e-04   1.896570e-27   384
  7.805563e-01   2.560979e-26   2.469609e-04   1.216355e-27   432
  7.818373e-01   3.287473e-26   1.706384e-04   1.702885e-27   488
  7.826690e-01   3.108940e-26   2.571733e-04   1.512743e-27   480
  7.838749e-01   2.512997e-26   2.868014e-04   1.408265e-27   480
  7.848089e-01   2.397907e-26   1.203331e-04   1.452176e-27   240
  7.858692e-01   2.812535e-26   2.810886e-04   1.388320e-27   600
  7.868694e-01   2.230890e-26   2.449399e-04   1.425075e-27   288
  7.879343e-01   2.726311e-26   2.356143e-04   1.494809e-27   480
  7.890129e-01   2.271072e-26   4.191157e-04   1.236001e-27   504
  7.900748e-01   2.729211e-26   1.798267e-04   1.946923e-27   216
  7.914291e-01   2.497996e-26   2.944050e-04   1.430312e-27   504
  7.924838e-01   1.986981e-26   2.367912e-04   1.097892e-27   456
  7.936384e-01   2.911645e-26   1.358038e-04   1.664112e-27   384
  7.944031e-01   3.012140e-26   2.756326e-04   1.718131e-27   480
  7.954897e-01   1.960981e-26   2.420363e-04   1.067586e-27   504
  7.964966e-01   2.273951e-26   1.535327e-04   1.239271e-27   312
  7.975815e-01   2.354942e-26   2.474127e-04   1.313773e-27   492
  7.985417e-01   2.693251e-26   2.318919e-04   1.784454e-27   312
  7.997779e-01   2.169820e-26   3.766899e-04   9.906193e-28   576
  8.008661e-01   2.456386e-26   3.477153e-04   1.788518e-27   336
  8.017699e-01   1.592003e-26   2.677247e-04   1.135172e-27   240
  8.030228e-01   2.268881e-26   3.549351e-04   1.244032e-27   468
  8.041047e-01   1.964093e-26   2.222407e-04   1.615349e-27   192
  8.052370e-01   1.812548e-26   2.229031e-04   1.223247e-27   324
  8.060669e-01   2.009057e-26   1.617794e-04   9.004756e-28   600
  8.071978e-01   1.823855e-26   2.624704e-04   9.553174e-28   456
  8.080377e-01   1.967932e-26   1.180592e-04   1.302023e-27   336
  8.094297e-01   2.113817e-26   3.535027e-04   1.098836e-27   612
  8.104424e-01   1.744448e-26   2.966749e-04   2.483072e-27   144
  8.114002e-01   2.064519e-26   3.462957e-04   1.045422e-27   552
  8.127025e-01   1.280921e-26   1.363755e-04   7.605314e-28   264
  8.134384e-01   1.713197e-26   3.157441e-04   1.326888e-27   336
  8.145992e-01   1.654545e-26   2.086329e-04   8.684822e-28   384
  8.156059e-01   1.605221e-26   1.174397e-04   1.181085e-27   216
  8.167203e-01   1.351892e-26   2.489964e-04   8.061628e-28   344
  8.177364e-01   1.474151e-26   3.715143e-04   8.247634e-28   408
  8.189746e-01   1.539673e-26   2.854845e-04   1.258745e-27   264
  8.200718e-01   1.511192e-26   3.979796e-04   8.064439e-28   612
  8.211681e-01   2.078055e-26   2.048307e-04   1.326234e-27   408
  8.222956e-01   1.491876e-26   2.051251e-04   1.011374e-27   444
  8.231239e-01   2.418587e-26   1.147249e-04   2.136448e-27   120
  8.242338e-01   1.733230e-26   3.169640e-04   1.317495e-27   336
  8.250576e-01   1.367771e-26   1.101437e-04   8.288052e-28   288
  8.261708e-01   1.521296e-26   3.427692e-04   7.705008e-28   552
  8.277012e-01   1.738608e-26   0.000000e+00   2.156650e-27   72
  8.284882e-01   1.517379e-26   3.404572e-04   8.010769e-28   504
  8.294074e-01   8.921595e-27   1.095558e-04   5.803265e-28   216
  8.305983e-01   1.164248e-26   1.956043e-04   7.511456e-28   312
  8.316675e-01   1.030524e-26   2.227263e-04   6.824455e-28   336
  8.326865e-01   9.921428e-27   3.087236e-04   7.751997e-28   204
  8.337014e-01   1.809678e-26   3.587838e-04   1.281403e-27   504
  8.347777e-01   1.615261e-26   3.416652e-04   9.408872e-28   396
  8.358127e-01   1.299657e-26   3.133249e-04   9.813098e-28   312
  8.370674e-01   1.821263e-26   1.914750e-04   1.600336e-27   216
  8.379516e-01   1.250196e-26   1.039172e-04   1.151514e-27   168
  8.390260e-01   1.236993e-26   2.623966e-04   6.396609e-28   588
  8.402521e-01   1.034656e-26   3.561727e-04   9.659467e-28   240
  8.412047e-01   9.011023e-27   3.145601e-04   6.619074e-28   264
  8.423219e-01   1.082277e-26   3.890183e-04   7.880531e-28   288
  8.433131e-01   1.239306e-26   1.942596e-04   9.638513e-28   288
  8.445693e-01   9.096863e-27   1.824406e-04   6.071720e-28   288
  8.454153e-01   1.074816e-26   2.113423e-04   8.675939e-28   192
  8.464795e-01   7.568427e-27   2.248894e-04   5.553313e-28   264
  8.474933e-01   1.550887e-26   3.699119e-04   9.795459e-28   372
  8.485844e-01   1.660315e-26   3.995208e-04   1.328549e-27   360
  8.499161e-01   1.530488e-26   1.690810e-04   1.907363e-27   144
  8.506044e-01   9.780102e-27   2.348461e-04   7.708935e-28   296
  8.516909e-01   9.575806e-27   2.530345e-04   7.593432e-28   288
  8.529347e-01   1.101283e-26   3.781537e-04   6.972739e-28   480
  8.540076e-01   9.357530e-27   3.142096e-04   1.184959e-27   192
  8.550509e-01   1.215170e-26   3.370327e-04   1.027221e-27   192
  8.559992e-01   8.860159e-27   2.147949e-04   6.430012e-28   288
  8.573180e-01   5.597761e-27   1.869760e-04   6.116255e-28   108
  8.579823e-01   8.452296e-27   1.797545e-04   7.186128e-28   240
  8.591554e-01   7.402793e-27   3.353363e-04   5.440587e-28   384
  8.603605e-01   9.319819e-27   4.090722e-04   9.086321e-28   108
  8.614261e-01   1.131375e-26   2.398466e-04   6.999856e-28   348
  8.625466e-01   8.081888e-27   2.503134e-04   8.208281e-28   312
  8.635474e-01   7.897380e-27   2.432319e-04   1.436424e-27   96
  8.644677e-01   8.204018e-27   3.238194e-04   5.384679e-28   384
  8.654984e-01   8.804984e-27   2.227222e-04   7.105685e-28   144
  8.665066e-01   8.992373e-27   3.422225e-04   5.778824e-28   408
  8.677598e-01   5.419299e-27   1.526554e-04   7.238804e-28   144
  8.689437e-01   7.792250e-27   2.934816e-04   7.426812e-28   192
  8.696459e-01   1.002889e-26   3.303190e-04   8.378672e-28   144
  8.707904e-01   5.940572e-27   2.685615e-04   6.249925e-28   144
  8.718702e-01   8.312540e-27   3.282257e-04   6.961759e-28   336
  8.731927e-01   5.317428e-27   2.428454e-04   3.794705e-28   240
  8.740312e-01   5.827856e-27   1.102739e-04   6.960114e-28   96
  8.752007e-01   9.167459e-27   3.233803e-04   7.383319e-28   372
  8.763838e-01   7.182014e-27   3.846540e-04   8.588834e-28   132
  8.774230e-01   5.306066e-27   2.380193e-04   3.678261e-28   264
  8.783527e-01   1.014782e-26   1.827880e-04   1.060965e-27   168
  8.793449e-01   7.926905e-27   2.922429e-04   6.096661e-28   216
  8.802213e-01   6.516085e-27   1.787978e-04   6.651235e-28   216
  8.814979e-01   3.604806e-27   3.280196e-04   3.591859e-28   96
  8.826561e-01   8.115884e-27   2.140028e-04   1.072882e-27   120
  8.837183e-01   5.733248e-27   2.720578e-04   5.205583e-28   216
  8.845934e-01   4.768064e-27   1.188902e-04   3.985392e-28   200
  8.857519e-01   6.579484e-27   3.077557e-04   6.850241e-28   288
  8.872378e-01   2.943704e-27   8.097649e-05   2.310413e-28   144
  8.878635e-01   6.654448e-27   2.519939e-04   9.332531e-28   168
  8.891412e-01   6.654460e-27   2.835956e-04   9.935438e-28   159
  8.901386e-01   4.339047e-27   2.975600e-04   2.869204e-28   174
  8.911039e-01   4.263664e-27   2.698170e-04   3.645010e-28   144
  8.923678e-01   6.294110e-27   1.557998e-04   5.220227e-28   222
  8.932131e-01   4.412276e-27   1.572158e-04   3.939577e-28   168
  8.946732e-01   7.435878e-27   3.448346e-04   1.383407e-27   30
  8.952763e-01   2.303218e-27   3.044637e-04   2.971021e-28   72
  8.964123e-01   4.217320e-27   2.717302e-04   3.646468e-28   258
  8.976612e-01   4.022838e-27   1.701916e-04   3.252292e-28   264
  8.982857e-01   4.711302e-27   1.835347e-08   6.661482e-28   72
  8.995871e-01   2.740333e-27   3.373270e-04   2.264435e-28   174
  9.007654e-01   4.840771e-27   3.591909e-04   5.643352e-28   168
  9.017127e-01   1.835584e-27   1.123916e-08   2.576301e-28   48
  9.027297e-01   3.165658e-27   2.028435e-04   2.867815e-28   150
  9.039088e-01   5.062703e-27   3.731453e-04   3.999266e-28   168
  9.050911e-01   3.052953e-27   2.273028e-04   3.065105e-28   144
  9.061784e-01   5.233888e-27   2.123525e-04   7.148523e-28   102
  9.069882e-01   1.905827e-27   3.143182e-04   1.731619e-28   96
  9.082731e-01   1.393139e-27   3.119397e-04   1.128822e-28   120
  9.092246e-01   1.521331e-27   3.345635e-04   1.166720e-28   168
  9.102538e-01   5.011825e-27   2.470487e-04   4.181219e-28   126
  9.111308e-01   3.256235e-27   1.863241e-04   3.681418e-28   168
  9.123389e-01   2.360783e-27   2.987709e-04   2.923063e-28   72
  9.133947e-01   2.069241e-27   3.741278e-04   1.706637e-28   168
  9.143196e-01   4.356598e-27   1.025668e-04   7.968695e-28   78
  9.155870e-01   2.159416e-27   1.684070e-04   3.060757e-28   60
  9.166075e-01   4.619139e-27   2.731835e-04   7.521431e-28   96
  9.176659e-01   2.409237e-27   3.314854e-04   1.878099e-28   168
  9.186605e-01   1.775892e-27   2.097511e-04   2.261198e-28   86
  9.197042e-01   1.767020e-27   1.874678e-04   1.844134e-28   120
  9.212002e-01   1.544051e-27   1.336894e-04   1.376266e-28   168
  9.220069e-01   1.165332e-27   0.000000e+00   1.338120e-28   48
  9.230934e-01   3.128250e-27   2.435676e-04   2.983726e-28   120
  9.237177e-01   2.251349e-27   1.776924e-04   2.701949e-28   126
  9.252418e-01   2.047991e-27   3.125113e-04   2.433921e-28   96
  9.262310e-01   2.230514e-27   9.011285e-05   2.210341e-28   96
  9.270111e-01   1.543792e-27   1.059638e-08   1.565059e-28   72
  9.286731e-01   1.729116e-27   1.123916e-08   3.095148e-28   24
  9.297104e-01   2.075331e-27   1.854501e-04   2.123398e-28   120
  9.305196e-01   1.906824e-27   2.705147e-04   2.227834e-28   126
  9.314194e-01   1.776713e-27   2.255107e-04   1.796233e-28   96
  9.324708e-01   1.165846e-27   3.897482e-04   1.235255e-28   72
  9.336415e-01   1.518357e-27   1.685792e-04   1.302523e-28   144
  9.346046e-01   1.088038e-27   9.723254e-05   1.343758e-28   72
  9.355666e-01   2.000559e-27   1.942081e-04   3.018042e-28   54
  9.364132e-01   2.019784e-27   1.711436e-04   1.881274e-28   108
  9.381728e-01   2.292278e-27   1.677650e-04   2.125700e-28   72
  9.387206e-01   1.356477e-27   9.680617e-05   1.218712e-28   72
  9.400202e-01   8.882521e-28   1.946680e-08   1.630137e-28   24
  9.412498e-01   7.534799e-28   2.047976e-04   1.275424e-28   48
  9.419964e-01   1.744178e-27   1.560029e-04   1.973590e-28   102
  9.431203e-01   1.166437e-27   3.528137e-04   9.515724e-29   168
  9.445889e-01   1.083798e-27   1.924163e-04   1.381710e-28   72
  9.451330e-01   1.237308e-27   0.000000e+00   1.609483e-28   48
  9.462744e-01   1.318027e-27   3.309678e-04   1.568418e-28   120
  9.477807e-01   1.305436e-27   2.033864e-04   1.371942e-28   96
  9.492033e-01   3.073750e-27   1.798266e-08   8.944585e-28   30
  9.508942e-01   1.386720e-27   9.555995e-05   1.928288e-28   72
  9.516372e-01   1.030339e-27   1.123916e-08   2.174901e-28   24
  9.525916e-01   7.797338e-28   1.416435e-04   1.095399e-28   56
  9.536606e-01   7.520946e-28   2.021324e-04   7.286362e-29   96
  9.549399e-01   1.066165e-27   2.232036e-04   9.416225e-29   144
  9.559263e-01   1.486308e-27   1.267263e-04   2.151974e-28   54
  9.573592e-01   1.098504e-27   1.898493e-04   1.112677e-28   108
  9.588012e-01   2.130255e-27   1.005243e-04   3.491593e-28   48
  9.601739e-01   9.853520e-28   3.785063e-04   1.045122e-28   72
  9.634680e-01   1.804969e-27   2.500803e-04   1.830520e-28   78
  9.643808e-01   7.131718e-28   1.884669e-04   6.794025e-29   72
  9.654462e-01   7.343652e-28   1.882329e-04   8.662416e-29   72
  9.665603e-01   1.022918e-27   4.542266e-04   7.623077e-29   96
  9.674408e-01   8.909099e-28   1.878449e-04   7.027788e-29   72
  9.685029e-01   1.269824e-27   0.000000e+00   2.203477e-28   24
  9.695638e-01   9.993676e-28   3.748416e-04   1.089337e-28   72
  9.719599e-01   9.409133e-28   2.380359e-04   1.247990e-28   30
  9.724755e-01   1.327931e-27   0.000000e+00   2.499530e-28   24
  9.752466e-01   7.167418e-28   1.976584e-04   9.922640e-29   48
  9.761159e-01   6.706843e-28   4.253608e-04   6.510575e-29   120
  9.772870e-01   7.676158e-28   1.859776e-04   8.226587e-29   72
  9.784697e-01   7.797775e-28   1.857528e-04   1.123913e-28   36
  9.792826e-01   7.666819e-28   3.671339e-04   7.901847e-29   78
  9.815513e-01   8.564492e-28   1.963888e-04   1.064267e-28   48
  9.844928e-01   1.128984e-27   1.589457e-08   1.455275e-28   24
  9.865884e-01   3.725048e-28   1.367612e-04   5.441165e-29   56
  9.876436e-01   4.974072e-28   2.104496e-04   4.915853e-29   102
  9.889860e-01   6.409689e-28   1.498555e-08   6.892200e-29   72
  9.897653e-01   7.821007e-28   1.123916e-08   1.210140e-28   24
  9.911277e-01   5.344287e-28   1.944913e-04   7.985781e-29   48
  9.936528e-01   8.684678e-28   0.000000e+00   1.517064e-28   24
  9.967520e-01   2.998289e-28   0.000000e+00   1.005347e-28   6
  9.977185e-01   3.636053e-28   0.000000e+00   4.904661e-29   24
  9.983623e-01   3.949016e-28   1.820511e-04   4.163324e-29   72
  9.995384e-01   4.842734e-28   3.396336e-04   5.458227e-29   84
  1.000805e+00   3.939341e-28   0.000000e+00   9.921567e-29   24
  1.001190e+00   4.806908e-28   1.589457e-08   6.447696e-29   24
  1.003114e+00   5.572587e-28   1.946680e-08   7.163368e-29   24
  1.005800e+00   4.526859e-28   0.000000e+00   1.885247e-28   6
  1.009244e+00   3.736944e-28   1.910001e-04   5.950203e-29   48
  1.010072e+00   3.850059e-28   3.598129e-04   3.745809e-29   72
  1.011152e+00   4.258608e-28   1.906396e-04   5.106157e-29   48
  1.012867e+00   6.436653e-28   0.000000e+00   1.953781e-28   24
  1.015148e+00   5.491736e-28   0.000000e+00   8.112734e-29   6
  1.020262e+00   4.261700e-28   0.000000e+00   1.365931e-28   8
  1.020640e+00   4.291299e-28   1.123916e-08   7.725529e-29   48
  1.021546e+00   3.502230e-28   1.848806e-04   3.861759e-29   60
  1.022904e+00   5.328963e-28   0.000000e+00   8.660264e-29   24
  1.024787e+00   7.341039e-29   0.000000e+00   1.136381e-29   6
  1.031723e+00   2.330872e-28   0.000000e+00   5.543559e-29   24
  1.032283e+00   4.083478e-28   1.867372e-04   4.684333e-29   48
  1.033217e+00   2.675372e-28   0.000000e+00   6.148686e-29   24
  1.034708e+00   2.626792e-28   0.000000e+00   2.298164e-29   6
  1.043181e+00   3.120616e-28   1.742080e-04   6.904575e-29   36
  1.043797e+00   3.725934e-28   0.000000e+00   7.655629e-29   24
  1.044904e+00   3.634150e-28   0.000000e+00   1.810838e-28   6
  1.054545e+00   2.701618e-28   1.583190e-04   2.895613e-29   32
  1.055367e+00   2.372950e-28   0.000000e+00   4.017943e-29   6
  1.065728e+00   2.692089e-28   0.000000e+00   4.720579e-29   12
  1.066089e+00   7.016788e-28   0.000000e+00   2.250320e-28   6
  1.077063e+00   3.280114e-28   0.000000e+00   8.941418e-29   6
