#id num_p mvir mbound_vir rvir vmax rvmax vrms x y z vx vy vz Jx Jy Jz E Spin PosUncertainty VelUncertainty bulk_vx bulk_vy bulk_vz BulkVelUnc n_core m200b m200c m500c m2500c Xoff Voff spin_bullock b_to_a c_to_a A[x] A[y] A[z] b_to_a(500c) c_to_a(500c) A[x](500c) A[y](500c) A[z](500c) Rs Rs_Klypin T/|U| M_pe_Behroozi M_pe_Diemer Halfmass_Radius idx i_so i_ph num_cp mmetric
#a = 1.030863
#Om = 0.312046; Ol = 0.687954; h = 0.675560
#FOF linking length: 0.280000
#Unbound Threshold: 0.500000; FOF Refinement Threshold: 0.700000
#Particle mass: 1.08225e+13 Msun/h
#Box size: 320.000000 Mpc/h
#Total particles processed: 262144
#Force resolution assumed: 0.0679043 Mpc/h
#Units: Masses in Msun / h
#Units: Positions in Mpc / h (comoving)
#Units: Velocities in km / s (physical, peculiar)
#Units: Halo Distances, Lengths, and Radii in kpc / h (comoving)
#Units: Angular Momenta in (Msun/h) * (Mpc/h) * km/s (physical)
#Units: Spins are dimensionless
#Units: Total energy in (Msun/h)*(km/s)^2 (physical)
#Note: idx, i_so, and i_ph are internal debugging quantities
#Np is an internal debugging quantity.
#Rockstar Version: 0.99.9-RC3+
0 70 3.030e+14 3.030e+14 1346.671509 1035.598022 799.992554 545.271362 15.473450 4.905246 65.012215 -85.846130 -59.933716 218.433411 -4.28937e+14 -3.35205e+16 2.01079e+15 -1.73854e+20 0.0644044 0.154765 115.862783 -85.846130 -59.933716 218.433411 115.862783 26 3.896106e+14 2.272729e+14 8.658013e+13 1.082252e+13 136.213455 0.000003 0.058258 0.311208 0.099219 -26.305893 142.866959 129.655380 0.454480 0.014834 -1.310617 100.817551 107.526733 257.556732 257.556732 0.196178 4.306220e+14 2.380954e+14 664.730164 5 6 -1 70 3.977765
1 89 4.004e+14 4.004e+14 1477.779297 1068.457153 1463.532349 638.048157 19.389700 8.203636 67.004143 -282.419769 -167.629593 -542.609924 5.06887e+16 -2.87399e+16 4.36331e+15 -1.68774e+20 0.0550041 0.234100 114.392011 -282.419769 -167.629593 -542.609924 114.392011 35 5.627709e+14 0.000000e+00 0.000000e+00 0.000000e+00 154.218887 0.000024 0.063701 0.255984 0.031852 355.519562 464.939606 338.364685 0.000000 0.000000 0.000000 0.000000 0.000000 542.155762 542.155762 0.337894 6.092011e+14 6.060610e+14 1140.755859 6 -1 -1 159 10000000000.000000
2 43 4.329e+13 4.329e+13 703.983276 544.896057 608.341492 334.397308 159.788864 19.513126 39.177059 -125.043884 143.578064 61.549183 2.37526e+14 8.4173e+13 -9.17204e+14 -1.22078e+18 0.0198166 0.417563 0.000000 -125.043884 143.578064 61.549183 0.000000 2 7.575762e+13 0.000000e+00 0.000000e+00 0.000000e+00 373.290955 0.000001 0.042266 0.834467 0.000000 -38.372368 -164.787643 335.593323 0.000000 0.000000 0.000000 0.000000 0.000000 128.820312 128.820312 0.554038 1.769620e+14 2.164503e+13 498.365479 10 -1 -1 43 10000000000.000000
3 23 3.247e+13 3.247e+13 639.611267 492.069275 559.478699 150.077301 124.625473 65.668228 75.575912 -71.758148 -385.694977 -147.473969 1.2852e+15 -1.77717e+15 -1.44816e+15 1.21808e+17 0.0355041 0.328122 69.028537 -71.758148 -385.694977 -147.473969 0.000000 23 6.493510e+13 1.082252e+13 0.000000e+00 0.000000e+00 351.144318 297.483734 0.188630 0.000000 0.000000 0.000000 0.000000 0.000000 0.000000 0.000000 0.000000 0.000000 0.000000 121.976089 121.976089 1.123282 1.277710e+14 1.082252e+13 494.618011 14 -1 -1 23 10000000000.000000
4 38 3.247e+13 3.247e+13 639.611267 463.728973 629.952148 279.938934 80.946915 85.537521 40.712749 -125.570564 112.823189 -173.803879 1.62734e+15 -1.48646e+15 -7.96878e+14 6.16462e+17 0.071226 0.430711 64.241963 -125.570564 112.823189 -173.803879 0.000000 38 4.329007e+13 0.000000e+00 0.000000e+00 0.000000e+00 241.898560 289.054688 0.168211 0.000000 0.000000 0.000000 0.000000 0.000000 0.000000 0.000000 0.000000 0.000000 0.000000 221.148590 221.148590 1.700835 1.490752e+14 4.329007e+13 555.587402 15 -1 -1 38 10000000000.000000
5 40 7.576e+13 7.576e+13 848.349915 627.360779 803.115784 310.767792 40.837944 141.792557 40.357647 222.280701 70.235695 -512.431030 -1.25611e+15 -2.59829e+15 2.53536e+15 -8.49849e+18 0.0521214 0.306087 240.719705 222.280701 70.235695 -512.431030 240.719705 5 1.515152e+14 1.082252e+13 0.000000e+00 0.000000e+00 303.753265 0.000006 0.067168 0.587002 0.296106 318.883759 -5.473596 -176.460175 0.000000 0.000000 0.000000 0.000000 0.000000 224.544205 224.544205 0.255220 2.088672e+14 7.575762e+13 632.355408 18 -1 -1 40 10000000000.000000
6 23 3.247e+13 3.247e+13 639.611267 460.860382 637.818787 311.193878 35.378548 145.426865 43.971100 481.696167 143.981842 -263.851349 1.39667e+15 1.67155e+15 -1.96e+15 5.82808e+17 0.0865877 0.457751 86.750780 481.696167 143.981842 -263.851349 0.000000 23 3.246755e+13 0.000000e+00 0.000000e+00 0.000000e+00 467.949890 159.062958 0.210312 0.000000 0.000000 0.000000 0.000000 0.000000 0.000000 0.000000 0.000000 0.000000 0.000000 261.250488 261.250488 1.728329 9.278087e+13 3.246755e+13 610.724243 19 -1 -1 23 10000000000.000000
7 58 1.082e+14 1.082e+14 955.452271 729.773926 763.098511 290.169434 99.603806 119.745110 64.602478 -373.273468 516.971802 98.575645 -2.13048e+15 -2.01315e+15 -8.15992e+14 -2.31844e+19 0.0279536 0.240178 137.639453 -373.273468 516.971802 98.575645 137.639453 8 2.056278e+14 6.493510e+13 1.082252e+13 0.000000e+00 264.584442 0.000028 0.029359 0.598000 0.019332 245.774811 -32.936710 165.759140 0.000000 0.000000 0.000000 0.000000 0.000000 191.779068 191.779068 0.150825 2.527269e+14 9.740265e+13 600.732971 24 -1 -1 58 10000000000.000000
8 40 3.247e+13 3.247e+13 639.611267 517.965271 504.934174 167.909103 42.682442 58.373402 143.154129 98.936226 -80.902267 -275.020874 2.64431e+14 -3.37014e+14 2.10894e+14 -9.09874e+17 0.0176289 0.317370 0.000000 98.936226 -80.902267 -275.020874 0.000000 1 5.411259e+13 3.246755e+13 1.082252e+13 0.000000e+00 306.664368 0.000016 0.034269 0.000000 0.000000 0.000000 0.000000 0.000000 0.000000 0.000000 0.000000 0.000000 0.000000 89.399666 89.399666 0.242819 1.335996e+14 1.082252e+13 406.688080 32 -1 -1 40 10000000000.000000
9 21 4.329e+13 4.329e+13 703.983276 532.064148 638.038330 250.873367 113.325043 46.274673 114.388458 -331.666962 -342.444244 105.849808 5.25653e+14 -1.90424e+14 1.09704e+15 -1.90185e+18 0.0320176 0.361925 0.000000 -331.666962 -342.444244 105.849808 0.000000 2 7.575762e+13 0.000000e+00 0.000000e+00 0.000000e+00 406.852173 0.000016 0.054712 0.101137 0.002186 507.411591 -169.928055 -68.337891 0.000000 0.000000 0.000000 0.000000 0.000000 153.101013 153.101013 0.328593 1.127679e+14 3.246755e+13 468.376617 37 -1 -1 21 10000000000.000000
10 39 6.494e+13 6.494e+13 805.859680 581.426086 801.451050 218.939667 109.638985 62.309498 122.939384 -51.626804 -220.831451 -273.519348 -1.68374e+15 1.58153e+15 2.20008e+15 -5.91146e+18 0.0530716 0.456958 0.000000 -51.626804 -220.831451 -273.519348 0.000000 1 9.740265e+13 1.082252e+13 1.082252e+13 0.000000e+00 311.431061 47.126167 0.072118 0.296809 0.134513 125.326332 630.898438 -29.274588 0.000000 0.000000 0.000000 0.000000 0.000000 313.193787 313.193787 0.196102 1.273893e+14 1.190477e+14 546.449097 41 -1 -1 39 10000000000.000000
11 58 2.273e+14 2.273e+14 1223.532349 968.134277 819.016235 281.274597 143.392761 78.903831 148.375549 -129.601578 242.607300 350.449158 3.86224e+14 1.31917e+15 -4.82294e+15 -1.31364e+20 0.0171613 0.201178 75.469656 -129.601578 242.607300 350.449158 75.469656 18 2.922080e+14 1.839828e+14 1.298702e+14 0.000000e+00 213.597107 10.818763 0.014052 0.132850 0.071139 -54.441483 496.155914 37.464233 0.161366 0.060895 -21.861357 377.718231 68.315506 194.979492 194.979492 0.055673 2.799243e+14 1.623378e+14 565.859375 46 -1 -1 58 10000000000.000000
12 51 9.740e+13 9.740e+13 922.479065 671.181152 902.148010 334.000793 41.428577 91.327202 126.103531 665.693054 -88.882362 205.432755 -6.96372e+15 2.30158e+15 -4.22253e+15 1.38739e+19 0.0782714 0.278080 67.340208 665.693054 -88.882362 205.432755 0.000000 15 2.380954e+14 0.000000e+00 0.000000e+00 0.000000e+00 357.457306 173.367462 0.097336 0.502535 0.311737 -296.681793 -120.185654 585.308167 0.000000 0.000000 0.000000 0.000000 0.000000 299.782501 299.782501 1.796037 2.395787e+14 1.298702e+14 824.116150 49 50 -1 51 4.211823
13 108 2.056e+14 2.056e+14 1183.387207 962.587341 633.545593 452.744965 45.181923 90.450027 128.372467 -210.913635 -19.962778 98.868721 1.25529e+16 -1.25955e+16 8.69047e+15 -8.9274e+19 0.0717089 0.157114 118.426838 -210.913635 -19.962778 98.868721 118.426838 15 2.922080e+14 1.623378e+14 1.082252e+14 0.000000e+00 203.488556 78.943642 0.065525 0.706065 0.291092 -130.421082 -225.481537 301.795502 0.550434 0.035778 -184.164444 14.452774 300.641388 161.507278 161.507278 0.189175 4.349800e+14 1.406927e+14 544.647583 50 -1 -1 159 10000000000.000000
14 54 1.623e+14 1.623e+14 1093.719849 851.380066 934.456482 350.992584 121.021240 153.945847 98.676537 -214.817062 324.687195 -134.451431 -1.79704e+15 7.0656e+14 -2.54658e+15 -4.89386e+19 0.0154803 0.238395 115.183503 -214.817062 324.687195 -134.451431 115.183503 13 1.839828e+14 5.411259e+13 0.000000e+00 0.000000e+00 67.298027 0.000004 0.015689 0.492059 0.252829 281.830383 369.871521 -9.546602 0.000000 0.000000 0.000000 0.000000 0.000000 192.827805 192.827805 0.155149 2.370433e+14 8.658013e+13 753.790710 54 -1 -1 54 10000000000.000000
15 21 4.329e+13 4.329e+13 703.983276 510.576294 692.872742 115.589027 85.752647 133.343948 107.229042 56.130981 132.067566 -220.011307 5.55638e+13 -9.18342e+14 9.73536e+14 -2.58656e+18 0.04062 0.402418 0.000000 56.130981 132.067566 -220.011307 0.000000 0 4.329007e+13 2.164503e+13 0.000000e+00 0.000000e+00 194.748444 47.487080 0.059520 0.084236 0.025876 12.833607 517.429504 319.787811 0.000000 0.000000 0.000000 0.000000 0.000000 241.801880 241.801880 0.089035 1.029084e+14 4.329007e+13 389.167999 55 -1 -1 21 10000000000.000000
16 67 3.896e+14 3.896e+14 1464.344238 1054.573608 1461.717651 609.834961 110.108749 145.672241 125.058723 79.777733 123.103424 -144.326782 -8.31298e+15 -2.31015e+16 -1.04842e+16 -1.99811e+20 0.0292819 0.191357 113.815168 79.777733 123.103424 -144.326782 113.815168 31 4.653682e+14 1.731603e+14 3.246755e+13 2.164503e+13 127.472626 27.414064 0.030463 0.297813 0.089974 -28.422091 331.436096 -136.111679 0.184954 0.058058 13.240834 216.767685 -153.757767 613.209595 613.209595 0.267284 4.259780e+14 5.194808e+14 989.276611 57 -1 -1 67 10000000000.000000
17 41 3.247e+13 3.247e+13 639.611267 562.041199 428.844421 95.273354 140.958038 206.341660 53.916100 -115.484276 521.927490 143.107941 2.29569e+14 5.831e+13 4.7104e+13 -1.09172e+18 0.00976686 0.285375 0.000000 -115.484276 521.927490 143.107941 0.000000 1 1.731603e+14 3.246755e+13 0.000000e+00 0.000000e+00 154.555786 0.000031 0.017333 0.000000 0.000000 0.000000 0.000000 0.000000 0.000000 0.000000 0.000000 0.000000 0.000000 60.293499 60.293499 0.043662 1.869467e+14 0.000000e+00 428.098602 72 73 -1 41 4.300380
18 36 1.732e+14 1.732e+14 1117.503784 819.278259 1009.120850 308.521027 140.113754 210.427750 53.878147 387.545929 -105.886955 213.649612 2.54092e+15 2.02276e+15 -4.43047e+15 -5.98258e+19 0.0250365 0.206560 93.882599 387.545929 -105.886955 213.649612 93.882599 12 2.272729e+14 6.493510e+13 4.329007e+13 0.000000e+00 263.746429 40.262344 0.024218 0.381470 0.010150 380.107605 -0.606467 364.036621 0.621178 0.501623 255.936310 29.544750 -34.148880 326.397095 326.397095 0.100039 2.381416e+14 2.056278e+14 734.356262 73 -1 -1 77 10000000000.000000
19 36 9.740e+13 9.740e+13 922.479065 726.098145 770.844299 298.714050 24.029287 254.911926 34.023945 -192.484863 86.848099 88.818985 2.83784e+14 2.01778e+15 4.05674e+15 -1.81544e+19 0.0480292 0.254359 159.669373 -192.484863 86.848099 88.818985 159.669373 7 1.406927e+14 8.658013e+13 0.000000e+00 0.000000e+00 160.330276 0.000008 0.052214 0.693838 0.472142 -5.573770 451.292816 -24.659801 0.000000 0.000000 0.000000 0.000000 0.000000 151.719315 151.719315 0.155939 1.548396e+14 4.329007e+13 639.397766 80 -1 -1 36 10000000000.000000
20 79 3.247e+13 3.247e+13 639.611267 469.789886 613.802673 96.513344 9.948224 269.934204 22.334221 -73.790970 86.155418 -5.438406 -2.1883e+15 -1.10897e+15 -1.36686e+15 2.07385e+18 0.156541 0.333057 60.713834 -73.790970 86.155418 -5.438406 0.000000 34 8.658013e+13 0.000000e+00 0.000000e+00 0.000000e+00 445.742065 473.411224 0.201562 0.000000 0.000000 0.000000 0.000000 0.000000 0.000000 0.000000 0.000000 0.000000 0.000000 182.630173 182.630173 3.597943 2.922770e+14 4.329007e+13 612.203491 82 -1 -1 79 10000000000.000000
21 28 6.494e+13 6.494e+13 805.859680 635.500427 670.863831 177.400604 21.563875 253.708603 47.089699 -277.405640 461.224426 -422.072021 9.49983e+14 -1.44945e+15 3.31354e+14 -8.23729e+18 0.0346504 0.261266 198.339907 -277.405640 461.224426 -422.072021 198.339907 4 9.740265e+13 4.329007e+13 1.082252e+13 0.000000e+00 170.601242 0.000014 0.039888 0.768094 0.394019 -10.214974 -2.706357 325.086304 0.000000 0.000000 0.000000 0.000000 0.000000 131.036194 131.036194 0.077421 1.263923e+14 3.246755e+13 485.568604 84 -1 -1 28 10000000000.000000
22 95 1.299e+14 1.299e+14 1015.319580 734.890869 1003.345215 619.155029 17.403559 265.860168 49.430210 -7.894033 -35.424397 -432.321747 5.31329e+15 -9.54293e+14 2.39654e+15 -9.45886e+18 0.0219725 0.257275 344.065060 -7.894033 -35.424397 -432.321747 344.065060 6 2.922080e+14 0.000000e+00 0.000000e+00 0.000000e+00 218.977493 139.160477 0.042058 0.370814 0.064792 421.651245 548.853699 -11.938722 0.000000 0.000000 0.000000 0.000000 0.000000 363.322937 363.322937 0.710383 5.103648e+14 2.380954e+14 720.486816 85 -1 -1 95 10000000000.000000
23 28 9.740e+13 9.740e+13 922.479065 669.555420 906.534302 333.553894 69.825432 258.446167 29.044409 -255.283539 -98.404007 -450.977325 2.08018e+15 -1.33131e+16 -4.4812e+15 -4.30021e+18 0.0731185 0.305534 0.000000 -255.283539 -98.404007 -450.977325 0.000000 0 1.190477e+14 2.164503e+13 1.082252e+13 0.000000e+00 491.862000 415.128204 0.163325 0.000000 0.000000 522.979736 282.836914 -139.247894 0.000000 0.000000 0.000000 0.000000 0.000000 312.406586 312.406586 0.758765 1.553620e+14 1.190477e+14 763.516174 87 -1 -1 28 10000000000.000000
24 62 3.030e+14 3.030e+14 1346.671509 970.635864 1342.023560 440.155182 5.003375 284.334564 28.501570 135.418030 -93.258011 15.323389 -1.03669e+16 -9.47745e+15 1.48225e+15 -1.40348e+20 0.0243368 0.200528 107.018932 135.418030 -93.258011 15.323389 107.018932 20 4.004331e+14 1.082252e+14 0.000000e+00 0.000000e+00 164.420380 54.783195 0.024502 0.499362 0.072852 -35.157360 166.411285 425.280762 0.000000 0.000000 0.000000 0.000000 0.000000 542.561279 542.561279 0.178824 3.738847e+14 4.870133e+14 920.267700 89 -1 -1 62 10000000000.000000
25 87 3.680e+14 3.680e+14 1436.708496 1044.876465 1406.254272 601.539673 145.145035 255.476639 0.976730 -348.038818 383.574310 372.304779 -2.03185e+15 2.84456e+15 2.35705e+14 -2.03725e+20 0.00447647 0.195199 113.435042 -348.038818 383.574310 372.304779 113.435042 32 4.437232e+14 2.164503e+14 5.411259e+13 0.000000e+00 121.059647 0.000007 0.004398 0.535743 0.135429 345.776611 274.674103 -171.285980 0.054503 0.028851 330.042328 -185.141205 103.750961 470.163300 470.163300 0.210327 4.125884e+14 4.437232e+14 886.731934 94 -1 -1 87 10000000000.000000
26 24 7.576e+13 7.576e+13 848.349915 611.499695 845.318542 150.475311 108.111557 305.604065 60.767429 331.298035 -166.535950 -355.576050 9.09559e+14 2.01974e+14 1.0762e+15 -9.40998e+18 0.0203232 0.426834 46.707558 331.298035 -166.535950 -355.576050 0.000000 24 7.575762e+13 1.082252e+13 0.000000e+00 0.000000e+00 166.961838 109.312065 0.024889 0.665466 0.173613 -18.435335 -415.328888 416.211060 0.000000 0.000000 0.000000 0.000000 0.000000 340.961609 340.961609 0.088026 1.007332e+14 7.575762e+13 720.210144 99 -1 -1 24 10000000000.000000
27 94 1.299e+14 1.299e+14 1015.319580 745.888611 973.975647 351.428741 127.064018 313.270752 40.137608 -92.891991 398.060516 -408.595306 -9.45295e+14 4.32573e+15 -6.76623e+15 -2.68253e+19 0.0506591 0.264884 139.310741 -92.891991 398.060516 -408.595306 139.310741 10 1.623378e+14 1.082252e+13 0.000000e+00 0.000000e+00 231.666946 0.000008 0.057580 0.277142 0.014634 348.490540 -29.255489 -236.625259 0.000000 0.000000 0.000000 0.000000 0.000000 289.241699 289.241699 0.220745 2.914710e+14 1.515152e+14 674.109863 101 103 -1 94 1.945759
28 118 1.732e+14 1.732e+14 1117.503784 901.529724 777.826538 677.916199 129.077866 313.505035 39.752335 618.245300 518.064148 -390.500244 2.23977e+15 -2.55695e+16 8.8107e+15 -3.96473e+19 0.100686 0.192891 190.472408 618.245300 518.064148 -390.500244 190.472408 11 5.627709e+14 1.623378e+14 0.000000e+00 0.000000e+00 214.464005 105.603027 0.119636 0.299467 0.141215 -146.406342 -141.029510 425.294525 0.000000 0.000000 0.000000 0.000000 0.000000 159.469025 159.469025 0.497471 8.129806e+14 9.740265e+13 586.961365 103 -1 -1 212 10000000000.000000
29 25 2.165e+13 2.165e+13 558.751892 429.660583 489.208252 0.000000 20.307550 239.942230 157.204483 1.436303 -127.160973 214.710678 4.04543e+14 8.97247e+13 -3.35187e+14 7.55526e+17 0.0494133 0.404655 69.507865 1.436303 -127.160973 214.710678 0.000000 25 2.164503e+13 0.000000e+00 0.000000e+00 0.000000e+00 402.344940 412.652100 0.075188 0.000000 0.000000 0.000000 0.000000 0.000000 0.000000 0.000000 0.000000 0.000000 0.000000 106.903023 106.903023 0.000000 1.271665e+14 1.082252e+13 402.344940 106 -1 -1 25 10000000000.000000
30 45 6.494e+13 6.494e+13 805.859680 693.039429 564.092285 360.749298 124.291672 179.240662 140.267563 106.502762 96.347710 -248.810165 -1.49833e+15 1.80627e+15 2.39161e+15 -7.73788e+18 0.0637771 0.357883 403.329967 106.502762 96.347710 -248.810165 403.329967 4 2.164503e+14 6.493510e+13 0.000000e+00 0.000000e+00 180.084396 0.000007 0.075750 0.164416 0.095933 340.630066 209.280533 89.003868 0.000000 0.000000 0.000000 0.000000 0.000000 83.647804 83.647804 0.284084 2.063660e+14 0.000000e+00 427.321838 116 -1 -1 45 10000000000.000000
31 82 2.165e+14 2.165e+14 1203.794434 867.548706 1199.933105 528.092163 40.064903 290.007629 153.907028 -26.025904 123.184929 207.013138 -8.79006e+15 -1.03272e+16 -3.93021e+15 -6.28424e+19 0.0377543 0.217514 175.854465 -26.025904 123.184929 207.013138 175.854465 12 5.194808e+14 6.493510e+13 0.000000e+00 0.000000e+00 264.420715 106.907379 0.042914 0.418490 0.034224 -208.855087 132.382034 507.740997 0.000000 0.000000 0.000000 0.000000 0.000000 487.421631 487.421631 0.314397 5.156133e+14 5.194808e+14 802.977966 122 -1 -1 82 10000000000.000000
32 38 1.190e+14 1.190e+14 986.294434 735.720276 917.660461 325.662384 179.171387 29.943602 41.298534 -1.829433 -80.869995 -243.017899 -5.23946e+15 4.14911e+15 1.04905e+15 -2.49408e+19 0.0507977 0.289022 140.142777 -1.829433 -80.869995 -243.017899 140.142777 9 1.190477e+14 3.246755e+13 2.164503e+13 0.000000e+00 102.275650 0.000004 0.055691 0.475571 0.313364 174.538910 53.902908 582.203064 0.000000 0.000000 0.000000 0.000000 0.000000 239.863770 239.863770 0.172536 1.999083e+14 1.190477e+14 748.168762 129 -1 -1 38 10000000000.000000
33 60 8.658e+13 8.658e+13 886.963318 650.354980 747.329163 342.946106 178.940598 43.470390 36.056557 144.777008 -129.455627 -152.432892 -1.69587e+15 4.4846e+15 -2.03211e+15 -9.97955e+18 0.0548332 0.271863 246.330047 144.777008 -129.455627 -152.432892 246.330047 5 1.298702e+14 1.082252e+13 0.000000e+00 0.000000e+00 102.774284 71.796555 0.072884 0.229884 0.080072 167.063568 165.504578 490.591461 0.000000 0.000000 0.000000 0.000000 0.000000 258.597717 258.597717 0.327290 2.364189e+14 1.082252e+14 674.565674 131 -1 -1 60 10000000000.000000
34 21 7.576e+13 7.576e+13 848.349915 618.711304 825.727539 251.831177 233.460770 15.919894 66.893021 -183.836639 108.329811 -51.690735 4.48263e+13 -7.22953e+14 -1.63882e+15 -8.54843e+18 0.024382 0.294537 271.056498 -183.836639 108.329811 -51.690735 271.056498 4 1.298702e+14 0.000000e+00 0.000000e+00 0.000000e+00 222.898621 53.736122 0.031329 0.394439 0.008106 83.133324 -271.025604 620.570923 0.000000 0.000000 0.000000 0.000000 0.000000 265.865265 265.865265 0.178748 1.310114e+14 8.658013e+13 709.980225 134 -1 -1 21 10000000000.000000
35 45 2.273e+14 2.273e+14 1223.532349 904.505310 993.493530 387.192047 210.086472 60.282528 64.856651 -74.869431 -218.223724 -68.486862 2.31108e+14 5.03509e+15 3.36344e+15 -9.51028e+19 0.0176434 0.183391 99.312662 -74.869431 -218.223724 -68.486862 99.312662 19 2.597404e+14 1.190477e+14 0.000000e+00 0.000000e+00 105.175514 0.000004 0.016979 0.675800 0.476758 -23.230862 288.115753 324.162537 0.000000 0.000000 0.000000 0.000000 0.000000 324.996307 324.996307 0.150875 2.582288e+14 2.272729e+14 745.317688 137 -1 -1 45 10000000000.000000
36 27 5.411e+13 5.411e+13 758.343018 588.216614 652.544678 388.341461 165.161346 104.994522 43.352631 376.611511 17.873274 173.473038 2.31701e+14 1.12936e+15 -1.73612e+15 -2.69626e+18 0.0369366 0.283663 0.000000 376.611511 17.873274 173.473038 0.000000 3 8.658013e+13 2.164503e+13 0.000000e+00 0.000000e+00 219.875458 0.000009 0.063844 0.441764 0.024467 -191.075607 314.786926 129.080566 0.000000 0.000000 0.000000 0.000000 0.000000 136.834274 136.834274 0.513801 1.725665e+14 2.164503e+13 559.620972 140 -1 -1 27 10000000000.000000
37 35 2.381e+14 2.381e+14 1242.653076 926.541382 841.598877 488.011139 190.807663 154.995331 79.237602 111.942093 49.899948 -180.150635 8.02392e+15 -1.01526e+16 -1.39991e+16 -9.94524e+19 0.0505307 0.239030 121.282993 111.942093 49.899948 -180.150635 121.282993 20 2.597404e+14 1.731603e+14 4.329007e+13 0.000000e+00 248.720718 0.000005 0.049431 0.311859 0.073379 57.812778 -189.868530 219.043167 0.340956 0.089331 132.805847 -203.027084 198.370132 303.437225 303.437225 0.211511 2.587354e+14 2.380954e+14 792.535583 142 -1 -1 35 10000000000.000000
38 21 7.576e+13 7.576e+13 848.349915 628.310852 800.688782 346.087067 231.163223 119.941376 11.926360 11.025596 35.623402 234.357788 3.22889e+14 -5.02437e+13 4.63302e+15 -7.96169e+18 0.0609946 0.405123 268.077880 11.025596 35.623402 234.357788 268.077880 5 9.740265e+13 1.082252e+13 0.000000e+00 0.000000e+00 161.627365 0.000002 0.081209 0.113331 0.000000 307.145233 507.323639 -47.739567 0.000000 0.000000 0.000000 0.000000 0.000000 221.068024 221.068024 0.304212 9.461191e+13 7.575762e+13 598.677795 146 -1 -1 21 10000000000.000000
39 55 2.597e+14 2.597e+14 1279.222534 967.952515 915.714966 394.081757 229.104935 127.982864 20.258348 -2.075918 -230.770569 -320.795776 7.0443e+14 -4.04811e+15 9.28762e+15 -1.36465e+20 0.0253685 0.183009 92.440458 -2.075918 -230.770569 -320.795776 92.440458 22 2.597404e+14 2.056278e+14 7.575762e+13 2.164503e+13 167.255951 0.000004 0.022779 0.607215 0.446717 -238.964676 33.837444 253.646759 0.606501 0.040954 -90.371307 123.479828 49.506535 275.647247 275.647247 0.122098 2.799112e+14 2.380954e+14 769.166138 150 -1 -1 55 10000000000.000000
40 89 5.087e+14 5.087e+14 1600.448242 1255.009644 1232.790039 575.537476 220.155289 160.036652 58.960125 -286.876617 -410.989838 87.260414 -1.50964e+16 -2.12061e+16 -1.51797e+16 -4.72169e+20 0.0260883 0.136766 89.788690 -286.876617 -410.989838 87.260414 89.788690 45 6.818185e+14 4.653682e+14 1.839828e+14 0.000000e+00 193.808914 0.000010 0.022049 0.356769 0.219399 -122.471275 -87.696472 449.716705 0.773005 0.696979 255.813431 66.291222 -185.709320 269.375092 269.375092 0.151038 5.944305e+14 3.571431e+14 850.309570 154 -1 -1 89 10000000000.000000
41 54 6.494e+13 6.494e+13 805.859680 632.252991 677.772949 286.646851 238.170364 91.427742 89.942406 390.057678 -295.521881 -95.638367 1.18956e+15 2.98556e+14 -7.41712e+14 -7.39431e+18 0.0266684 0.284818 320.480913 390.057678 -295.521881 -95.638367 320.480913 4 9.740265e+13 3.246755e+13 1.082252e+13 0.000000e+00 216.377029 0.000014 0.032402 0.155134 0.000000 266.677124 -56.351624 -98.444153 0.000000 0.000000 0.000000 0.000000 0.000000 135.199692 135.199692 0.216527 2.688709e+14 3.246755e+13 408.202057 165 166 -1 54 4.675729
42 54 1.082e+14 1.082e+14 955.452271 694.666809 842.178650 467.361267 244.108322 94.977112 93.887001 -595.391357 -153.360107 -66.602203 3.7857e+14 2.82818e+15 9.04241e+14 -1.5143e+19 0.0222249 0.255898 244.076296 -595.391357 -153.360107 -66.602203 244.076296 7 2.380954e+14 6.493510e+13 0.000000e+00 0.000000e+00 195.148941 64.311340 0.028883 0.366795 0.013596 -267.667053 160.754379 268.158081 0.000000 0.000000 0.000000 0.000000 0.000000 314.203644 314.203644 0.430543 4.145164e+14 1.731603e+14 546.530090 167 -1 -1 156 10000000000.000000
43 29 2.056e+14 2.056e+14 1183.387207 874.780273 944.140930 320.344116 298.066986 44.331696 38.568413 347.373291 -34.587055 -223.721832 -9.2678e+15 -2.32516e+15 1.51265e+15 -8.61586e+19 0.0344321 0.190171 88.097688 347.373291 -34.587055 -223.721832 88.097688 17 2.272729e+14 1.298702e+14 0.000000e+00 0.000000e+00 95.928200 0.000013 0.032027 0.225610 0.035526 -25.042822 -140.064896 310.389801 0.000000 0.000000 0.000000 0.000000 0.000000 314.512177 314.512177 0.097079 2.145152e+14 2.056278e+14 743.094299 173 -1 -1 29 10000000000.000000
44 79 8.658e+13 8.658e+13 886.963318 711.987976 712.622375 279.856384 252.764709 111.472610 4.353667 -321.362946 157.359924 -65.666763 -5.15425e+14 -9.95006e+14 -1.02065e+14 -1.3748e+19 0.0139067 0.241013 174.521108 -321.362946 157.359924 -65.666763 174.521108 6 1.731603e+14 7.575762e+13 0.000000e+00 0.000000e+00 102.639328 0.000007 0.015749 0.590754 0.156318 211.770782 -209.253357 220.091721 0.000000 0.000000 0.000000 0.000000 0.000000 130.111435 130.111435 0.185596 2.362478e+14 2.164503e+13 612.481140 178 -1 -1 79 10000000000.000000
45 40 2.165e+13 2.165e+13 558.751892 453.336029 219.722397 0.000000 266.327789 59.422855 113.528923 -50.074604 300.522125 193.885849 -6.57328e+13 -4.3751e+13 -6.79545e+13 1.2498e+16 0.00124225 0.469892 48.676038 -40.145683 309.488556 171.662277 0.000000 40 3.246755e+13 1.082252e+13 1.082252e+13 0.000000e+00 219.722397 51.039513 0.014697 0.000000 0.000000 0.000000 0.000000 0.000000 0.000000 0.000000 0.000000 0.000000 0.000000 77.309822 77.309822 0.000000 1.354783e+14 1.082252e+13 219.722397 182 -1 -1 40 10000000000.000000
46 26 3.247e+13 3.247e+13 639.611267 478.459778 591.759460 245.438004 286.469238 100.031013 110.827156 -305.661224 -9.620468 -1.304498 4.05126e+14 -4.86353e+14 -1.71845e+14 -1.72385e+17 0.0105408 0.414278 74.410909 -305.661224 -9.620468 -1.304498 0.000000 26 1.298702e+14 1.082252e+13 0.000000e+00 0.000000e+00 386.755188 116.287216 0.047075 0.000000 0.000000 0.000000 0.000000 0.000000 0.000000 0.000000 0.000000 0.000000 0.000000 151.648544 151.648544 0.799516 1.106566e+14 3.246755e+13 568.361572 187 -1 -1 26 10000000000.000000
47 77 3.030e+14 3.030e+14 1346.671509 999.246765 1221.048950 531.792725 260.210754 91.195374 141.714600 227.132385 9.795640 -161.232330 2.28053e+16 -2.05584e+15 -1.06063e+16 -1.31561e+20 0.0420981 0.213168 112.998764 227.132385 9.795640 -161.232330 112.998764 26 6.601735e+14 1.190477e+14 0.000000e+00 0.000000e+00 159.845901 0.000001 0.043776 0.672552 0.330050 -115.775650 314.510223 -340.918976 0.000000 0.000000 0.000000 0.000000 0.000000 344.406067 344.406067 0.249749 5.680577e+14 3.138530e+14 891.253845 188 -1 -1 77 10000000000.000000
48 46 2.814e+14 2.814e+14 1313.812744 989.098755 1200.076294 314.183380 262.041504 102.044640 124.875839 -134.613693 68.761345 -59.869312 -1.07156e+16 1.35001e+15 -4.9091e+15 -1.39081e+20 0.0244911 0.224862 69.974200 -134.613693 68.761345 -59.869312 69.974200 24 3.246755e+14 1.190477e+14 0.000000e+00 0.000000e+00 216.222717 0.000008 0.023286 0.810781 0.731486 -202.693542 559.593323 -164.237671 0.000000 0.000000 0.000000 0.000000 0.000000 294.916229 294.916229 0.080959 3.119554e+14 2.597404e+14 905.503967 189 -1 -1 46 10000000000.000000
49 82 2.597e+14 2.597e+14 1279.222534 945.551880 909.110229 533.215698 240.937897 104.700974 164.243057 -92.787575 -66.336174 104.491173 2.81704e+15 1.04445e+16 -2.78613e+15 -1.11224e+20 0.0251909 0.179162 125.077363 -92.787575 -66.336174 104.491173 125.077363 22 3.138530e+14 1.948053e+14 4.329007e+13 0.000000e+00 78.684586 0.000003 0.025055 0.286862 0.047522 -119.144470 -9.019087 257.830902 0.497215 0.053854 -54.416656 -16.639154 241.359344 340.252991 340.252991 0.255137 3.636629e+14 2.705629e+14 712.562561 192 -1 -1 82 10000000000.000000
50 38 1.407e+14 1.407e+14 1042.773804 768.565979 993.792847 380.121796 220.109116 196.802719 3.885232 -142.480423 293.722015 -199.606552 1.12532e+14 2.44063e+15 3.93738e+15 -3.13026e+19 0.0256722 0.265917 140.369274 -142.480423 293.722015 -199.606552 140.369274 11 2.597404e+14 4.329007e+13 1.082252e+13 0.000000e+00 453.439178 0.000011 0.028875 0.366408 0.024190 -163.663910 291.100128 254.854202 0.000000 0.000000 0.000000 0.000000 0.000000 286.112640 286.112640 0.258824 2.397476e+14 1.731603e+14 692.177246 198 -1 -1 38 10000000000.000000
51 22 2.165e+13 2.165e+13 558.751892 520.338135 166.779800 0.000000 199.852142 241.231201 70.830414 -296.767151 333.435974 94.523956 0 0 0 1.55601e+15 0 0.381488 0.000000 -296.767151 333.435974 94.523956 0.000000 0 4.329007e+13 2.164503e+13 1.082252e+13 0.000000e+00 166.779800 0.000000 0.000000 0.000000 0.000000 0.000000 0.000000 0.000000 0.000000 0.000000 0.000000 0.000000 0.000000 41.360878 41.360878 0.000000 1.059337e+14 0.000000e+00 166.779800 201 -1 -1 22 10000000000.000000
52 66 2.056e+14 2.056e+14 1183.387207 961.069702 391.106476 416.736023 211.257629 202.245789 3.824557 162.244446 202.167374 -318.818420 -1.67748e+16 -6.33213e+14 -3.94205e+15 -9.34763e+19 0.0639266 0.118656 118.420509 162.244446 202.167374 -318.818420 118.420509 14 3.354980e+14 1.190477e+14 1.082252e+14 0.000000e+00 204.071548 46.391293 0.057086 0.623892 0.319323 113.304306 188.179092 251.745239 0.633890 0.000000 11.108715 -80.893997 195.875000 162.874344 162.874344 0.161173 3.965896e+14 1.082252e+14 491.117889 202 -1 -1 66 10000000000.000000
53 22 8.658e+13 8.658e+13 886.963318 641.799622 877.012695 222.880341 165.538849 238.046356 130.815552 86.215630 -175.483902 -357.784546 7.44061e+14 2.01019e+15 -1.26188e+15 -1.19207e+19 0.0286254 0.351909 59.875964 86.215630 -175.483902 -357.784546 0.000000 22 9.740265e+13 0.000000e+00 0.000000e+00 0.000000e+00 449.227264 93.384850 0.034813 0.060704 0.025029 479.744293 94.624344 468.107361 0.000000 0.000000 0.000000 0.000000 0.000000 319.437836 319.437836 0.128830 1.106812e+14 1.190477e+14 670.074402 204 -1 -1 22 10000000000.000000
54 31 1.840e+14 1.840e+14 1140.316284 865.558960 1024.637939 415.099854 265.428436 200.808044 4.639359 -151.178696 227.600906 -394.483765 -3.82193e+15 4.08679e+15 -3.86608e+15 -5.61547e+19 0.0258074 0.258055 123.758866 -151.178696 227.600906 -394.483765 123.758866 15 2.380954e+14 1.082252e+13 0.000000e+00 0.000000e+00 156.663055 0.000008 0.027102 0.150617 0.093583 282.768616 231.675217 700.879517 0.000000 0.000000 0.000000 0.000000 0.000000 239.797501 239.797501 0.210651 2.102673e+14 1.515152e+14 769.332703 211 -1 -1 31 10000000000.000000
55 53 3.247e+13 3.247e+13 639.611267 621.137146 351.124420 343.803131 306.442474 221.111084 34.278492 447.649292 -44.588234 -196.708862 -1.37039e+15 -5.95287e+14 6.68544e+14 -3.50311e+17 0.0374995 0.274520 0.000000 447.649292 -44.588234 -196.708862 0.000000 1 9.740265e+13 3.246755e+13 3.246755e+13 0.000000e+00 93.522285 0.000017 0.117481 0.000000 0.000000 0.000000 0.000000 0.000000 0.513475 0.231503 -81.048645 187.324905 -50.640385 40.258163 40.258163 0.775733 3.009762e+14 0.000000e+00 312.863190 215 -1 -1 53 10000000000.000000
56 21 3.247e+13 3.247e+13 639.611267 470.911224 610.882874 255.970383 265.704620 220.403015 107.404373 -12.948463 -84.016579 201.151428 -4.79048e+14 -8.07399e+13 5.19494e+14 7.52876e+17 0.0238877 0.358680 94.276993 -12.948463 -84.016579 201.151428 0.000000 21 4.329007e+13 0.000000e+00 0.000000e+00 0.000000e+00 178.819305 333.069519 0.051048 0.000000 0.000000 0.000000 0.000000 0.000000 0.000000 0.000000 0.000000 0.000000 0.000000 177.630402 177.630402 1.776623 1.148525e+14 3.246755e+13 504.115143 219 -1 -1 21 10000000000.000000
57 37 8.658e+13 8.658e+13 886.963318 645.242737 650.758423 221.221100 245.181824 205.699265 128.049545 385.193359 508.394287 -159.251450 -7.15429e+14 -2.5977e+14 -2.80279e+14 -1.35872e+19 0.00996562 0.263233 160.072725 385.193359 508.394287 -159.251450 160.072725 5 1.298702e+14 1.082252e+13 0.000000e+00 0.000000e+00 209.935165 45.339642 0.011352 0.784225 0.359691 453.936584 139.888687 142.736420 0.000000 0.000000 0.000000 0.000000 0.000000 288.944946 288.944946 0.119072 1.651970e+14 1.082252e+14 637.448425 220 -1 -1 37 10000000000.000000
58 24 5.411e+13 5.411e+13 758.343018 639.579590 331.166840 445.725586 275.341156 218.701294 136.957581 365.651184 -138.055939 -88.016968 -2.64212e+15 -1.08165e+15 -4.87379e+13 -3.35174e+18 0.0564241 0.423768 0.000000 365.651184 -138.055939 -88.016968 0.000000 3 6.493510e+13 4.329007e+13 3.246755e+13 0.000000e+00 56.616131 0.000017 0.087473 0.505227 0.036419 65.646721 -1.068161 215.776657 0.889788 0.000000 -21.626137 -12.460591 164.883072 86.238487 86.238487 0.560601 9.761768e+13 3.246755e+13 331.166840 221 -1 -1 24 10000000000.000000
59 30 6.494e+13 6.494e+13 805.859680 627.922485 687.153931 388.497223 272.342865 218.793900 145.227325 268.046539 -136.116028 -319.688599 3.28897e+15 -4.59437e+15 1.86005e+15 -3.42048e+18 0.0752781 0.305912 434.353093 268.046539 -136.116028 -319.688599 434.353093 4 7.575762e+13 1.082252e+13 0.000000e+00 0.000000e+00 108.218742 0.000015 0.134479 0.374502 0.155595 -262.367645 -133.150467 361.361694 0.000000 0.000000 0.000000 0.000000 0.000000 141.176895 141.176895 0.564885 1.916572e+14 2.164503e+13 615.526672 222 -1 -1 30 10000000000.000000
60 60 1.407e+14 1.407e+14 1042.773804 750.388550 1042.523193 436.255127 271.291382 214.134811 153.475891 70.449799 66.645348 -380.808533 8.47418e+14 1.08722e+15 -1.21986e+15 -2.81349e+19 0.00966811 0.241936 186.708925 70.449799 66.645348 -380.808533 186.708925 8 3.030305e+14 3.246755e+13 0.000000e+00 0.000000e+00 82.786667 80.672455 0.011470 0.331116 0.004824 -188.576889 445.912537 -303.876251 0.000000 0.000000 0.000000 0.000000 0.000000 465.043549 465.043549 0.312805 2.636502e+14 3.354980e+14 720.709473 223 -1 -1 60 10000000000.000000
61 23 4.329e+13 4.329e+13 703.983276 545.505310 606.983459 277.410217 299.815826 177.467239 125.879829 88.657661 212.272476 16.466608 -5.76909e+14 -1.12846e+14 2.27164e+15 -1.76801e+18 0.0588301 0.336725 0.000000 88.657661 212.272476 16.466608 0.000000 2 6.493510e+13 3.246755e+13 0.000000e+00 0.000000e+00 350.953430 0.000003 0.104266 0.687371 0.512962 96.473007 -222.671906 254.238998 0.000000 0.000000 0.000000 0.000000 0.000000 127.868011 127.868011 0.423821 1.260679e+14 3.246755e+13 458.508881 226 -1 -1 23 10000000000.000000
62 22 2.165e+13 2.165e+13 558.751892 431.918854 484.106018 0.000000 300.797852 179.400986 132.681931 215.232162 316.973694 -134.745728 -2.21742e+14 -6.1484e+13 -7.31239e+14 2.28892e+17 0.0391197 0.420445 73.348720 215.232162 316.973694 -134.745728 0.000000 22 2.164503e+13 1.082252e+13 0.000000e+00 0.000000e+00 334.425140 206.960373 0.108145 0.000000 0.000000 0.000000 0.000000 0.000000 0.000000 0.000000 0.000000 0.000000 0.000000 103.143463 103.143463 0.000000 9.892664e+13 1.082252e+13 334.425140 227 -1 -1 22 10000000000.000000
63 75 1.732e+14 1.732e+14 1117.503784 812.143799 1095.390381 524.740051 309.762665 174.237061 154.635696 18.406996 461.988220 119.768074 1.72673e+16 -7.14063e+15 1.02673e+16 -3.59662e+19 0.0753419 0.225077 152.142113 18.406996 461.988220 119.768074 152.142113 13 1.731603e+14 3.246755e+13 0.000000e+00 0.000000e+00 147.192307 73.066925 0.093992 0.219685 0.018827 417.078796 -114.831062 -141.576401 0.000000 0.000000 0.000000 0.000000 0.000000 370.106628 370.106628 0.391499 2.695611e+14 1.839828e+14 888.153320 231 -1 -1 119 10000000000.000000
64 27 7.576e+13 7.576e+13 848.349915 618.844421 825.372314 301.407196 284.637878 210.352951 110.789055 136.915054 127.625534 466.583893 1.80686e+15 8.84532e+14 -6.80726e+14 -7.25982e+18 0.0266332 0.316854 79.128835 136.915054 127.625534 466.583893 0.000000 27 1.190477e+14 0.000000e+00 0.000000e+00 0.000000e+00 88.803596 125.495445 0.037134 0.000000 0.000000 348.297119 287.933350 -130.729675 0.000000 0.000000 0.000000 0.000000 0.000000 265.033386 265.033386 0.286695 1.462002e+14 9.740265e+13 728.113403 236 -1 -1 27 10000000000.000000
65 69 1.407e+14 1.407e+14 1042.773804 773.441528 981.303101 295.234009 287.945648 221.601105 127.902229 -55.626598 -262.451355 180.693985 5.25635e+15 -1.02515e+15 6.22694e+15 -3.52662e+19 0.0482969 0.328695 109.022387 -55.626598 -262.451355 180.693985 109.022387 11 1.406927e+14 2.164503e+13 1.082252e+13 1.082252e+13 231.665222 0.000008 0.051179 0.423303 0.024640 -67.650002 105.371689 60.503082 0.000000 0.000000 0.000000 0.000000 0.000000 267.745331 267.745331 0.136979 2.475124e+14 1.406927e+14 685.705933 237 -1 -1 69 10000000000.000000
66 79 1.840e+14 1.840e+14 1140.316284 825.632874 1126.133301 284.078308 202.410950 283.719940 40.099102 -387.953735 116.875107 -140.894669 5.66836e+15 -1.11246e+15 -6.32127e+15 -5.21746e+19 0.0313205 0.243544 62.617696 -387.953735 116.875107 -140.894669 0.000000 22 2.380954e+14 0.000000e+00 0.000000e+00 0.000000e+00 291.864502 190.545197 0.034123 0.361147 0.200087 283.592926 589.852173 125.508774 0.000000 0.000000 0.000000 0.000000 0.000000 405.197510 405.197510 0.145843 3.168411e+14 2.597404e+14 912.189636 242 -1 -1 79 10000000000.000000
67 39 7.576e+13 7.576e+13 848.349915 616.707275 831.102661 261.880219 166.485504 251.759674 91.673126 -362.880615 86.654099 80.835052 8.92253e+14 -5.49603e+14 6.91055e+14 -9.66234e+18 0.0181606 0.298552 250.491065 -362.880615 86.654099 80.835052 250.491065 4 1.839828e+14 3.246755e+13 1.082252e+13 0.000000e+00 251.189255 73.144699 0.021949 0.573496 0.055426 211.202026 -196.586334 51.556065 0.000000 0.000000 0.000000 0.000000 0.000000 279.661896 279.661896 0.179266 2.355227e+14 1.298702e+14 631.143982 243 -1 -1 39 10000000000.000000
68 55 2.597e+14 2.597e+14 1279.222534 945.954956 1160.651245 474.011108 179.753189 274.836334 97.477455 32.554222 -232.149231 -241.057999 -1.2363e+16 -1.54391e+14 1.13315e+16 -1.21162e+20 0.0394739 0.169455 112.626999 32.554222 -232.149231 -241.057999 112.626999 21 2.597404e+14 1.839828e+14 1.082252e+13 0.000000e+00 196.899719 27.147682 0.037616 0.653490 0.159397 -218.597687 351.454315 30.976562 0.000000 0.000000 0.000000 0.000000 0.000000 338.735474 338.735474 0.178178 2.739085e+14 2.597404e+14 774.247009 244 -1 -1 55 10000000000.000000
69 46 1.407e+14 1.407e+14 1042.773804 880.268494 582.752930 380.238647 190.001694 315.530914 132.961273 -66.943405 -16.846975 -327.177612 -4.78383e+15 2.70443e+15 -9.42908e+14 -4.84844e+19 0.0384442 0.150081 140.412423 -66.943405 -16.846975 -327.177612 140.412423 11 1.515152e+14 1.406927e+14 6.493510e+13 0.000000e+00 59.064159 0.000001 0.034744 0.899081 0.541392 -209.587692 -176.439301 138.709595 0.699670 0.000000 165.016083 199.507996 -136.451202 118.067322 118.067322 0.165389 2.097981e+14 6.493510e+13 505.504730 246 -1 -1 46 10000000000.000000
70 29 2.165e+13 2.165e+13 558.751892 414.028381 526.847107 0.000000 302.676605 300.025482 2.703475 157.611649 165.359253 -97.367065 -3.04318e+14 2.53292e+12 8.00907e+13 1.18625e+17 0.0115608 0.507384 73.943070 180.374725 185.796860 -126.633202 0.000000 17 2.164503e+13 1.082252e+13 0.000000e+00 0.000000e+00 324.660248 143.236343 0.044394 0.000000 0.000000 0.000000 0.000000 0.000000 0.000000 0.000000 0.000000 0.000000 0.000000 144.885132 144.885132 0.000000 9.337266e+13 2.164503e+13 324.660248 252 -1 -1 29 10000000000.000000
71 82 9.740e+13 9.740e+13 922.479065 668.539429 909.291748 298.923523 249.894150 250.198685 76.503632 -51.633068 429.340546 -69.226311 -7.3945e+15 -6.41568e+15 2.39743e+15 -1.28481e+19 0.0897065 0.256588 253.439026 -51.633068 429.340546 -69.226311 253.439026 5 2.813854e+14 0.000000e+00 0.000000e+00 0.000000e+00 193.563034 29.202955 0.115925 0.190190 0.000000 40.626823 -115.094398 666.644043 0.000000 0.000000 0.000000 0.000000 0.000000 321.516235 321.516235 0.282848 3.467584e+14 1.948053e+14 717.150696 256 -1 -1 82 10000000000.000000
72 113 2.381e+14 2.381e+14 1242.653076 902.145874 1165.146606 516.504272 300.524231 309.021576 54.872246 161.833679 -481.678955 -291.102539 -1.94534e+16 -1.3221e+16 1.27467e+16 -8.36774e+19 0.065044 0.231307 128.737606 161.833679 -481.678955 -291.102539 128.737606 19 2.705629e+14 9.740265e+13 2.164503e+13 1.082252e+13 293.217010 36.645157 0.069368 0.752464 0.212060 207.776154 308.867310 66.239090 0.000000 0.000000 0.000000 0.000000 0.000000 419.153137 419.153137 0.256618 3.268341e+14 2.922080e+14 840.364441 261 -1 -1 113 10000000000.000000
73 21 6.494e+13 6.494e+13 805.859680 598.918152 755.320190 173.083191 266.708405 303.410583 157.222595 227.452759 -24.548857 -459.139679 -6.48115e+14 1.28519e+15 -2.13813e+15 -8.08367e+18 0.0501432 0.346784 193.512889 227.452759 -24.548857 -459.139679 193.512889 4 9.740265e+13 3.246755e+13 1.082252e+13 0.000000e+00 233.774963 0.000003 0.058269 0.702956 0.107848 -50.881554 89.695854 185.652969 0.000000 0.000000 0.000000 0.000000 0.000000 202.889359 202.889359 0.095347 1.070324e+14 6.493510e+13 402.895966 266 -1 -1 21 10000000000.000000
74 52 4.329e+13 4.329e+13 703.983276 567.437317 420.726929 144.647171 279.247711 315.463135 144.473114 110.517441 -534.147949 34.530052 4.26786e+13 -1.91654e+14 2.5167e+14 -3.34265e+18 0.0110041 0.349594 0.000000 110.517441 -534.147949 34.530052 0.000000 2 1.623378e+14 3.246755e+13 0.000000e+00 0.000000e+00 328.176758 0.000021 0.014184 0.452782 0.309654 -70.678116 313.650879 -32.675175 0.000000 0.000000 0.000000 0.000000 0.000000 100.937538 100.937538 0.089428 2.357663e+14 2.164503e+13 362.590027 267 -1 -1 52 10000000000.000000
75 23 2.165e+13 2.165e+13 558.751892 457.538025 431.410217 0.000000 11.280844 58.460136 239.898010 213.993851 -383.419617 398.864197 0 0 0 4.54611e+15 0 0.444133 0.000000 213.993851 -383.419617 398.864197 0.000000 0 2.164503e+13 2.164503e+13 0.000000e+00 0.000000e+00 285.073792 0.000000 0.000000 0.000000 0.000000 0.000000 0.000000 0.000000 0.000000 0.000000 0.000000 0.000000 0.000000 73.626183 73.626183 0.000000 9.282826e+13 1.082252e+13 285.073792 269 -1 -1 23 10000000000.000000
76 53 2.165e+13 2.165e+13 558.751892 435.337158 476.533386 0.000000 34.084942 51.329906 216.000519 -138.509338 -259.950653 335.909698 6.49885e+13 2.6773e+14 1.97403e+14 7.26583e+16 0.00974461 0.305179 67.498698 -138.509338 -259.950653 335.909698 0.000000 25 1.731603e+14 1.082252e+13 0.000000e+00 0.000000e+00 347.147247 141.544556 0.047813 0.000000 0.000000 0.000000 0.000000 0.000000 0.000000 0.000000 0.000000 0.000000 0.000000 97.944244 97.944244 0.000000 2.399908e+14 1.082252e+13 347.147247 275 -1 -1 53 10000000000.000000
77 34 1.299e+14 1.299e+14 1015.319580 780.802002 888.820801 332.988220 60.990318 59.954704 236.434326 -168.162201 -82.545311 491.332397 4.01704e+15 -1.31914e+15 -5.18182e+15 -2.97513e+19 0.0441247 0.240100 132.000681 -168.162201 -82.545311 491.332397 132.000681 10 2.489179e+14 0.000000e+00 0.000000e+00 0.000000e+00 58.501068 0.000012 0.047623 0.476267 0.112390 390.703644 175.362595 146.100189 0.000000 0.000000 0.000000 0.000000 0.000000 194.157486 194.157486 0.156967 2.220585e+14 8.658013e+13 754.576416 278 -1 -1 34 10000000000.000000
78 50 2.381e+14 2.381e+14 1242.653076 900.202515 1225.905518 640.073425 152.074814 58.007931 216.092239 37.418907 -512.167542 249.795502 -2.14708e+16 -7.8509e+15 -1.43484e+16 -6.11655e+19 0.0561055 0.205538 168.371630 37.418907 -512.167542 249.795502 168.371630 18 3.246755e+14 5.411259e+13 0.000000e+00 0.000000e+00 117.409012 34.678387 0.069985 0.129220 0.015068 -261.680939 558.360229 -104.775703 0.000000 0.000000 0.000000 0.000000 0.000000 436.742920 436.742920 0.459284 3.123161e+14 3.354980e+14 867.779053 294 295 -1 75 3.028491
79 135 8.009e+14 8.009e+14 1861.885254 1379.899902 1731.181152 806.280518 154.099609 55.021149 216.259628 164.184265 464.349945 294.886871 -3.72774e+16 -3.57983e+16 9.96057e+16 -7.80779e+20 0.0401635 0.145912 97.736502 164.184265 464.349945 294.886871 97.736502 72 1.071429e+15 4.545457e+14 1.082252e+13 1.082252e+13 105.712219 0.000009 0.038533 0.596335 0.262147 428.044189 16.057671 -253.833710 0.000000 0.000000 0.000000 0.000000 0.000000 481.853333 481.853333 0.250363 1.088089e+15 8.333338e+14 1093.018677 295 -1 -1 210 10000000000.000000
80 29 2.165e+13 2.165e+13 558.751892 469.840210 409.114075 0.000000 128.443329 135.749603 173.305573 -43.464592 7.277712 143.069595 0 0 0 8.72207e+15 0 0.334568 0.000000 -43.464592 7.277712 143.069595 0.000000 0 5.411259e+13 2.164503e+13 0.000000e+00 0.000000e+00 394.863617 0.000000 0.000000 0.000000 0.000000 0.000000 0.000000 0.000000 0.000000 0.000000 0.000000 0.000000 0.000000 64.460869 64.460869 0.000000 1.094825e+14 0.000000e+00 394.863617 302 -1 -1 29 10000000000.000000
81 139 2.165e+13 2.165e+13 558.751892 506.717468 351.732941 0.000000 4.948038 71.462784 250.766083 330.654968 -709.592285 -239.741806 0 0 0 6.28411e+15 0 0.196109 0.000000 330.654968 -709.592285 -239.741806 0.000000 0 1.017317e+15 2.164503e+13 0.000000e+00 0.000000e+00 335.165405 0.000000 0.000000 0.000000 0.000000 0.000000 0.000000 0.000000 0.000000 0.000000 0.000000 0.000000 0.000000 46.059391 46.059391 0.000000 9.299010e+14 0.000000e+00 335.165405 312 -1 -1 139 10000000000.000000
82 70 3.247e+13 3.247e+13 639.611267 465.084320 626.285950 168.583847 75.274887 71.598427 309.567291 -78.028160 0.497065 -9.113082 -4.75945e+12 1.21737e+15 5.50007e+14 -6.02245e+17 0.0401271 0.314884 56.879591 -78.028160 0.497065 -9.113082 0.000000 13 1.515152e+14 0.000000e+00 0.000000e+00 0.000000e+00 377.264160 139.298553 0.095878 0.000000 0.000000 0.000000 0.000000 0.000000 0.000000 0.000000 0.000000 0.000000 0.000000 209.953156 209.953156 0.372054 2.276687e+14 4.329007e+13 509.555664 318 -1 -1 70 10000000000.000000
83 81 9.740e+13 9.740e+13 922.479065 1008.041138 88.876770 351.751648 46.918941 125.821571 264.764954 84.807510 -238.595734 8.697490 -3.36954e+15 3.46677e+15 7.98925e+14 -1.93482e+19 0.0535189 0.249545 188.019167 84.807510 -238.595734 8.697490 188.019167 7 1.515152e+14 4.329007e+13 2.164503e+13 2.164503e+13 135.247330 0.000004 0.056358 0.386011 0.116343 78.774437 -58.587212 177.929337 0.000000 0.000000 0.000000 0.000000 0.000000 38.176430 38.176430 0.207005 2.157509e+14 2.164503e+13 700.639832 319 -1 -1 81 10000000000.000000
84 47 6.494e+13 6.494e+13 805.859680 608.710510 731.213989 287.537140 70.747154 139.942474 313.554932 -175.037689 -92.377525 202.669189 3.55221e+14 -1.53146e+15 -1.8753e+15 -5.24676e+18 0.038354 0.266295 321.476294 -175.037689 -92.377525 202.669189 321.476294 4 1.948053e+14 2.164503e+13 0.000000e+00 0.000000e+00 186.873215 0.000006 0.055321 0.743931 0.398073 155.326294 462.298889 121.966042 0.000000 0.000000 0.000000 0.000000 0.000000 176.064896 176.064896 0.336701 2.659952e+14 5.411259e+13 642.908813 326 -1 -1 47 10000000000.000000
85 76 5.303e+14 5.303e+14 1622.834961 1168.526855 1620.442017 600.753845 154.739761 36.023327 314.791504 -5.277766 -103.377502 -17.259138 -3.37247e+16 -8.95922e+15 6.99487e+15 -3.44524e+20 0.023715 0.195966 93.160653 -5.277766 -103.377502 -17.259138 93.160653 46 6.277060e+14 6.493510e+13 0.000000e+00 0.000000e+00 184.152069 8.330792 0.024293 0.301885 0.125394 328.551300 -260.925018 311.096252 0.000000 0.000000 0.000000 0.000000 0.000000 685.923157 685.923157 0.223101 5.747523e+14 7.034636e+14 1113.656494 333 -1 -1 76 10000000000.000000
86 50 2.165e+14 2.165e+14 1203.794434 886.272888 1149.767090 519.105530 155.124298 145.371078 295.296295 36.357525 99.901222 -42.155407 -9.92256e+15 2.1313e+16 1.88988e+15 -7.16668e+19 0.0673471 0.221145 137.705273 36.357525 99.901222 -42.155407 137.705273 18 2.597404e+14 1.082252e+14 0.000000e+00 0.000000e+00 278.314331 0.000003 0.071684 0.206454 0.106028 568.880310 -234.555618 310.377319 0.000000 0.000000 0.000000 0.000000 0.000000 334.381775 334.381775 0.264414 2.369322e+14 2.272729e+14 745.327148 340 -1 -1 50 10000000000.000000
87 31 4.329e+13 4.329e+13 703.983276 506.732422 703.424377 135.658905 0.369038 231.251968 249.501923 154.941406 277.389130 429.965942 -3.34897e+14 5.08443e+14 -4.63232e+14 1.54192e+18 0.0179121 0.292383 76.301203 -95.059448 55.538746 230.661560 0.000000 12 1.190477e+14 1.082252e+13 0.000000e+00 0.000000e+00 196.427307 114.943306 0.033994 0.653490 0.319508 -54.594612 30.765324 361.264343 0.000000 0.000000 0.000000 0.000000 0.000000 304.774323 304.774323 1.686475 1.263673e+14 1.190477e+14 585.233032 345 -1 -1 31 10000000000.000000
88 41 1.407e+14 1.407e+14 1042.773804 767.862427 919.028992 285.614471 10.106487 228.971680 285.894928 92.792435 172.415848 -23.046318 8.60972e+14 7.88712e+14 8.45484e+15 -3.69478e+19 0.0513731 0.239751 116.698584 92.792435 172.415848 -23.046318 116.698584 10 1.515152e+14 0.000000e+00 0.000000e+00 0.000000e+00 114.421272 13.928463 0.053186 0.000000 0.000000 125.976562 468.551636 416.137695 0.000000 0.000000 0.000000 0.000000 0.000000 289.064453 289.064453 0.116433 1.622357e+14 1.406927e+14 699.929443 348 -1 -1 41 10000000000.000000
89 76 4.113e+14 4.113e+14 1490.974487 1075.750122 1482.776001 723.862244 135.307404 190.175842 194.749756 253.186523 66.681854 -323.473328 6.27111e+15 -6.42634e+15 2.89233e+16 -2.09216e+20 0.0296933 0.184650 131.012322 253.186523 66.681854 -323.473328 131.012322 35 6.168835e+14 1.948053e+14 0.000000e+00 0.000000e+00 226.240906 11.068901 0.031580 0.586484 0.136802 357.035980 -36.468487 -219.385788 0.000000 0.000000 0.000000 0.000000 0.000000 579.199585 579.199585 0.331566 5.280927e+14 6.601735e+14 977.023376 355 -1 -1 104 10000000000.000000
90 28 2.165e+13 2.165e+13 558.751892 560.493164 143.738846 0.000000 139.666962 190.117340 192.152023 -614.558960 -53.358639 42.763111 2.24255e+14 8.52516e+13 -3.19461e+14 3.54428e+18 0.080226 0.354836 65.071167 -602.871338 30.685808 41.285152 0.000000 28 6.493510e+13 1.082252e+13 1.082252e+13 1.082252e+13 143.738846 305.148071 0.056361 0.000000 0.000000 0.000000 0.000000 0.000000 0.000000 0.000000 0.000000 0.000000 0.000000 31.191952 31.191952 0.000000 1.417989e+14 0.000000e+00 143.738846 356 355 -1 28 6.989291
91 130 2.381e+14 2.381e+14 1242.653076 948.648926 1053.714722 742.547974 135.232941 204.995285 180.453049 -168.288544 7.134948 91.074638 -4.40591e+15 -2.85636e+15 1.49554e+16 -7.73315e+19 0.037047 0.165932 184.541778 -168.288544 7.134948 91.074638 184.541778 20 2.813854e+14 1.731603e+14 9.740265e+13 0.000000e+00 129.552109 0.000002 0.041099 0.926019 0.434986 -210.673828 266.579285 -143.382034 0.140296 0.000000 344.867035 -91.723984 -83.700439 250.366287 250.366287 0.445557 6.760512e+14 1.948053e+14 598.732544 359 -1 -1 161 10000000000.000000
92 31 3.247e+13 3.247e+13 639.611267 499.385010 181.068863 308.119781 137.419754 209.440079 177.086929 -182.553757 -782.947693 633.818481 -1.06237e+15 1.9347e+15 1.14512e+15 1.02271e+19 0.307797 0.388215 66.692464 -110.167564 -794.912659 619.095459 0.000000 31 5.411259e+13 1.082252e+13 1.082252e+13 0.000000e+00 279.945679 141.217270 0.178467 0.000000 0.000000 0.000000 0.000000 0.000000 0.000000 0.000000 0.000000 0.000000 0.000000 110.625664 110.625664 11.963936 1.142485e+14 1.082252e+13 523.911011 360 359 -1 31 7.149081
93 92 6.494e+13 6.494e+13 805.859680 588.050842 783.495178 608.277954 133.981232 208.719543 189.376144 99.287560 -665.969666 9.094274 1.97952e+14 3.12371e+14 -4.65906e+15 2.0213e+18 0.0454665 0.361361 0.000000 99.287560 -665.969666 9.094274 0.000000 2 6.493510e+13 2.164503e+13 1.082252e+13 0.000000e+00 106.833755 208.338669 0.105658 0.411907 0.168616 108.906944 -244.024887 259.707886 0.000000 0.000000 0.000000 0.000000 0.000000 250.515640 250.515640 1.249367 3.609281e+14 6.493510e+13 557.733215 361 -1 -1 92 10000000000.000000
94 35 1.840e+14 1.840e+14 1140.316284 832.161987 1043.323608 426.819397 124.730988 175.947479 264.942139 -234.284897 -142.804810 139.622345 -9.4051e+14 6.51783e+15 -1.74389e+15 -5.46609e+19 0.0255037 0.300978 130.882961 -234.284897 -142.804810 139.622345 130.882961 14 2.597404e+14 0.000000e+00 0.000000e+00 0.000000e+00 276.285797 33.956039 0.027146 0.140897 0.008239 248.581757 318.829773 -226.356781 0.000000 0.000000 0.000000 0.000000 0.000000 354.170319 354.170319 0.198254 2.211056e+14 2.164503e+14 762.348877 362 -1 -1 35 10000000000.000000
95 31 2.165e+13 2.165e+13 558.751892 472.289154 202.441177 0.000000 17.498714 267.044952 168.983231 150.443024 -274.627533 -147.254883 1.28534e+14 2.16009e+14 -1.54947e+12 1.56257e+17 0.0105983 0.345512 58.313310 229.236694 -203.607224 -155.191208 0.000000 14 6.493510e+13 1.082252e+13 1.082252e+13 0.000000e+00 202.441177 128.135635 0.035460 0.000000 0.000000 0.000000 0.000000 0.000000 0.000000 0.000000 0.000000 0.000000 0.000000 62.873413 62.873413 0.000000 1.291227e+14 1.082252e+13 202.441177 364 -1 -1 31 10000000000.000000
96 21 3.247e+13 3.247e+13 639.611267 464.756104 627.170837 54.459862 37.185547 264.515228 232.686768 -27.721220 7.062822 257.009552 8.39994e+14 3.23485e+14 -1.40769e+14 -6.70354e+17 0.028873 0.370900 49.233485 -23.269972 -99.922485 303.343719 0.000000 21 6.493510e+13 0.000000e+00 0.000000e+00 0.000000e+00 372.922577 99.654350 0.065390 0.000000 0.000000 0.000000 0.000000 0.000000 0.000000 0.000000 0.000000 0.000000 0.000000 212.455322 212.455322 0.272544 1.101093e+14 4.329007e+13 530.329529 376 -1 -1 21 10000000000.000000
97 33 4.329e+13 4.329e+13 703.983276 512.892395 686.629150 355.164673 96.351006 245.262497 221.562164 -141.352661 -75.127426 510.502655 3.49621e+15 1.7724e+15 2.39529e+15 3.87348e+17 0.0539084 0.390395 64.301391 -132.133102 -46.208645 489.157471 0.000000 33 9.740265e+13 0.000000e+00 0.000000e+00 0.000000e+00 490.068298 208.397949 0.204123 0.741346 0.262819 -116.387497 49.425240 496.378357 0.000000 0.000000 0.000000 0.000000 0.000000 224.049713 224.049713 1.179015 1.534403e+14 8.658013e+13 663.044861 378 -1 -1 33 10000000000.000000
98 47 1.190e+14 1.190e+14 986.294434 728.283691 936.496765 369.805695 33.622227 289.680725 262.188507 -54.334129 22.678621 93.121391 -1.58114e+15 6.82095e+14 -7.7007e+15 -1.93235e+19 0.0521529 0.258583 159.139029 -54.334129 22.678621 93.121391 159.139029 9 2.813854e+14 1.082252e+13 0.000000e+00 0.000000e+00 290.046844 0.000001 0.064958 0.325295 0.000000 -106.682533 171.724457 510.253632 0.000000 0.000000 0.000000 0.000000 0.000000 265.211975 265.211975 0.263667 2.792751e+14 1.298702e+14 775.659424 388 -1 -1 47 10000000000.000000
99 26 1.840e+14 1.840e+14 1140.316284 846.519348 1008.233215 402.234772 60.239334 245.333786 280.309082 -28.658691 -50.287079 -6.210866 1.13904e+16 -3.04415e+15 7.58707e+15 -5.76722e+19 0.0539155 0.192041 119.923242 -28.658691 -50.287079 -6.210866 119.923242 15 2.164503e+14 6.493510e+13 4.329007e+13 0.000000e+00 60.884277 0.000002 0.055869 0.952665 0.584746 33.557426 300.618896 -129.299347 0.533665 0.095645 7.302883 262.790924 1.435260 290.307800 290.307800 0.217615 1.996588e+14 1.839828e+14 747.269409 391 -1 -1 26 10000000000.000000
100 27 5.411e+13 5.411e+13 758.343018 646.277893 216.225159 199.767151 94.420975 245.678604 294.317535 278.915100 -41.242180 199.785706 -1.82834e+15 7.78005e+14 1.84974e+14 -4.85222e+18 0.0474467 0.400886 0.000000 278.915100 -41.242180 199.785706 0.000000 0 6.493510e+13 2.164503e+13 2.164503e+13 1.082252e+13 160.233002 101.931557 0.061133 0.679465 0.065050 402.298248 313.287231 215.169662 0.000000 0.000000 0.000000 0.000000 0.000000 82.091339 82.091339 0.155534 1.155055e+14 2.164503e+13 669.609009 397 -1 -1 27 10000000000.000000
101 304 1.959e+15 1.959e+15 2508.621826 1867.367920 1994.232178 1223.877319 119.835609 264.677460 291.301178 450.648956 -198.378632 172.380371 2.76467e+17 9.71589e+16 -4.65695e+16 -3.31052e+21 0.0233716 0.160589 128.687933 369.505829 -184.297424 111.308174 92.378330 99 2.164503e+15 1.277057e+15 4.329007e+13 0.000000e+00 287.607941 103.948601 0.022946 0.662833 0.555825 479.024933 359.339813 -378.947968 0.440622 0.130553 -208.153198 267.217468 31.374321 1082.140991 622.127625 0.314429 2.014368e+15 2.510824e+15 1434.422241 398 -1 -1 304 10000000000.000000
102 25 2.165e+13 2.165e+13 558.751892 426.283234 496.990753 0.000000 169.029083 33.423782 233.877106 -302.152466 448.995178 433.240540 -1.93809e+14 7.86527e+13 1.10904e+15 2.28222e+17 0.0575083 0.506396 87.165782 -302.152466 448.995178 433.240540 0.000000 25 2.164503e+13 0.000000e+00 0.000000e+00 0.000000e+00 493.721161 214.701752 0.159213 0.000000 0.000000 0.000000 0.000000 0.000000 0.000000 0.000000 0.000000 0.000000 0.000000 113.102470 113.102470 0.000000 8.872956e+13 0.000000e+00 493.721161 401 -1 -1 25 10000000000.000000
103 27 3.247e+13 3.247e+13 639.611267 470.095947 613.003601 404.090820 225.047363 65.750397 200.338425 -330.415131 97.247101 14.404901 6.5786e+14 4.5255e+14 1.71335e+15 1.36876e+18 0.0856007 0.309264 81.111080 -330.415131 97.247101 14.404901 0.000000 27 1.839828e+14 1.082252e+13 0.000000e+00 0.000000e+00 383.559113 165.859009 0.135670 0.000000 0.000000 0.000000 0.000000 0.000000 0.000000 0.000000 0.000000 0.000000 0.000000 181.224213 181.224213 2.548541 1.605546e+14 3.246755e+13 552.889282 403 -1 -1 27 10000000000.000000
104 67 3.463e+14 3.463e+14 1407.966553 1013.465088 1406.848022 519.025085 185.019394 97.289368 221.219818 -181.237305 -191.506210 142.180145 4.41789e+15 -4.58516e+15 8.81879e+14 -1.73268e+20 0.00881357 0.243483 102.782685 -181.237305 -191.506210 142.180145 102.782685 29 4.329007e+14 1.731603e+14 4.329007e+13 0.000000e+00 313.576904 20.360470 0.008926 0.212790 0.000000 62.420799 448.062805 547.533875 0.724226 0.140131 -131.844254 267.995514 -33.187943 609.538269 609.538269 0.220397 3.797560e+14 5.411258e+14 879.045715 407 -1 -1 67 10000000000.000000
105 56 3.247e+13 3.247e+13 639.611267 473.015503 605.459778 641.869446 301.709381 102.438416 233.839600 -122.038940 48.396702 163.448639 8.82772e+14 3.61491e+14 -3.43459e+15 4.06459e+18 0.278169 0.413025 64.025077 -122.038940 48.396702 163.448639 0.000000 56 4.329007e+13 0.000000e+00 0.000000e+00 0.000000e+00 386.118805 150.705597 0.255841 0.000000 0.000000 0.000000 0.000000 0.000000 0.000000 0.000000 0.000000 0.000000 0.000000 169.225632 169.225632 5.454523 2.272333e+14 3.246755e+13 535.583923 412 -1 -1 56 10000000000.000000
106 38 2.165e+13 2.165e+13 558.751892 448.925995 448.120972 0.000000 298.891815 109.227333 234.053101 57.612659 7.389344 200.520630 8.09443e+14 -1.34308e+15 -2.68858e+14 1.75493e+18 0.224814 0.326089 63.103696 26.873863 -20.249676 118.210190 0.000000 16 5.411259e+13 0.000000e+00 0.000000e+00 0.000000e+00 411.478302 601.399414 0.224450 0.000000 0.000000 0.000000 0.000000 0.000000 0.000000 0.000000 0.000000 0.000000 0.000000 81.556656 81.556656 0.000000 1.731818e+14 0.000000e+00 411.478302 413 -1 -1 38 10000000000.000000
107 22 8.658e+13 8.658e+13 886.963318 679.062195 783.403870 235.161835 198.375427 15.546934 309.361450 -137.501053 32.799774 336.574829 -9.51417e+14 2.59263e+15 4.83852e+14 -1.36747e+19 0.0345594 0.238024 146.649168 -137.501053 32.799774 336.574829 146.649168 6 1.623378e+14 3.246755e+13 0.000000e+00 0.000000e+00 226.395294 0.000009 0.039242 0.792297 0.530226 389.242065 19.775814 144.691574 0.000000 0.000000 0.000000 0.000000 0.000000 175.023254 175.023254 0.142631 1.432985e+14 5.411259e+13 619.185364 419 -1 -1 22 10000000000.000000
108 29 2.165e+13 2.165e+13 558.751892 465.150757 208.702362 0.000000 186.408691 60.343761 283.230377 -17.738125 -20.024300 325.101868 -6.54196e+13 -1.40126e+14 1.42736e+14 1.0263e+16 0.00227405 0.360916 51.079824 -47.588978 -40.827251 257.495819 0.000000 14 6.493510e+13 1.082252e+13 1.082252e+13 0.000000e+00 208.702347 95.649254 0.029689 0.000000 0.000000 0.000000 0.000000 0.000000 0.000000 0.000000 0.000000 0.000000 0.000000 67.703743 67.703743 0.000000 9.984749e+13 1.082252e+13 208.702362 420 -1 -1 29 10000000000.000000
109 34 5.411e+13 5.411e+13 758.343018 587.838257 522.708008 200.500107 197.514374 145.640686 306.927155 -254.204895 12.056870 -157.085526 -4.33026e+14 1.85899e+15 6.25073e+14 -4.78972e+18 0.0474454 0.291484 0.000000 -254.204895 12.056870 -157.085526 0.000000 2 7.575762e+13 4.329007e+13 0.000000e+00 0.000000e+00 62.237099 60.549397 0.061529 0.624108 0.000000 -151.366577 -12.692595 413.776093 0.000000 0.000000 0.000000 0.000000 0.000000 137.415833 137.415833 0.157075 1.127915e+14 4.329007e+13 516.423950 422 -1 -1 34 10000000000.000000
110 44 2.706e+14 2.706e+14 1296.748291 946.368103 1260.476074 422.297028 298.814117 80.261002 318.431213 63.470081 -107.595337 145.644562 -4.43545e+15 5.7165e+14 1.16437e+14 -1.20305e+20 0.00947427 0.241947 96.459441 63.470081 -107.595337 145.644562 96.459441 23 3.030305e+14 0.000000e+00 0.000000e+00 0.000000e+00 242.221054 0.000007 0.009374 0.790560 0.054755 301.600464 412.776794 110.681236 0.000000 0.000000 0.000000 0.000000 0.000000 402.466736 402.466736 0.149134 3.146172e+14 3.030305e+14 867.298950 426 -1 -1 44 10000000000.000000
111 26 8.658e+13 8.658e+13 886.963318 683.741699 772.717285 205.671219 200.856247 186.280533 232.826660 -473.421783 88.248055 383.746368 1.08361e+15 -1.13461e+15 6.31115e+14 -1.456e+19 0.021509 0.280156 128.258536 -473.421783 88.248055 383.746368 128.258536 6 9.740265e+13 1.082252e+13 0.000000e+00 0.000000e+00 93.422340 0.000011 0.023669 0.500220 0.168298 354.576172 -214.507660 112.022110 0.000000 0.000000 0.000000 0.000000 0.000000 166.815399 166.815399 0.097710 1.141814e+14 6.493510e+13 592.584290 433 -1 -1 26 10000000000.000000
112 29 5.411e+13 5.411e+13 758.343018 580.302734 670.464233 206.861221 172.515366 218.709137 232.037109 -15.014817 -428.584503 245.468063 -1.49359e+15 9.58436e+14 -1.19295e+15 -4.27261e+18 0.0477081 0.367195 0.000000 -15.014817 -428.584503 245.468063 0.000000 3 6.493510e+13 2.164503e+13 0.000000e+00 0.000000e+00 266.466248 0.000000 0.065507 0.520376 0.000000 284.753418 40.462917 57.295464 0.000000 0.000000 0.000000 0.000000 0.000000 150.175171 150.175171 0.212513 1.006825e+14 3.246755e+13 537.317200 436 -1 -1 29 10000000000.000000
113 27 1.082e+14 1.082e+14 955.452271 691.016113 945.667542 156.978928 277.532654 183.252884 204.003815 331.119385 24.796406 86.660767 3.83181e+13 -1.08136e+15 -1.01584e+15 -2.58896e+19 0.0144091 0.223154 80.647792 331.119385 24.796406 86.660767 80.647792 7 1.406927e+14 7.575762e+13 0.000000e+00 0.000000e+00 108.406532 23.472082 0.014321 0.550964 0.028404 -111.331169 362.241119 -68.880341 0.000000 0.000000 0.000000 0.000000 0.000000 348.014679 348.014679 0.028131 1.213399e+14 1.406927e+14 580.395691 446 -1 -1 27 10000000000.000000
114 24 4.329e+13 4.329e+13 703.983276 513.787964 684.237671 198.686432 253.408234 213.803436 225.350220 330.181366 12.641869 55.682590 1.72507e+15 -2.75171e+14 -3.04995e+14 -1.30125e+18 0.038142 0.465107 58.186122 330.181366 12.641869 55.682590 0.000000 24 6.493510e+13 0.000000e+00 0.000000e+00 0.000000e+00 146.144241 161.453979 0.078797 0.789177 0.000000 340.125916 -109.527412 77.840073 0.000000 0.000000 0.000000 0.000000 0.000000 218.369080 218.369080 0.516838 8.873259e+13 5.411259e+13 484.079285 447 -1 -1 24 10000000000.000000
115 27 2.165e+13 2.165e+13 558.751892 457.146606 216.074646 0.000000 181.630478 206.575974 250.198395 139.579910 16.851389 416.000580 -1.29079e+14 3.14555e+14 -5.80904e+14 4.2486e+17 0.0467967 0.478339 86.586656 139.579910 16.851389 416.000580 0.000000 27 2.164503e+13 1.082252e+13 1.082252e+13 0.000000e+00 216.074646 279.221466 0.094955 0.000000 0.000000 0.000000 0.000000 0.000000 0.000000 0.000000 0.000000 0.000000 0.000000 73.955711 73.955711 0.000000 1.047552e+14 1.082252e+13 216.074646 457 -1 -1 27 10000000000.000000
116 27 3.247e+13 3.247e+13 639.611267 487.474060 570.076355 98.691086 224.170151 182.702972 292.242401 -44.333076 289.682953 -23.105669 2.0618e+14 5.11919e+13 -2.98498e+14 -6.88253e+17 0.011765 0.384258 51.064020 -106.873032 307.034454 -9.595648 0.000000 27 3.246755e+13 1.082252e+13 0.000000e+00 0.000000e+00 294.518860 85.862160 0.026296 0.000000 0.000000 0.000000 0.000000 0.000000 0.000000 0.000000 0.000000 0.000000 0.000000 130.450348 130.450348 0.302251 1.267043e+14 2.164503e+13 495.443970 462 -1 -1 27 10000000000.000000
117 61 3.247e+13 3.247e+13 639.611267 507.889435 350.111542 94.678040 279.267365 200.106628 309.696564 45.872059 498.731445 -44.135777 1.87902e+14 -2.5365e+14 1.11477e+14 -1.3025e+18 0.0147886 0.283560 0.000000 45.872059 498.731445 -44.135777 0.000000 1 1.515152e+14 2.164503e+13 1.082252e+13 0.000000e+00 228.017975 0.000001 0.024027 0.000000 0.000000 0.000000 0.000000 0.000000 0.000000 0.000000 0.000000 0.000000 0.000000 99.829796 99.829796 0.066872 3.168921e+14 2.164503e+13 350.111542 475 -1 -1 61 10000000000.000000
118 47 1.299e+14 1.299e+14 1015.319580 748.773621 966.484741 269.938080 293.501923 233.450455 251.331451 427.638672 93.518028 147.035355 3.74706e+15 -7.00677e+15 -1.03247e+15 -3.09777e+19 0.053943 0.225522 95.588596 427.638672 93.518028 147.035355 95.588596 9 2.056278e+14 2.164503e+13 1.082252e+13 0.000000e+00 181.427444 52.925728 0.057055 0.473550 0.000000 21.211283 361.482269 53.878876 0.000000 0.000000 0.000000 0.000000 0.000000 276.767395 276.767395 0.122100 2.464745e+14 1.406927e+14 679.679443 477 -1 -1 47 10000000000.000000
119 51 1.948e+14 1.948e+14 1162.250732 860.213135 1098.437134 376.940552 316.940735 201.989914 275.192444 -1.855888 87.010788 -174.147232 -1.23624e+16 1.23028e+16 -1.00603e+16 -6.7187e+19 0.0724425 0.210101 94.112124 -1.855888 87.010788 -174.147232 94.112124 10 2.489179e+14 1.082252e+14 1.082252e+13 0.000000e+00 162.185104 110.392647 0.072942 0.328758 0.035255 254.796494 248.250549 330.375885 0.000000 0.000000 0.000000 0.000000 0.000000 304.967590 304.967590 0.170812 2.801996e+14 1.948053e+14 701.261047 479 -1 -1 51 10000000000.000000
120 64 1.190e+14 1.190e+14 986.294434 745.379822 894.030273 552.047363 319.672211 230.806824 249.811646 -83.649918 177.854645 125.698875 1.2991e+16 4.36992e+14 3.38238e+15 -1.21493e+19 0.0703886 0.244166 237.563371 -83.649918 177.854645 125.698875 237.563371 9 1.515152e+14 3.246755e+13 1.082252e+13 0.000000e+00 84.942482 0.000005 0.110566 0.529182 0.061731 -30.597666 -91.581902 309.164185 0.000000 0.000000 0.000000 0.000000 0.000000 214.617798 214.617798 0.587519 2.170599e+14 8.658013e+13 746.629700 481 -1 -1 64 10000000000.000000
121 26 5.411e+13 5.411e+13 758.343018 547.170166 754.119141 208.429581 282.212769 205.994339 294.673828 41.813095 118.630890 347.348114 -1.00877e+15 -1.21376e+15 8.15636e+14 -3.57985e+18 0.0362806 0.364097 64.433260 41.813095 118.630890 347.348114 0.000000 26 6.493510e+13 0.000000e+00 0.000000e+00 0.000000e+00 346.853027 118.830391 0.054423 0.462263 0.112711 134.120575 -86.366211 424.193542 0.000000 0.000000 0.000000 0.000000 0.000000 294.260864 294.260864 0.243531 1.321186e+14 6.493510e+13 610.408081 483 -1 -1 26 10000000000.000000
122 47 5.411e+13 5.411e+13 758.343018 604.786621 617.277527 180.276321 291.492218 248.838333 268.356598 231.054214 65.295784 220.936615 -3.61078e+13 1.57421e+14 -2.82491e+14 -5.82922e+18 0.00847992 0.293659 0.000000 231.054214 65.295784 220.936615 0.000000 3 1.731603e+14 4.329007e+13 2.164503e+13 0.000000e+00 337.124115 0.000008 0.009969 0.345466 0.046417 194.262421 -75.872452 187.031982 0.000000 0.000000 0.000000 0.000000 0.000000 115.426025 115.426025 0.127947 2.614535e+14 2.164503e+13 463.789642 492 -1 -1 47 10000000000.000000
123 28 3.247e+13 3.247e+13 639.611267 485.717346 574.207458 487.046143 300.127655 301.859619 317.863190 499.763885 307.536530 125.503624 1.06407e+15 3.09876e+15 -7.63105e+14 2.54132e+18 0.207578 0.382506 77.669582 499.763885 307.536530 125.503624 0.000000 28 3.246755e+13 0.000000e+00 0.000000e+00 0.000000e+00 394.447723 229.158798 0.241447 0.000000 0.000000 0.000000 0.000000 0.000000 0.000000 0.000000 0.000000 0.000000 0.000000 134.040268 134.040268 3.951845 1.338280e+14 1.082252e+13 567.645752 496 -1 -1 28 10000000000.000000
124 43 1.407e+14 1.407e+14 1042.773804 776.648376 898.353271 323.376984 305.311249 314.827942 311.857025 -38.384647 142.181320 284.379120 -5.35497e+15 -1.14011e+15 9.57539e+14 -3.68615e+19 0.0334154 0.218500 119.414862 -38.384647 142.181320 284.379120 119.414862 11 1.839828e+14 8.658013e+13 0.000000e+00 0.000000e+00 75.654320 0.000007 0.034635 0.242840 0.058346 468.578674 155.607178 139.272232 0.000000 0.000000 0.000000 0.000000 0.000000 257.264740 257.264740 0.168149 2.301445e+14 1.406927e+14 645.668945 498 -1 -1 64 10000000000.000000
125 21 1.082e+14 1.082e+14 955.452271 687.582520 955.135803 336.090973 304.778412 316.597595 315.583771 486.005554 -387.652771 -126.619637 2.3144e+14 7.51325e+14 -1.18287e+16 -1.74795e+19 0.0945693 0.293532 0.000000 486.005554 -387.652771 -126.619637 0.000000 3 1.515152e+14 3.246755e+13 0.000000e+00 0.000000e+00 107.584854 59.904461 0.114390 0.000000 0.000000 -154.418945 385.650635 158.355713 0.000000 0.000000 0.000000 0.000000 0.000000 423.424103 423.424103 0.232107 1.341697e+14 1.731603e+14 652.888550 499 498 -1 21 4.590310
